"Time (s)","Gyroscope x (rad/s)","Gyroscope y (rad/s)","Gyroscope z (rad/s)"
0.000000000E0,-1.447260737E0,-2.080223262E-1,4.234819710E-1
2.329844000E-3,-1.447260737E0,-2.080223262E-1,4.234819710E-1
4.676927000E-3,-1.447260737E0,-2.080223262E-1,4.234819710E-1
7.023281000E-3,-1.447260737E0,-2.080223262E-1,4.234819710E-1
9.370312000E-3,-1.447260737E0,-2.080223262E-1,4.234819710E-1
1.171822900E-2,-1.447260737E0,-2.080223262E-1,4.234819710E-1
1.406526000E-2,-1.447260737E0,-2.080223262E-1,4.234819710E-1
1.641156200E-2,-1.447260737E0,-2.080223262E-1,4.234819710E-1
1.875869800E-2,-1.447260737E0,-2.080223262E-1,4.234819710E-1
2.110656200E-2,-1.447260737E0,-2.080223262E-1,4.234819710E-1
2.345354100E-2,-1.447260737E0,-2.080223262E-1,4.234819710E-1
2.579989600E-2,-1.447260737E0,-2.080223262E-1,4.234819710E-1
2.814697900E-2,-1.447260737E0,-2.080223262E-1,4.234819710E-1
3.049484400E-2,-1.447260737E0,-2.080223262E-1,4.234819710E-1
3.284187500E-2,-1.447260737E0,-2.080223262E-1,4.234819710E-1
3.518817700E-2,-1.447260737E0,-2.080223262E-1,4.234819710E-1
3.753526000E-2,-1.447260737E0,-2.080223262E-1,4.234819710E-1
3.988317700E-2,-1.447260737E0,-2.080223262E-1,4.234819710E-1
4.223020800E-2,-1.447260737E0,-2.080223262E-1,4.234819710E-1
4.457651000E-2,-1.447260737E0,-2.080223262E-1,4.234819710E-1
4.692364600E-2,-1.447260737E0,-2.080223262E-1,4.234819710E-1
4.927145800E-2,-1.447260737E0,-2.080223262E-1,4.234819710E-1
5.161848900E-2,-1.447260737E0,-2.080223262E-1,4.234819710E-1
5.396479100E-2,-1.447260737E0,-2.080223262E-1,4.234819710E-1
5.631192700E-2,-1.447260737E0,-2.080223262E-1,4.234819710E-1
5.865979100E-2,-1.447260737E0,-2.080223262E-1,4.234819710E-1
6.100682300E-2,-1.447260737E0,-2.080223262E-1,4.234819710E-1
6.335312500E-2,-1.447260737E0,-2.080223262E-1,4.234819710E-1
6.570026000E-2,-1.447260737E0,-2.080223262E-1,4.234819710E-1
6.804812500E-2,-1.447260737E0,-2.080223262E-1,4.234819710E-1
7.039510400E-2,-1.447260737E0,-2.080223262E-1,4.234819710E-1
7.274145800E-2,-1.447260737E0,-2.080223262E-1,4.234819710E-1
7.508859400E-2,-1.447260737E0,-2.080223262E-1,4.234819710E-1
7.743640600E-2,-1.102733016E0,3.052773714E0,9.805905819E-1
7.978343700E-2,-1.146715283E0,3.130964279E0,9.170606136E-1
8.212973900E-2,-1.188254118E0,3.223815680E0,8.437568545E-1
8.447687500E-2,-1.227349401E0,3.311780214E0,7.643444538E-1
8.682473900E-2,-1.262779593E0,3.391192675E0,6.763799191E-1
8.917177100E-2,-1.288435936E0,3.437618494E0,5.908588767E-1
9.151807300E-2,-1.303096652E0,3.451057434E0,5.114464760E-1
9.386520800E-2,-1.294544578E0,3.430288076E0,4.381427169E-1
9.621302100E-2,-1.266444802E0,3.394857883E0,3.672824204E-1
9.856005200E-2,-1.212688684E0,3.356984377E0,3.074176610E-1
1.009064060E-1,-1.121058941E0,3.361871243E0,2.475529313E-1
1.032534370E-1,-9.939990640E-1,3.411962032E0,1.534797698E-1
1.056013540E-1,-8.962607384E-1,3.433953285E0,2.519816905E-2
1.079483850E-1,-8.400611877E-1,3.432731390E0,-8.109229803E-2
1.102946870E-1,-8.205134869E-1,3.350875616E0,-1.140789911E-1
1.126418230E-1,-8.510567546E-1,3.227480888E0,-1.128572598E-1
1.149896870E-1,-9.121431708E-1,3.052773714E0,-8.842267096E-2
1.173366660E-1,-1.002551079E0,2.837749243E0,-4.932732508E-2
1.196830210E-1,-1.105176568E0,2.600733757E0,7.635809015E-4
1.220301560E-1,-1.213910460E0,2.368605137E0,5.574140325E-2
1.243779690E-1,-1.315313935E0,2.145028591E0,1.156061441E-1
1.267250000E-1,-1.410608888E0,1.938556314E0,1.754708886E-1
1.290713020E-1,-1.488799572E0,1.763848901E0,2.365573645E-1
1.314184370E-1,-1.547442555E0,1.619684935E0,2.976438403E-1
1.337663020E-1,-1.588981390E0,1.493846774E0,3.660606742E-1
1.361133330E-1,-1.615859389E0,1.393664956E0,4.552469254E-1
1.384596350E-1,-1.632963657E0,1.303256989E0,5.395462513E-1
1.408067710E-1,-1.634185314E0,1.216514111E0,6.091848016E-1
1.431545830E-1,-1.625633240E0,1.119997501E0,6.641626358E-1
1.455016140E-1,-1.610972524E0,1.003933191E0,7.044796944E-1
1.478479690E-1,-1.596311688E0,8.732081652E-1,7.338012457E-1
1.501951040E-1,-1.582872748E0,7.204920053E-1,7.557923198E-1
1.525429160E-1,-1.565768480E0,5.604454279E-1,7.704530954E-1
1.548899480E-1,-1.547442555E0,3.881815970E-1,7.802269459E-1
1.572362500E-1,-1.530338407E0,2.159177661E-1,7.838921547E-1
1.595833850E-1,-1.512012362E0,5.709294602E-2,7.936659455E-1
1.619312500E-1,-1.496129870E0,-9.440150112E-2,8.022180796E-1
1.642782810E-1,-1.459478021E0,-2.581132650E-1,7.912225127E-1
1.666245830E-1,-1.424047947E0,-3.815079331E-1,7.692313790E-1
1.689717190E-1,-1.408165455E0,-3.998338878E-1,7.362446785E-1
1.713195310E-1,-1.397169828E0,-3.619602621E-1,6.947059035E-1
1.736665620E-1,-1.388617754E0,-3.020955324E-1,6.580539942E-1
1.760128640E-1,-1.387395978E0,-2.202396393E-1,6.421715021E-1
1.783600000E-1,-1.380065680E0,-1.371620297E-1,6.336194277E-1
1.807078640E-1,-1.366626620E0,-6.019308418E-2,6.348411441E-1
1.830548960E-1,-1.351965904E0,1.066722535E-2,6.482801437E-1
1.854011980E-1,-1.337305069E0,6.564505398E-2,6.727147698E-1
1.877483330E-1,-1.316535711E0,9.985347837E-2,7.069231868E-1
1.900961460E-1,-1.296988010E0,1.096273139E-1,7.496836782E-1
1.924431770E-1,-1.265223026E0,9.741001576E-2,7.961094379E-1
1.947895310E-1,-1.232236385E0,7.053196430E-2,8.449785709E-1
1.971365620E-1,-1.191919327E0,4.243219271E-2,8.938477635E-1
1.994844790E-1,-1.139384985E0,1.677587256E-2,9.451603889E-1
2.018315100E-1,-1.080741882E0,8.933898062E-4,9.952513576E-1
2.041778120E-1,-1.015990138E0,-1.550069079E-3,1.040455341E0
2.065249480E-1,-9.426864386E-1,1.188895479E-2,1.080772400E0
2.088728120E-1,-8.693826795E-1,5.464948341E-2,1.112537384E0
2.112197910E-1,-7.911919951E-1,1.194011495E-1,1.138193727E0
2.135661460E-1,-7.203316689E-1,2.195829749E-1,1.158963084E0
2.159132810E-1,-6.543582678E-1,3.417558968E-1,1.167515278E0
2.182610940E-1,-5.920500755E-1,4.761461318E-1,1.162628293E0
2.206081250E-1,-5.419591665E-1,6.178667545E-1,1.150411010E0
2.229544270E-1,-5.004203916E-1,7.705829144E-1,1.132085085E0
2.253015620E-1,-4.637684822E-1,9.196339250E-1,1.111315727E0
2.276494270E-1,-4.307817817E-1,1.065019727E0,1.090546250E0
2.299964580E-1,-4.002385736E-1,1.211627245E0,1.068555117E0
2.323427600E-1,-3.709170520E-1,1.349682689E0,1.047785759E0
2.346898960E-1,-3.440389931E-1,1.486516356E0,1.025794625E0
2.370377080E-1,-3.183826804E-1,1.618463159E0,1.003803492E0
2.393847390E-1,-2.939481139E-1,1.735749125E0,9.805905819E-1
2.417310940E-1,-2.756221592E-1,1.840817928E0,9.537125230E-1
2.440781250E-1,-2.536310256E-1,1.923895478E0,9.268344641E-1
2.464260410E-1,-2.426354736E-1,1.987425447E0,8.962912560E-1
2.487730730E-1,-2.340833694E-1,2.020412207E0,8.620828390E-1
2.511193750E-1,-2.279747277E-1,2.032629490E0,8.254309297E-1
2.534665100E-1,-2.304181904E-1,2.019190550E0,7.838921547E-1
2.558143230E-1,-2.377485484E-1,1.998421073E0,7.399098873E-1
2.581613540E-1,-2.401920110E-1,1.954438806E0,6.910406947E-1
2.605077080E-1,-2.450789362E-1,1.897017479E0,6.385063529E-1
2.628548440E-1,-2.487441152E-1,1.821270227E0,5.786415935E-1
2.652026560E-1,-2.524093091E-1,1.739414334E0,5.175551176E-1
2.675496870E-1,-2.524093091E-1,1.646562934E0,4.540252090E-1
2.698959890E-1,-2.560744882E-1,1.553711534E0,3.892735541E-1
2.722431250E-1,-2.524093091E-1,1.457194924E0,3.220784366E-1
2.745909890E-1,-2.511875629E-1,1.361899972E0,2.536615729E-1
2.769380210E-1,-2.499658614E-1,1.261718154E0,1.852447242E-1
2.792843230E-1,-2.463006526E-1,1.165201545E0,1.119409576E-1
2.816314580E-1,-2.438572198E-1,1.066241503E0,3.619373217E-2
2.839792710E-1,-2.463006526E-1,9.721682668E-1,-3.466657177E-2
2.863263020E-1,-2.548527718E-1,8.842037320E-1,-9.941823781E-2
2.886726040E-1,-2.646265924E-1,8.047913313E-1,-1.629481614E-1
2.910197390E-1,-2.707352340E-1,7.375962138E-1,-2.228129059E-1
2.933676040E-1,-2.768438756E-1,6.862835884E-1,-2.826776505E-1
2.957146350E-1,-2.744004130E-1,6.471882463E-1,-3.425423801E-1
2.980609370E-1,-2.707352340E-1,6.142015457E-1,-4.048506021E-1
3.004080730E-1,-2.585179508E-1,5.861017704E-1,-4.720457196E-1
3.027558850E-1,-2.450789362E-1,5.604454279E-1,-5.392408371E-1
3.051029160E-1,-2.243095487E-1,5.299022198E-1,-6.052142382E-1
3.074492710E-1,-1.998749524E-1,4.981372356E-1,-6.711876392E-1
3.097964060E-1,-1.729968935E-1,4.602636397E-1,-7.310523987E-1
3.121442190E-1,-1.424536407E-1,4.223900437E-1,-7.884736657E-1
3.144912500E-1,-1.094669551E-1,3.771860301E-1,-8.422297835E-1
3.168375520E-1,-7.403679937E-2,3.307603300E-1,-8.898772001E-1
3.191846870E-1,-3.738491237E-2,2.855563164E-1,-9.363029003E-1
3.215325520E-1,2.932153642E-3,2.476827502E-1,-9.790634513E-1
3.238795830E-1,4.202749580E-2,2.232481539E-1,-1.014493585E0
3.262258850E-1,7.867938280E-2,2.012570202E-1,-1.046258569E0
3.285730210E-1,1.202181801E-1,1.768224239E-1,-1.069471359E0
3.309208330E-1,1.605352312E-1,1.536095738E-1,-1.084132075E0
3.332678640E-1,2.045174986E-1,1.340619028E-1,-1.096349478E0
3.356141660E-1,2.533867061E-1,1.022969410E-1,-1.104901552E0
3.379613020E-1,3.095862567E-1,6.686678529E-2,-1.107344985E0
3.403091660E-1,3.767813742E-1,1.799760386E-2,-1.101236343E0
3.426561980E-1,4.451982081E-1,-4.431059957E-2,-1.091462493E0
3.450025000E-1,5.197237134E-1,-1.298316717E-1,-1.074358344E0
3.473496350E-1,5.979143977E-1,-2.312352061E-1,-1.052367210E0
3.496974480E-1,6.736616492E-1,-3.399691582E-1,-1.023045659E0
3.520444790E-1,7.591826916E-1,-4.572551847E-1,-9.863938093E-1
3.543908330E-1,8.434820175E-1,-5.769846439E-1,-9.509636760E-1
3.567379690E-1,9.265596271E-1,-6.954923868E-1,-9.130900502E-1
3.590857810E-1,1.005972028E0,-8.042263389E-1,-8.764382005E-1
3.614328120E-1,1.093936443E0,-9.117385149E-1,-8.410080075E-1
3.637791140E-1,1.178235769E0,-1.007033348E0,-8.129082322E-1
3.661262500E-1,1.263756871E0,-1.091332793E0,-7.884736657E-1
3.684741140E-1,1.352943182E0,-1.162193060E0,-7.677042484E-1
3.708211460E-1,1.443351150E0,-1.209840536E0,-7.518217564E-1
3.731674480E-1,1.532537341E0,-1.239161968E0,-7.383827567E-1
3.755145830E-1,1.621723652E0,-1.261153102E0,-7.286089063E-1
3.778623960E-1,1.702357769E0,-1.268483520E0,-7.188351154E-1
3.802094270E-1,1.775661469E0,-1.269705296E0,-7.066177726E-1
3.825557290E-1,1.846521854E0,-1.266040087E0,-6.968439817E-1
3.849028640E-1,1.916160345E0,-1.257488012E0,-6.870701313E-1
3.872507290E-1,1.978468657E0,-1.241605520E0,-6.785179973E-1
3.895977600E-1,2.039555311E0,-1.231831670E0,-6.699659228E-1
3.919440620E-1,2.094532967E0,-1.225723028E0,-6.626355052E-1
3.942911980E-1,2.147067308E0,-1.237940311E0,-6.565268636E-1
3.966390100E-1,2.192271471E0,-1.237940311E0,-6.553051472E-1
3.989860410E-1,2.238697052E0,-1.226944685E0,-6.540834308E-1
4.013323960E-1,2.288788080E0,-1.209840536E0,-6.504182220E-1
4.036794270E-1,2.337657213E0,-1.200066686E0,-6.479747891E-1
4.060273440E-1,2.377974272E0,-1.201288342E0,-6.516399980E-1
4.083743750E-1,2.421956539E0,-1.228166461E0,-6.601920724E-1
4.107206770E-1,2.462273598E0,-1.262374878E0,-6.809614897E-1
4.130678120E-1,2.506255865E0,-1.299026728E0,-7.066177726E-1
4.154156770E-1,2.555124998E0,-1.334456921E0,-7.347175479E-1
4.177627080E-1,2.597885609E0,-1.374773979E0,-7.774780989E-1
4.201090100E-1,2.635759115E0,-1.437082171E0,-8.300124407E-1
4.224561460E-1,2.684628248E0,-1.503055573E0,-8.837685585E-1
4.248039580E-1,2.742049694E0,-1.577581048E0,-9.265291095E-1
4.271509890E-1,2.795805693E0,-1.656993508E0,-9.644027352E-1
4.294972910E-1,2.831235886E0,-1.718079925E0,-9.912807345E-1
4.318444270E-1,2.838566303E0,-1.752288342E0,-1.007163167E0
4.341922910E-1,2.816575050E0,-1.786496758E0,-1.008384943E0
4.365393230E-1,2.773814678E0,-1.806044459E0,-9.925025105E-1
4.388856250E-1,2.722501993E0,-1.788940310E0,-9.692896008E-1
4.412327600E-1,2.673632860E0,-1.737627625E0,-9.387463927E-1
4.435805730E-1,2.634537458E0,-1.659436941E0,-8.874337673E-1
4.459276040E-1,2.602772474E0,-1.551924706E0,-8.226820827E-1
4.482739580E-1,2.577116251E0,-1.432195306E0,-7.481566072E-1
4.506209890E-1,2.552681446E0,-1.327126503E0,-6.687442064E-1
4.529689060E-1,2.522138357E0,-1.252601027E0,-5.832231045E-1
4.553159370E-1,2.494038582E0,-1.204953551E0,-4.940368533E-1
4.576622390E-1,2.464717150E0,-1.159749627E0,-4.036288559E-1
4.600093750E-1,2.446391106E0,-1.131649852E0,-3.132208884E-1
4.623572390E-1,2.436617374E0,-1.115767360E0,-2.313650101E-1
4.647042190E-1,2.432952166E0,-1.112102151E0,-1.763871908E-1
4.670505730E-1,2.429286957E0,-1.113323927E0,-1.531743258E-1
4.693977080E-1,2.436617374E0,-1.116989017E0,-1.629481614E-1
4.717455210E-1,2.450056314E0,-1.109658718E0,-1.910479367E-1
4.740925520E-1,2.478156090E0,-1.081558943E0,-2.276998162E-1
4.764388540E-1,2.517251492E0,-1.043685317E0,-2.643516958E-1
4.787859890E-1,2.561233759E0,-1.007033348E0,-2.973383963E-1
4.811338540E-1,2.602772474E0,-9.740467072E-1,-3.205512464E-1
4.834808850E-1,2.640645981E0,-9.520555735E-1,-3.352120221E-1
4.858271870E-1,2.684628248E0,-9.435034990E-1,-3.437641263E-1
4.881743230E-1,2.729832411E0,-9.544990659E-1,-3.510944843E-1
4.905221350E-1,2.775036335E0,-9.654946327E-1,-3.547596931E-1
4.928691660E-1,2.830014229E0,-9.581642151E-1,-3.462075889E-1
4.952155210E-1,2.872774601E0,-9.862639904E-1,-3.681987226E-1
4.975625520E-1,2.882548571E0,-1.068119884E0,-4.134027064E-1
4.999104690E-1,2.881326675E0,-1.182962418E0,-4.573849440E-1
5.022575000E-1,2.878883362E0,-1.291696429E0,-4.940368533E-1
5.046038020E-1,2.883770227E0,-1.400430322E0,-5.184714794E-1
5.069509370E-1,2.878883362E0,-1.510385990E0,-5.441277623E-1
5.092988020E-1,2.878883362E0,-1.654550076E0,-5.673406124E-1
5.116457810E-1,2.870331287E0,-1.799935818E0,-5.893317461E-1
5.139921350E-1,2.865444183E0,-1.951430321E0,-6.064359546E-1
5.163392710E-1,2.864222527E0,-2.112698555E0,-6.149880886E-1
5.186870830E-1,2.864222527E0,-2.286184072E0,-6.162098050E-1
5.210341140E-1,2.861779213E0,-2.474330425E0,-6.064359546E-1
5.233804160E-1,2.860557318E0,-2.677137375E0,-5.942186713E-1
5.257275520E-1,2.853226900E0,-2.892161846E0,-5.966621637E-1
5.280754160E-1,2.852005243E0,-3.105964422E0,-6.113228798E-1
5.304224480E-1,2.863000870E0,-3.289223909E0,-6.394226551E-1
5.327687500E-1,2.878883362E0,-3.446826935E0,-6.858484149E-1
5.351158850E-1,2.892322302E0,-3.581217289E0,-7.493783236E-1
5.374636980E-1,2.897209167E0,-3.683842421E0,-8.239037991E-1
5.398107290E-1,2.897209167E0,-3.779137373E0,-9.008727670E-1
5.421570830E-1,2.892322302E0,-3.859771490E0,-9.729548097E-1
5.445041140E-1,2.880105019E0,-3.918414593E0,-1.045036793E0
5.468520310E-1,2.850783587E0,-3.941627502E0,-1.117118835E0
5.491990620E-1,2.804357767E0,-3.936740398E0,-1.185535669E0
5.515453640E-1,2.738384485E0,-3.902532101E0,-1.267391562E0
5.538925000E-1,2.658972025E0,-3.834115267E0,-1.356577754E0
5.562403640E-1,2.558790207E0,-3.714385748E0,-1.439655423E0
5.585873960E-1,2.434173822E0,-3.551895618E0,-1.508072257E0
5.609336980E-1,2.283900976E0,-3.344201803E0,-1.566715240E0
5.632808330E-1,2.116524220E0,-3.098634005E0,-1.608254075E0
5.656286460E-1,1.946703672E0,-2.853066444E0,-1.627801776E0
5.679756770E-1,1.784213662E0,-2.630711794E0,-1.621693134E0
5.703219790E-1,1.624167085E0,-2.442565441E0,-1.598480225E0
5.726691140E-1,1.466563940E0,-2.278853655E0,-1.554497957E0
5.750169790E-1,1.312626004E0,-2.131024361E0,-1.492189765E0
5.773640100E-1,1.157466412E0,-1.990525603E0,-1.412777305E0
5.797103120E-1,1.007193685E0,-1.851248503E0,-1.317482471E0
5.820574480E-1,8.654731512E-1,-1.725410342E0,-1.213635445E0
5.844052600E-1,7.298611999E-1,-1.603237391E0,-1.102458119E0
5.867522910E-1,6.040230393E-1,-1.492060065E0,-9.888373017E-1
5.890985940E-1,4.904021919E-1,-1.399208546E0,-8.739947081E-1
5.914457290E-1,3.926638365E-1,-1.329569936E0,-7.628173232E-1
5.937935940E-1,3.010341525E-1,-1.284366012E0,-6.626355052E-1
5.961406250E-1,2.301738113E-1,-1.286809444E0,-5.783361793E-1
5.984869270E-1,1.703090817E-1,-1.314909220E0,-5.245801210E-1
6.008340620E-1,1.165530011E-1,-1.352782845E0,-5.074759126E-1
6.031819270E-1,7.379246503E-2,-1.386991262E0,-5.123628378E-1
6.055289060E-1,4.202749580E-2,-1.415091038E0,-5.282452703E-1
6.078752600E-1,1.270598732E-2,-1.426086664E0,-5.453494787E-1
6.102223960E-1,-6.841683760E-3,-1.429751754E0,-5.624537468E-1
6.125702080E-1,-2.516762353E-2,-1.424864888E0,-5.771144629E-1
6.149172390E-1,-3.982837498E-2,-1.407760620E0,-5.844448209E-1
6.172635410E-1,-4.593702406E-2,-1.385769486E0,-5.856665969E-1
6.196106770E-1,-4.593702406E-2,-1.349117637E0,-5.807796717E-1
6.219585410E-1,-4.105010629E-2,-1.310022354E0,-5.685623884E-1
6.243055730E-1,-2.883281000E-2,-1.253822803E0,-5.526798964E-1
6.266518750E-1,-1.295032911E-2,-1.181740761E0,-5.331321955E-1
6.289990100E-1,1.270598732E-2,-1.114545584E0,-5.148062706E-1
6.313468230E-1,4.935787618E-2,-1.047350526E0,-5.001454949E-1
6.336938540E-1,8.723148704E-2,-9.752684832E-1,-4.879281819E-1
6.360401560E-1,1.263268143E-1,-9.007429481E-1,-4.781543612E-1
6.383872910E-1,1.727525443E-1,-8.274391890E-1,-4.659370482E-1
6.407351560E-1,2.240651697E-1,-7.504702210E-1,-4.537197649E-1
6.430821870E-1,2.692691684E-1,-6.637274623E-1,-4.439459443E-1
6.454284890E-1,3.205818236E-1,-5.916454196E-1,-4.280634522E-1
6.477756250E-1,3.682292700E-1,-5.183416605E-1,-4.121809602E-1
6.501234370E-1,4.146549702E-1,-4.523682594E-1,-3.962984979E-1
6.524704690E-1,4.561937749E-1,-3.937252462E-1,-3.779725432E-1
6.548168230E-1,4.965108931E-1,-3.387474120E-1,-3.633117974E-1
6.571639580E-1,5.307192802E-1,-2.886565030E-1,-3.498727679E-1
6.595117710E-1,5.624842644E-1,-2.422307730E-1,-3.352120221E-1
6.618588020E-1,5.869188309E-1,-1.933615804E-1,-3.217729926E-1
6.642051040E-1,6.064664721E-1,-1.457141340E-1,-3.022253215E-1
6.665522390E-1,6.223489642E-1,-1.029536054E-1,-2.814559042E-1
6.689001040E-1,6.321228147E-1,-6.385827065E-2,-2.594648004E-1
6.712471350E-1,6.418966651E-1,-3.698022291E-2,-2.350302041E-1
6.735934370E-1,6.370097399E-1,-2.771798521E-3,-2.130390704E-1
6.759405730E-1,6.284576058E-1,1.188895479E-2,-1.922696680E-1
6.782883850E-1,6.113533974E-1,2.654970810E-2,-1.715002656E-1
6.806354160E-1,5.905840397E-1,3.998873010E-2,-1.434004903E-1
6.829817190E-1,5.649276972E-1,4.609737918E-2,-1.153007224E-1
6.853288540E-1,5.307192802E-1,4.976256564E-2,-8.231402189E-2
6.876767190E-1,4.916239679E-1,3.754527494E-2,-4.199695215E-2
6.900237500E-1,4.439764917E-1,2.532797679E-2,7.635809015E-4
6.923700520E-1,3.999942243E-1,-1.550069079E-3,5.085448548E-2
6.947171870E-1,3.376860321E-1,-1.621082425E-2,9.972365946E-2
6.970650000E-1,2.753778398E-1,-2.720638737E-2,1.461493820E-1
6.994120310E-1,2.094044238E-1,-3.209330514E-2,1.962402910E-1
7.017583850E-1,1.385441273E-1,-3.698022291E-2,2.414442897E-1
7.041054160E-1,6.768381596E-2,-3.453676403E-2,2.878699899E-1
7.064533330E-1,-7.330346853E-4,-2.720638737E-2,3.306305408E-1
7.088003640E-1,-7.648025453E-2,-1.254563406E-2,3.758345246E-1
7.111466660E-1,-1.510057598E-1,3.336848691E-3,4.149298668E-1
7.134938020E-1,-2.304181904E-1,3.143662587E-2,4.491382837E-1
7.158416660E-1,-3.086088598E-1,6.442332268E-2,4.784598053E-1
7.181886980E-1,-3.965733647E-1,1.157359555E-1,4.980074465E-1
7.205350000E-1,-4.857596159E-1,1.694920659E-1,5.126681924E-1
7.228821350E-1,-5.749458671E-1,2.269133329E-1,5.248854756E-1
7.252299480E-1,-6.812363267E-1,3.087691963E-1,5.334376097E-1
7.275769790E-1,-7.924137115E-1,3.942902386E-1,5.395462513E-1
7.299232810E-1,-8.950389624E-1,4.724809229E-1,5.517635345E-1
7.322704160E-1,-1.000107646E0,5.555585623E-1,5.603156686E-1
7.346182810E-1,-1.099067807E0,6.386361122E-1,5.652025342E-1
7.369653120E-1,-1.183367133E0,7.253789306E-1,5.639808178E-1
7.393116140E-1,-1.250562310E0,8.145651817E-1,5.615373850E-1
7.416587500E-1,-1.300653219E0,9.159687161E-1,5.505418181E-1
7.440065620E-1,-1.323866129E0,1.012485385E0,5.358810425E-1
7.463535940E-1,-1.320200920E0,1.115110636E0,5.175551176E-1
7.486998960E-1,-1.285992503E0,1.211627245E0,4.906770885E-1
7.510470310E-1,-1.226127744E0,1.306922197E0,4.528034627E-1
7.533948960E-1,-1.136941433E0,1.391221523E0,4.075994790E-1
7.557419270E-1,-1.015990138E0,1.449864507E0,3.575085700E-1
7.580882290E-1,-8.657174706E-1,1.475520849E0,3.049742281E-1
7.604353640E-1,-6.958971024E-1,1.453529716E0,2.487746477E-1
7.627831770E-1,-5.065290332E-1,1.364343405E0,1.828012764E-1
7.651303120E-1,-3.122740388E-1,1.196966529E0,1.058323085E-1
7.674765620E-1,-1.180190593E-1,9.269642830E-1,1.542433444E-2
7.698236980E-1,6.279689819E-2,5.580019951E-1,-8.964440227E-2
7.721715100E-1,2.277303785E-1,9.374482185E-2,-1.996000409E-1
7.745185410E-1,3.755596280E-1,-4.401509464E-1,-3.132208884E-1
7.768648440E-1,5.013977289E-1,-1.007033348E0,-4.243982732E-1
7.792119790E-1,6.113533974E-1,-1.593463540E0,-5.221366286E-1
7.815598440E-1,7.054265738E-1,-2.165232897E0,-6.015490890E-1
7.839068750E-1,7.799521089E-1,-2.696685076E0,-6.687442064E-1
7.862531770E-1,8.251560926E-1,-3.169494390E0,-7.249437571E-1
7.886003120E-1,8.471472263E-1,-3.582438946E0,-7.738128901E-1
7.909481250E-1,8.471472263E-1,-3.922079802E0,-8.239037991E-1
7.932951560E-1,8.337081671E-1,-4.184751987E0,-8.727729917E-1
7.956414580E-1,7.982780337E-1,-4.369233131E0,-9.228639007E-1
7.979885940E-1,7.494088411E-1,-4.466971397E0,-9.680678844E-1
8.003364580E-1,6.871006489E-1,-4.466971397E0,-1.010828376E0
8.026834890E-1,6.137968898E-1,-4.370454788E0,-1.042593360E0
8.050297910E-1,5.380496383E-1,-4.181086540E0,-1.062140942E0
8.073769270E-1,4.574155211E-1,-3.923301458E0,-1.073136568E0
8.097247390E-1,3.780030906E-1,-3.611760378E0,-1.079245210E0
8.120717710E-1,2.973689437E-1,-3.244019985E0,-1.079245210E0
8.144181250E-1,2.203999907E-1,-2.833518744E0,-1.074358344E0
8.167652600E-1,1.470962316E-1,-2.391252756E0,-1.065806150E0
8.191130730E-1,7.745765150E-2,-1.936769485E0,-1.056032300E0
8.214601040E-1,1.270598732E-2,-1.473734021E0,-1.048702002E0
8.238064060E-1,-4.227183759E-2,-1.036354899E0,-1.047480226E0
8.261535410E-1,-8.869755268E-2,-6.368494034E-1,-1.051145434E0
8.285014060E-1,-1.241277009E-1,-2.910999656E-1,-1.051145434E0
8.308484370E-1,-1.400101930E-1,8.933898062E-4,-1.043815017E0
8.331947390E-1,-1.387884617E-1,2.305785418E-1,-1.029154301E0
8.355418750E-1,-1.277928948E-1,3.991771638E-1,-1.005941391E0
8.378896870E-1,-1.021365821E-1,5.018024445E-1,-9.778417349E-1
8.402367190E-1,-7.037161291E-2,5.445629954E-1,-9.424116015E-1
8.425830210E-1,-3.371972591E-2,5.189066529E-1,-8.935424089E-1
8.449301560E-1,4.153883085E-3,4.284986854E-1,-8.324559331E-1
8.472780210E-1,3.225366026E-2,2.928867042E-1,-7.677042484E-1
8.496250520E-1,5.057960004E-2,1.145142242E-1,-6.968439817E-1
8.519713540E-1,5.546652526E-2,-8.584939688E-2,-6.186532974E-1
8.543184890E-1,4.935787618E-2,-3.082041740E-1,-5.392408371E-1
8.566663540E-1,3.225366026E-2,-5.427762270E-1,-4.622718692E-1
8.590133330E-1,1.392771862E-2,-7.932307720E-1,-3.840811849E-1
8.613596870E-1,-2.883281000E-2,-1.008255124E0,-3.217729926E-1
8.637067190E-1,-6.792815030E-2,-1.206175327E0,-2.655734420E-1
8.660546350E-1,-1.119104177E-1,-1.374773979E0,-2.264780998E-1
8.684016660E-1,-1.546709388E-1,-1.483507872E0,-2.142608017E-1
8.707479690E-1,-1.974314898E-1,-1.516494632E0,-2.313650101E-1
8.730951040E-1,-2.414137572E-1,-1.484729648E0,-2.680169046E-1
8.754429690E-1,-2.792873383E-1,-1.406538963E0,-3.156643510E-1
8.777900000E-1,-3.000567555E-1,-1.290474653E0,-3.645335138E-1
8.801363020E-1,-3.220478892E-1,-1.123097658E0,-4.170678854E-1
8.824834370E-1,-3.379303515E-1,-9.166254401E-1,-4.659370482E-1
8.848312500E-1,-3.477042019E-1,-6.649491787E-1,-5.123628378E-1
8.871782810E-1,-3.550345600E-1,-3.717341125E-1,-5.563450456E-1
8.895245830E-1,-3.635866642E-1,-4.675405473E-2,-5.991055965E-1
8.918717190E-1,-3.648084104E-1,2.953301668E-1,-6.430878639E-1
8.942195830E-1,-3.648084104E-1,6.300840378E-1,-6.797397733E-1
8.965666140E-1,-3.623649478E-1,9.306294918E-1,-7.102829814E-1
8.989129160E-1,-3.452607393E-1,1.160314560E0,-7.249437571E-1
9.012600520E-1,-3.171609640E-1,1.315474272E0,-7.225002646E-1
9.036078640E-1,-2.719569802E-1,1.397330165E0,-7.005091310E-1
9.059548960E-1,-2.182008773E-1,1.426651597E0,-6.663007140E-1
9.083012500E-1,-1.668882519E-1,1.419321299E0,-6.369792223E-1
9.106482810E-1,-1.131321490E-1,1.379004240E0,-6.015490890E-1
9.129961980E-1,-6.792815030E-2,1.331356764E0,-5.563450456E-1
9.153432290E-1,-4.227183759E-2,1.293483138E0,-4.928151071E-1
9.176895310E-1,-2.761108242E-2,1.254387736E0,-4.024071395E-1
9.200366660E-1,-3.005454130E-2,1.215292454E0,-2.838993669E-1
9.223845310E-1,-5.448912829E-2,1.190857887E0,-1.409570277E-1
9.247315620E-1,-1.082452238E-1,1.172531962E0,2.641989663E-2
9.270778640E-1,-1.839924604E-1,1.155427694E0,2.072358578E-1
9.294250000E-1,-2.719569802E-1,1.126106143E0,3.978256583E-1
9.317728120E-1,-3.855777979E-1,1.091897726E0,5.835285187E-1
9.341198440E-1,-5.150811076E-1,1.041806817E0,7.631227374E-1
9.364661460E-1,-6.506931186E-1,9.733899832E-1,9.243910313E-1
9.388132810E-1,-7.997440696E-1,8.915341496E-1,1.079550743E0
9.411611460E-1,-9.524602890E-1,7.974609733E-1,1.221271276E0
9.435081770E-1,-1.096624374E0,6.997225881E-1,1.358105063E0
9.458544790E-1,-1.232236385E0,6.117581129E-1,1.496160507E0
9.482016140E-1,-1.359296203E0,5.323456526E-1,1.636659384E0
9.505494270E-1,-1.471695304E0,4.724809229E-1,1.784488559E0
9.528964580E-1,-1.560881615E0,4.199465811E-1,1.938426495E0
9.552427600E-1,-1.623189807E0,3.869598806E-1,2.098473072E0
9.575898960E-1,-1.651289582E0,3.820729554E-1,2.267071724E0
9.599377600E-1,-1.635407090E0,4.236117601E-1,2.429561853E0
9.622847910E-1,-1.573098898E0,5.140197277E-1,2.566395521E0
9.646310940E-1,-1.481469154E0,6.459665298E-1,2.656803370E0
9.669782290E-1,-1.369070053E0,7.815784812E-1,2.689790010E0
9.693260410E-1,-1.245675445E0,9.123035073E-1,2.658025265E0
9.716730730E-1,-1.118615508E0,1.027146101E0,2.571282387E0
9.740194270E-1,-9.976642728E-1,1.124884486E0,2.440557241E0
9.763665620E-1,-8.962607384E-1,1.198188186E0,2.276845455E0
9.787143750E-1,-8.156265616E-1,1.250722647E0,2.089920998E0
9.810614060E-1,-7.520966530E-1,1.283709288E0,1.885892153E0
9.834077080E-1,-7.068926692E-1,1.286152720E0,1.674532890E0
9.857548440E-1,-6.849015355E-1,1.243392229E0,1.468060732E0
9.881027080E-1,-6.824580431E-1,1.154205918E0,1.275027394E0
9.904497390E-1,-7.081143856E-1,1.012485385E0,1.125976443E0
9.927960410E-1,-7.643139362E-1,8.133434653E-1,1.035568476E0
9.951431770E-1,-8.449480534E-1,5.836583376E-1,9.976947904E-1
9.974909890E-1,-9.390212297E-1,3.454210758E-1,9.952513576E-1
9.998380210E-1,-1.040424824E0,1.120707765E-1,9.989165664E-1
1.002184323E0,-1.140606642E0,-1.139491722E-1,9.928078651E-1
1.004531458E0,-1.233458042E0,-3.228649199E-1,9.818122983E-1
1.006879323E0,-1.310427070E0,-5.134547353E-1,9.573777318E-1
1.009226354E0,-1.378843904E0,-6.588405371E-1,9.219475389E-1
1.011572656E0,-1.432600021E0,-7.712396383E-1,8.828521967E-1
1.013919791E0,-1.472917080E0,-8.445433974E-1,8.352047801E-1
1.016267604E0,-1.503460288E0,-8.909690976E-1,7.900007963E-1
1.018614635E0,-1.521786213E0,-9.166254401E-1,7.435750365E-1
1.020960989E0,-1.524229765E0,-9.190688729E-1,7.044796944E-1
1.023308021E0,-1.521786213E0,-9.044081569E-1,6.714929938E-1
1.025655937E0,-1.518121004E0,-8.836387396E-1,6.470584273E-1
1.028002969E0,-1.509568930E0,-8.592041731E-1,6.287325025E-1
1.030349271E0,-1.492464781E0,-8.359913230E-1,6.177369356E-1
1.032696406E0,-1.477803946E0,-8.054480553E-1,6.104065180E-1
1.035044271E0,-1.461921453E0,-7.761265635E-1,6.055196524E-1
1.037391302E0,-1.442373872E0,-7.468050718E-1,6.042978764E-1
1.039737604E0,-1.421604395E0,-7.199270129E-1,6.104065180E-1
1.042084739E0,-1.397169828E0,-6.857185960E-1,6.189586520E-1
1.044432552E0,-1.373957038E0,-6.466232538E-1,6.311759353E-1
1.046779583E0,-1.339748502E0,-6.087496281E-1,6.446149945E-1
1.049125885E0,-1.315313935E0,-5.672107935E-1,6.617192030E-1
1.051473021E0,-1.290879369E0,-5.256720185E-1,6.776016355E-1
1.053820885E0,-1.265223026E0,-4.792462885E-1,6.947059035E-1
1.056167916E0,-1.237123251E0,-4.206032753E-1,7.118101120E-1
1.058514219E0,-1.193140984E0,-3.497429788E-1,7.447968125E-1
1.060861354E0,-1.143050075E0,-2.422307730E-1,7.912225127E-1
1.063209166E0,-1.100289583E0,-1.078405306E-1,8.376482129E-1
1.065556198E0,-1.058750749E0,3.143662587E-2,8.889608383E-1
1.067902500E0,-1.019655347E0,1.731572449E-1,9.427169561E-1
1.070249635E0,-9.842252135E-1,3.234299421E-1,1.005025268E0
1.072597500E0,-9.512385130E-1,4.846982360E-1,1.067333460E0
1.074944531E0,-9.280256629E-1,6.520751715E-1,1.133306861E0
1.077290833E0,-9.072563052E-1,8.231172562E-1,1.213940978E0
1.079637969E0,-8.938172460E-1,1.012485385E0,1.306792378E0
1.081985781E0,-8.815999627E-1,1.188414335E0,1.399643779E0
1.084332812E0,-8.730478287E-1,1.342352271E0,1.479056239E0
1.086679166E0,-8.742696047E-1,1.509729266E0,1.541364431E0
1.089026302E0,-8.791565299E-1,1.678327918E0,1.581681490E0
1.091374114E0,-8.962607384E-1,1.850591779E0,1.601229191E0
1.093721146E0,-9.255822301E-1,2.016746998E0,1.603672624E0
1.096067448E0,-9.475733638E-1,2.140141726E0,1.596342325E0
1.098414583E0,-9.744513631E-1,2.250097513E0,1.597563982E0
1.100762448E0,-9.768949151E-1,2.352722645E0,1.613446474E0
1.103109479E0,-9.683427215E-1,2.455348015E0,1.626885533E0
1.105455781E0,-9.524602890E-1,2.554307938E0,1.646433115E0
1.107802916E0,-9.268039465E-1,2.661820173E0,1.668424249E0
1.110150729E0,-8.864868879E-1,2.758336782E0,1.691637158E0
1.112497760E0,-8.620522618E-1,2.873179436E0,1.702632785E0
1.114844062E0,-8.339524865E-1,2.974582911E0,1.707519650E0
1.117191198E0,-8.156265616E-1,3.074764729E0,1.702632785E0
1.119539062E0,-8.082962036E-1,3.159064054E0,1.690415382E0
1.121886094E0,-8.107396364E-1,3.217707157E0,1.669646025E0
1.124232396E0,-8.205134869E-1,3.231146097E0,1.641546249E0
1.126579531E0,-8.449480534E-1,3.204267979E0,1.597563982E0
1.128927344E0,-8.767130375E-1,3.126077414E0,1.543807864E0
1.131274375E0,-9.206953049E-1,3.027117252E0,1.487608314E0
1.133620729E0,-9.732297063E-1,2.915940046E0,1.426521897E0
1.135967864E0,-1.039203167E0,2.843858004E0,1.360548496E0
1.138315677E0,-1.118615508E0,2.807205915E0,1.300683737E0
1.140662708E0,-1.202914834E0,2.785214901E0,1.243262410E0
1.143009010E0,-1.285992503E0,2.785214901E0,1.180954218E0
1.145356146E0,-1.364183187E0,2.807205915E0,1.114980817E0
1.147704010E0,-1.432600021E0,2.854853392E0,1.053894401E0
1.150050989E0,-1.498573422E0,2.933044195E0,9.976947904E-1
1.152397344E0,-1.551107764E0,3.018565178E0,9.549342394E-1
1.154744479E0,-1.582872748E0,3.101642847E0,9.182823896E-1
1.157092291E0,-1.601198673E0,3.192050695E0,8.914043307E-1
1.159439323E0,-1.609750748E0,3.283680439E0,8.645262718E-1
1.161785625E0,-1.614637733E0,3.388749123E0,8.376482129E-1
1.164132760E0,-1.619524598E0,3.487709284E0,8.119919300E-1
1.166480625E0,-1.625633240E0,3.583004236E0,7.924442291E-1
1.168827656E0,-1.631741881E0,3.657529593E0,7.765617371E-1
1.171173958E0,-1.643959165E0,3.705177069E0,7.631227374E-1
1.173521094E0,-1.657398224E0,3.721059561E0,7.496836782E-1
1.175868906E0,-1.654954791E0,3.706398964E0,7.228056788E-1
1.178215937E0,-1.661063433E0,3.680742502E0,6.837103367E-1
1.180562291E0,-1.667172074E0,3.634316921E0,6.397280693E-1
1.182909323E0,-1.663506866E0,3.553682804E0,5.920805931E-1
1.185257239E0,-1.663506866E0,3.451057434E0,5.480983257E-1
1.187604271E0,-1.668393731E0,3.331327915E0,5.102247596E-1
1.189950573E0,-1.681832790E0,3.194494247E0,4.772380590E-1
1.192297708E0,-1.700158715E0,3.051551819E0,4.552469254E-1
1.194645573E0,-1.722149849E0,2.909831285E0,4.393644631E-1
1.196992552E0,-1.756358266E0,2.774219275E0,4.332558215E-1
1.199338906E0,-1.789345026E0,2.659376860E0,4.295906126E-1
1.201686041E0,-1.818666458E0,2.549421072E0,4.332558215E-1
1.204033854E0,-1.850431442E0,2.439465523E0,4.369210005E-1
1.206380885E0,-1.884639859E0,2.325844526E0,4.479165673E-1
1.208727187E0,-1.912739635E0,2.213445425E0,4.613555968E-1
1.211074323E0,-1.933509111E0,2.087607384E0,4.772380590E-1
1.213422187E0,-1.954278469E0,1.955660462E0,4.918988049E-1
1.215769219E0,-1.971382737E0,1.818826795E0,5.090029836E-1
1.218115521E0,-1.983600020E0,1.678327918E0,5.297724009E-1
1.220462656E0,-1.992152095E0,1.535385609E0,5.590938926E-1
1.222810469E0,-2.000704050E0,1.391221523E0,6.042978764E-1
1.225157500E0,-2.005590916E0,1.233618379E0,6.580539942E-1
1.227503802E0,-2.000704050E0,1.050359011E0,7.081449032E-1
1.229850937E0,-1.987265229E0,8.475518823E-1,7.362446785E-1
1.232198802E0,-1.966495752E0,6.728445888E-1,7.472402453E-1
1.234545833E0,-1.937174201E0,5.555585623E-1,7.545706034E-1
1.236892135E0,-1.890748501E0,4.700374901E-1,7.509054542E-1
1.239239271E0,-1.841879368E0,3.881815970E-1,7.032579780E-1
1.241587135E0,-1.804005742E0,2.831128836E-1,6.495018601E-1
1.243934114E0,-1.786901593E0,1.841528118E-1,6.018544436E-1
1.246280469E0,-1.780792832E0,1.059621200E-1,5.639808178E-1
1.248627604E0,-1.785679817E0,4.854083434E-2,5.371027589E-1
1.250975416E0,-1.790566683E0,1.066722535E-2,5.248854756E-1
1.253322448E0,-1.800340533E0,-5.215257406E-3,5.261071920E-1
1.255668750E0,-1.815001369E0,-6.436986849E-3,5.346593261E-1
1.258015885E0,-1.835770726E0,-1.550069079E-3,5.444331765E-1
1.260363750E0,-1.855318427E0,8.933898062E-4,5.578721762E-1
1.262710781E0,-1.860205293E0,8.223766461E-3,5.810850263E-1
1.265057083E0,-1.854096651E0,2.654970810E-2,6.189586520E-1
1.267404219E0,-1.839435935E0,5.098429695E-2,6.714929938E-1
1.269752031E0,-1.816223025E0,7.664062083E-2,7.264708281E-1
1.272099062E0,-1.783236384E0,9.741001576E-2,7.851138711E-1
1.274445364E0,-1.736810684E0,1.157359555E-1,8.462003469E-1
1.276792500E0,-1.681832790E0,1.462791860E-1,9.036216140E-1
1.279140364E0,-1.610972524E0,1.682703197E-1,9.537125230E-1
1.281487396E0,-1.537668705E0,2.098091245E-1,9.940295815E-1
1.283833698E0,-1.453369379E0,2.586783171E-1,1.033125043E0
1.286180833E0,-1.366626620E0,3.160995543E-1,1.070998549E0
1.288528646E0,-1.274996877E0,3.735208511E-1,1.102763534E0
1.290875677E0,-1.176036835E0,4.248334765E-1,1.128419876E0
1.293221979E0,-1.081963658E0,4.846982360E-1,1.147967577E0
1.295569114E0,-9.768949151E-1,5.286805034E-1,1.165071726E0
1.297916979E0,-8.742696047E-1,5.738844872E-1,1.176067352E0
1.300264010E0,-7.753095031E-1,6.142015457E-1,1.180954218E0
1.302610312E0,-6.800146103E-1,6.618490219E-1,1.178510785E0
1.304957448E0,-5.871631503E-1,7.156050801E-1,1.165071726E0
1.307305312E0,-4.930899739E-1,7.693611979E-1,1.150411010E0
1.309652291E0,-4.014602900E-1,8.328911066E-1,1.127198219E0
1.311998646E0,-3.159392178E-1,9.037514329E-1,1.100320101E0
1.314345781E0,-2.377485484E-1,9.856072664E-1,1.070998549E0
1.316693594E0,-1.742186099E-1,1.091897726E0,1.035568476E0
1.319040625E0,-1.119104177E-1,1.194522977E0,1.006246924E0
1.321386927E0,-6.670641899E-2,1.304478645E0,9.793688655E-1
1.323734062E0,-3.127627075E-2,1.410769105E0,9.524908066E-1
1.326081927E0,-8.063411340E-3,1.518281341E0,9.256127477E-1
1.328428958E0,5.375612527E-3,1.603802443E0,9.036216140E-1
1.330775260E0,5.375612527E-3,1.673440933E0,8.816304803E-1
1.333122396E0,4.886947572E-4,1.732084036E0,8.584176302E-1
1.335470208E0,-1.172860153E-2,1.769957662E0,8.339830041E-1
1.337817239E0,-3.371972591E-2,1.796835661E0,8.046615124E-1
1.340163541E0,-5.082394183E-2,1.805387735E0,7.753400207E-1
1.342510677E0,-7.037161291E-2,1.801722527E0,7.423533201E-1
1.344858541E0,-8.991928399E-2,1.789505243E0,7.020362616E-1
1.347205573E0,-1.058017612E-1,1.766292453E0,6.580539942E-1
1.349551875E0,-1.131321490E-1,1.724753618E0,6.091848016E-1
1.351899010E0,-1.192407906E-1,1.669775844E0,5.554287434E-1
1.354246823E0,-1.241277009E-1,1.601358891E0,4.992292225E-1
1.356593854E0,-1.192407906E-1,1.506064057E0,4.418079257E-1
1.358940208E0,-1.155755967E-1,1.404660463E0,3.807214499E-1
1.361287344E0,-1.058017612E-1,1.286152720E0,3.184132278E-1
1.363635156E0,-9.236273915E-2,1.155427694E0,2.536615729E-1
1.365982187E0,-7.892371714E-2,1.019815683E0,1.864664555E-1
1.368328489E0,-6.426296383E-2,8.817602992E-1,1.180495992E-1
1.370675625E0,-4.715874791E-2,7.522569895E-1,4.474584013E-2
1.373023489E0,-3.371972591E-2,6.276406050E-1,-3.344484419E-2
1.375370469E0,-1.661551930E-2,5.054676533E-1,-1.153007224E-1
1.377716823E0,-7.330346853E-4,3.894033432E-1,-1.971565783E-1
1.380063958E0,1.148425974E-2,2.904432416E-1,-2.777907252E-1
1.382411771E0,2.858847193E-2,1.853745282E-1,-3.510944843E-1
1.384758802E0,4.080576450E-2,9.863174707E-2,-4.170678854E-1
1.387105104E0,5.790998042E-2,1.555414125E-2,-4.696022570E-1
1.389452239E0,7.379246503E-2,-5.408443511E-2,-5.123628378E-1
1.391800104E0,9.334013611E-2,-1.200578287E-1,-5.429060459E-1
1.394147135E0,1.104443446E-1,-1.762573719E-1,-5.661188960E-1
1.396493437E0,1.263268143E-1,-2.177961767E-1,-5.832231045E-1
1.398840573E0,1.422093064E-1,-2.458959818E-1,-5.942186713E-1
1.401188385E0,1.580917984E-1,-2.630001903E-1,-5.991055965E-1
1.403535416E0,1.764177233E-1,-2.739957571E-1,-5.978838801E-1
1.405881771E0,1.959653944E-1,-2.764392197E-1,-5.978838801E-1
1.408228802E0,2.167348117E-1,-2.752174735E-1,-5.917752385E-1
1.410576719E0,2.362824827E-1,-2.678871155E-1,-5.856665969E-1
1.412923750E0,2.643822730E-1,-2.678871155E-1,-5.758927464E-1
1.415270052E0,2.924820185E-1,-2.666653693E-1,-5.624537468E-1
1.417617187E0,3.352425694E-1,-2.959868908E-1,-5.429060459E-1
1.419965052E0,3.828900158E-1,-3.326387703E-1,-5.233584046E-1
1.422312031E0,4.378678501E-1,-3.827296793E-1,-5.013672113E-1
1.424658385E0,5.026195049E-1,-4.511465132E-1,-4.793760777E-1
1.427005521E0,5.820319057E-1,-5.330023766E-1,-4.634936154E-1
1.429353333E0,6.797702909E-1,-6.295190454E-1,-4.500545859E-1
1.431700364E0,7.897258997E-1,-7.406964302E-1,-4.378372729E-1
1.434046666E0,8.935729265E-1,-8.433216810E-1,-4.378372729E-1
1.436393802E0,1.009637237E0,-9.557207823E-1,-4.378372729E-1
1.438741666E0,1.129366636E0,-1.069341660E0,-4.390590191E-1
1.441088698E0,1.247874379E0,-1.182962418E0,-4.415024817E-1
1.443435000E0,1.363938689E0,-1.280700803E0,-4.500545859E-1
1.445782135E0,1.480002999E0,-1.373552203E0,-4.634936154E-1
1.448129948E0,1.593623877E0,-1.451742887E0,-4.830412865E-1
1.450476979E0,1.706022978E0,-1.526268482E0,-5.086976290E-1
1.452823281E0,1.809869885E0,-1.580024481E0,-5.404626131E-1
1.455170416E0,1.905164838E0,-1.614232898E0,-5.758927464E-1
1.457518281E0,1.993129373E0,-1.625228524E0,-6.125445962E-1
1.459865312E0,2.077428818E0,-1.619119883E0,-6.479747891E-1
1.462211614E0,2.149510860E0,-1.588576674E0,-6.834049225E-1
1.464558750E0,2.220371246E0,-1.545816064E0,-7.151699066E-1
1.466906562E0,2.277792454E0,-1.483507872E0,-7.420479655E-1
1.469253594E0,2.331548452E0,-1.412647605E0,-7.677042484E-1
1.471599948E0,2.377974272E0,-1.340565562E0,-7.872519493E-1
1.473947083E0,2.418291330E0,-1.277035594E0,-8.043561578E-1
1.476294896E0,2.446391106E0,-1.214727402E0,-8.190168738E-1
1.478641927E0,2.467160463E0,-1.160971284E0,-8.300124407E-1
1.480988229E0,2.490373373E0,-1.121876001E0,-8.385645747E-1
1.483335364E0,2.497703791E0,-1.081558943E0,-8.434514999E-1
1.485683229E0,2.502590656E0,-1.042463541E0,-8.544470668E-1
1.488030208E0,2.502590656E0,-1.020472407E0,-8.752164841E-1
1.490376562E0,2.495260239E0,-1.036354899E0,-9.106466174E-1
1.492723698E0,2.490373373E0,-1.077893734E0,-9.534071684E-1
1.495071510E0,2.487929821E0,-1.138980150E0,-9.973893762E-1
1.497418541E0,2.489151716E0,-1.214727402E0,-1.037706375E0
1.499764844E0,2.491595030E0,-1.294139862E0,-1.070693135E0
1.502111979E0,2.490373373E0,-1.355226278E0,-1.103679776E0
1.504459844E0,2.495260239E0,-1.397986889E0,-1.141553402E0
1.506806875E0,2.496481895E0,-1.416312814E0,-1.187979102E0
1.509153177E0,2.494038582E0,-1.421199679E0,-1.245400429E0
1.511500312E0,2.490373373E0,-1.432195306E0,-1.313817263E0
1.513848125E0,2.469604015E0,-1.448077798E0,-1.389564514E0
1.516195156E0,2.439060688E0,-1.472512364E0,-1.471420407E0
1.518541510E0,2.391413212E0,-1.505499005E0,-1.554497957E0
1.520888541E0,2.333992004E0,-1.547037840E0,-1.641240716E0
1.523236458E0,2.264353514E0,-1.594685316E0,-1.721874952E0
1.525583489E0,2.183719158E0,-1.636224031E0,-1.796400428E0
1.527929791E0,2.106750250E0,-1.678984642E0,-1.861152053E0
1.530276927E0,2.037111759E0,-1.693645358E0,-1.906356096E0
1.532624791E0,1.993129373E0,-1.674097657E0,-1.912464738E0
1.534971823E0,1.974803448E0,-1.580024481E0,-1.878256321E0
1.537318125E0,2.002903461E0,-1.437082171E0,-1.811061144E0
1.539665156E0,2.065211535E0,-1.273370385E0,-1.721874952E0
1.542013073E0,2.140958786E0,-1.114545584E0,-1.608254075E0
1.544360104E0,2.221592903E0,-9.679380655E-1,-1.467755198E0
1.546706406E0,2.314444304E0,-8.188871145E-1,-1.311373830E0
1.549053541E0,2.415847778E0,-6.637274623E-1,-1.148883820E0
1.551401406E0,2.524581671E0,-5.073460340E-1,-9.888373017E-1
1.553748437E0,2.628428698E0,-3.619602621E-1,-8.520035744E-1
1.556094739E0,2.717615128E0,-2.507828772E-1,-7.347175479E-1
1.558441875E0,2.794584036E0,-1.823660135E-1,-6.394226551E-1
1.560789687E0,2.843453169E0,-1.457141340E-1,-5.734493136E-1
1.563136719E0,2.875218153E0,-1.457141340E-1,-5.282452703E-1
1.565483021E0,2.899652719E0,-1.738139093E-1,-4.977020621E-1
1.567830156E0,2.911870003E0,-2.141309977E-1,-4.732674360E-1
1.570178021E0,2.911870003E0,-2.752174735E-1,-4.647153318E-1
1.572525052E0,2.900874376E0,-3.656254709E-1,-4.659370482E-1
1.574871354E0,2.882548571E0,-4.523682594E-1,-4.744891822E-1
1.577218489E0,2.864222527E0,-5.268937349E-1,-4.793760777E-1
1.579566302E0,2.852005243E0,-6.026409864E-1,-4.805978239E-1
1.581913333E0,2.844674826E0,-7.064879537E-1,-4.805978239E-1
1.584259687E0,2.826349020E0,-8.347695470E-1,-4.867064655E-1
1.586606719E0,2.806801319E0,-9.923726320E-1,-4.928151071E-1
1.588954635E0,2.773814678E0,-1.160971284E0,-5.074759126E-1
1.591301666E0,2.734719276E0,-1.338122129E0,-5.258018374E-1
1.593647969E0,2.701732635E0,-1.516494632E0,-5.429060459E-1
1.595995104E0,2.674854517E0,-1.667989016E0,-5.636754632E-1
1.598342969E0,2.668745756E0,-1.801157594E0,-5.868883133E-1
1.600689948E0,2.657750368E0,-1.928217411E0,-6.235401630E-1
1.603036302E0,2.640645981E0,-2.109033346E0,-6.663007140E-1
1.605383437E0,2.607659340E0,-2.339940071E0,-7.151699066E-1
1.607731250E0,2.572229147E0,-2.592838049E0,-7.567086816E-1
1.610078281E0,2.527025223E0,-2.838405848E0,-8.165734410E-1
1.612424583E0,2.481821299E0,-3.058316946E0,-8.923206925E-1
1.614771719E0,2.443947554E0,-3.246463299E0,-9.790634513E-1
1.617119583E0,2.403630495E0,-3.391849279E0,-1.064584494E0
1.619466614E0,2.374309063E0,-3.510356903E0,-1.147662044E0
1.621812916E0,2.347430944E0,-3.577552080E0,-1.227074504E0
1.624160052E0,2.331548452E0,-3.631308079E0,-1.299156547E0
1.626507864E0,2.305892229E0,-3.642303705E0,-1.365129948E0
1.628854896E0,2.288788080E0,-3.625199556E0,-1.411555648E0
1.631201250E0,2.270462036E0,-3.573886871E0,-1.435990214E0
1.633548281E0,2.253357887E0,-3.489587545E0,-1.439655423E0
1.635896198E0,2.225258112E0,-3.358862400E0,-1.420107722E0
1.638243229E0,2.188606262E0,-3.138951063E0,-1.378568888E0
1.640589531E0,2.144623995E0,-2.857953310E0,-1.366351604E0
1.642936666E0,2.061546326E0,-2.532973289E0,-1.382234097E0
1.645284479E0,1.947925329E0,-2.187223911E0,-1.379790664E0
1.647631510E0,1.813535094E0,-1.843918085E0,-1.377347231E0
1.649977864E0,1.692583919E0,-1.529933572E0,-1.341917038E0
1.652325000E0,1.564302325E0,-1.229388118E0,-1.253952503E0
1.654672812E0,1.427468657E0,-9.361730814E-1,-1.150105476E0
1.657019844E0,1.293078423E0,-7.223704457E-1,-1.067027926E0
1.659366146E0,1.140362263E0,-5.916454196E-1,-1.029154301E0
1.661713281E0,9.888677597E-1,-5.403327942E-1,-1.021823883E0
1.664061146E0,8.605862260E-1,-5.476631522E-1,-1.031597733E0
1.666408177E0,7.555174828E-1,-5.965323448E-1,-1.045036793E0
1.668754479E0,6.736616492E-1,-6.527318954E-1,-1.064584494E0
1.671101614E0,6.247924566E-1,-7.052662373E-1,-1.075580001E0
1.673449427E0,5.954709649E-1,-7.468050718E-1,-1.078023434E0
1.675796458E0,5.783666968E-1,-7.773482800E-1,-1.071914792E0
1.678142760E0,5.673711300E-1,-7.932307720E-1,-1.065806150E0
1.680489896E0,5.661494136E-1,-7.944524884E-1,-1.065806150E0
1.682837760E0,5.685929060E-1,-7.810134888E-1,-1.068249702E0
1.685184791E0,5.698146224E-1,-7.590223551E-1,-1.065806150E0
1.687531094E0,5.551538467E-1,-7.089314461E-1,-1.057254076E0
1.689878229E0,5.417148471E-1,-6.783881783E-1,-1.038928151E0
1.692226041E0,5.197237134E-1,-6.502884030E-1,-1.016937017E0
1.694573073E0,4.965108931E-1,-6.344059110E-1,-9.937242270E-1
1.696919427E0,4.818501174E-1,-6.441797614E-1,-9.668461680E-1
1.699266458E0,4.586372375E-1,-6.563970447E-1,-9.448550344E-1
1.701614375E0,4.403112829E-1,-6.796099544E-1,-9.277508259E-1
1.703961406E0,4.183201790E-1,-7.113748789E-1,-9.130900502E-1
1.706307708E0,3.999942243E-1,-7.529137135E-1,-8.996510506E-1
1.708654844E0,3.816682696E-1,-7.956742048E-1,-8.886554837E-1
1.711002708E0,3.560119569E-1,-8.408781886E-1,-8.801033497E-1
1.713349739E0,3.474598527E-1,-8.995212317E-1,-8.691077828E-1
1.715696041E0,3.327991068E-1,-9.508338571E-1,-8.544470668E-1
1.718043177E0,3.242470026E-1,-1.003368258E0,-8.373428583E-1
1.720390989E0,3.193600774E-1,-1.049793959E0,-8.177951574E-1
1.722738021E0,3.095862567E-1,-1.084002376E0,-7.970257998E-1
1.725084323E0,3.059210479E-1,-1.121876001E0,-7.713694572E-1
1.727431458E0,3.095862567E-1,-1.153640985E0,-7.457131147E-1
1.729779323E0,3.181383610E-1,-1.182962418E0,-7.188351154E-1
1.732126354E0,3.266904652E-1,-1.207397103E0,-6.882918477E-1
1.734472656E0,3.327991068E-1,-1.208618760E0,-6.614137888E-1
1.736819791E0,3.474598527E-1,-1.211062193E0,-6.308705807E-1
1.739167604E0,3.608988822E-1,-1.191514611E0,-6.003273129E-1
1.741514635E0,3.792248368E-1,-1.158527851E0,-5.685623884E-1
1.743860937E0,3.938855827E-1,-1.110880375E0,-5.343539119E-1
1.746208073E0,4.061028659E-1,-1.038798332E0,-5.013672113E-1
1.748555937E0,4.244288206E-1,-9.642729163E-1,-4.659370482E-1
1.750902969E0,4.354243875E-1,-8.763083816E-1,-4.268417060E-1
1.753249271E0,4.439764917E-1,-7.663527131E-1,-3.901898265E-1
1.755596406E0,4.549720585E-1,-6.600622535E-1,-3.523162305E-1
1.757944219E0,4.549720585E-1,-5.562152267E-1,-3.107774258E-1
1.760291250E0,4.549720585E-1,-4.535899758E-1,-2.643516958E-1
1.762637552E0,4.500851333E-1,-3.631820083E-1,-2.191477120E-1
1.764984687E0,4.305374622E-1,-2.801043987E-1,-1.702785343E-1
1.767332552E0,4.073246121E-1,-2.104657888E-1,-1.238528267E-1
1.769679583E0,3.828900158E-1,-1.628183424E-1,-7.254018635E-2
1.772025885E0,3.425729275E-1,-1.188360974E-1,-2.367100865E-2
1.774373021E0,3.034775853E-1,-8.584939688E-2,3.008508682E-2
1.776720885E0,2.668257356E-1,-5.897135288E-2,8.750636876E-2
1.779067864E0,2.203999907E-1,-1.376736164E-2,1.449276507E-1
1.781414219E0,1.861915737E-1,2.410624921E-2,2.035706639E-1
1.783761354E0,1.458744854E-1,7.175369561E-2,2.609919608E-1
1.786109166E0,1.018922403E-1,1.279532611E-1,3.171915114E-1
1.788456198E0,5.913171172E-2,1.914831996E-1,3.709475994E-1
1.790802500E0,1.514944993E-2,2.647869587E-1,4.185950458E-1
1.793149635E0,-3.371972591E-2,3.344255090E-1,4.674642384E-1
1.795497500E0,-8.991928399E-2,3.979554474E-1,5.126681924E-1
1.797844531E0,-1.571144015E-1,4.565984607E-1,5.578721762E-1
1.800190833E0,-2.218660861E-1,4.822547734E-1,6.018544436E-1
1.802537969E0,-3.049436510E-1,5.018024445E-1,6.409497857E-1
1.804885781E0,-4.039037526E-1,5.079110861E-1,6.751582026E-1
1.807232812E0,-5.101941824E-1,5.005807281E-1,7.020362616E-1
1.809579114E0,-6.274802089E-1,4.749243855E-1,7.166970372E-1
1.811926250E0,-7.569835782E-1,4.419376850E-1,7.228056788E-1
1.814274114E0,-8.987041712E-1,4.077292681E-1,7.191404700E-1
1.816621146E0,-1.035537958E0,3.551948965E-1,7.118101120E-1
1.818967448E0,-1.172371626E0,3.234299421E-1,6.934841275E-1
1.821314583E0,-1.294544578E0,2.977736294E-1,6.702712774E-1
1.823662396E0,-1.409387112E0,3.136561215E-1,6.397280693E-1
1.826009427E0,-1.497351646E0,3.527514637E-1,5.969675183E-1
1.828355781E0,-1.552329540E0,4.040640891E-1,5.517635345E-1
1.830702916E0,-1.581650972E0,4.651505649E-1,5.004509687E-1
1.833050729E0,-1.591424823E0,5.408977866E-1,4.393644631E-1
1.835397760E0,-1.562103271E0,6.044276953E-1,3.733910620E-1
1.837744062E0,-1.505903721E0,6.606272459E-1,3.000873029E-1
1.840091198E0,-1.414274096E0,6.887270212E-1,2.133445144E-1
1.842439062E0,-1.281105518E0,6.875053048E-1,1.033888534E-1
1.844786041E0,-1.117393851E0,6.520751715E-1,-3.100138530E-2
1.847132396E0,-9.231387377E-1,5.689975619E-1,-1.861610264E-1
1.849479531E0,-7.007840276E-1,4.346073270E-1,-3.474293053E-1
1.851827344E0,-4.613250196E-1,2.525696754E-1,-5.025889874E-1
1.854174375E0,-2.206443399E-1,2.899316698E-2,-6.406444311E-1
1.856520677E0,1.392771862E-2,-2.410090566E-1,-7.554869652E-1
1.858867812E0,2.362824827E-1,-5.635456443E-1,-8.483384252E-1
1.861215677E0,4.293157458E-1,-9.105167985E-1,-9.301942587E-1
1.863562708E0,5.979143977E-1,-1.288031220E0,-1.001054525E0
1.865909010E0,7.384132743E-1,-1.677762866E0,-1.060919285E0
1.868256146E0,8.324864507E-1,-2.039394617E0,-1.124449253E0
1.870603958E0,8.947946429E-1,-2.360709429E0,-1.183092237E0
1.872950989E0,9.253379107E-1,-2.630711794E0,-1.230739713E0
1.875297291E0,9.241161346E-1,-2.824966669E0,-1.274721980E0
1.877644427E0,9.045684934E-1,-2.945917845E0,-1.306486845E0
1.879992291E0,8.593645096E-1,-2.967909098E0,-1.338251829E0
1.882339323E0,7.946128249E-1,-2.899492264E0,-1.365129948E0
1.884685625E0,7.298611999E-1,-2.761436701E0,-1.388342738E0
1.887032760E0,6.565573812E-1,-2.547634125E0,-1.410333872E0
1.889380573E0,5.747015476E-1,-2.278853655E0,-1.422551155E0
1.891727604E0,4.965108931E-1,-1.964869261E0,-1.433546782E0
1.894073958E0,4.146549702E-1,-1.628893733E0,-1.433546782E0
1.896420989E0,3.340208232E-1,-1.292918086E0,-1.415220857E0
1.898768906E0,2.631605268E-1,-9.667163491E-1,-1.381012440E0
1.901115937E0,1.923002154E-1,-6.686143875E-1,-1.340695262E0
1.903462239E0,1.214399114E-1,-4.071642756E-1,-1.299156547E0
1.905809375E0,6.035343558E-2,-2.092440724E-1,-1.258839488E0
1.908157239E0,4.153883085E-3,-6.263654679E-2,-1.223409295E0
1.910504219E0,-3.860664368E-2,2.166279033E-2,-1.184313893E0
1.912850573E0,-7.159334421E-2,5.587121472E-2,-1.150105476E0
1.915197708E0,-8.747582138E-2,3.754527494E-2,-1.120784044E0
1.917545521E0,-9.724965692E-2,-1.498909295E-2,-1.087797284E0
1.919892552E0,-1.021365821E-1,-9.073632210E-2,-1.051145434E0
1.922238854E0,-1.033582985E-1,-1.884746552E-1,-1.002276182E0
1.924585989E0,-9.847138822E-2,-3.240866661E-1,-9.436333179E-1
1.926933854E0,-1.143538654E-1,-4.658072889E-1,-8.813251257E-1
1.929280885E0,-1.326798201E-1,-6.368494034E-1,-8.055778742E-1
1.931627187E0,-1.754403561E-1,-8.042263389E-1,-7.286089063E-1
1.933974323E0,-2.365268320E-1,-9.532773495E-1,-6.540834308E-1
1.936322135E0,-2.866177261E-1,-1.119432569E0,-5.795579553E-1
1.938669166E0,-3.440389931E-1,-1.270926952E0,-5.086976290E-1
1.941015469E0,-4.026820064E-1,-1.402873755E0,-4.439459443E-1
1.943362604E0,-4.564381242E-1,-1.523824930E0,-3.840811849E-1
1.945710469E0,-5.126376748E-1,-1.633780599E0,-3.242164552E-1
1.948057500E0,-5.676155090E-1,-1.714414716E0,-2.667951584E-1
1.950403802E0,-6.115977764E-1,-1.775501251E0,-2.105956078E-1
1.952750937E0,-6.494713426E-1,-1.815818310E0,-1.592829674E-1
1.955098750E0,-6.787928939E-1,-1.821926951E0,-1.140789911E-1
1.957445781E0,-6.983405352E-1,-1.798714042E0,-7.864883542E-2
1.959792135E0,-7.105578184E-1,-1.720523357E0,-6.887499988E-2
1.962139166E0,-7.252185941E-1,-1.570250750E0,-9.086613357E-2
1.964487083E0,-7.398793697E-1,-1.360113263E0,-1.360701174E-1
1.966834114E0,-7.484314442E-1,-1.107215285E0,-1.983783096E-1
1.969180416E0,-7.520966530E-1,-8.213305473E-1,-2.680169046E-1
1.971527552E0,-7.496531606E-1,-5.049026012E-1,-3.388772011E-1
1.973875416E0,-7.337706685E-1,-1.896964014E-1,-4.072940648E-1
1.976222396E0,-7.068926692E-1,1.303967237E-1,-4.671587944E-1
1.978568750E0,-6.616886854E-1,4.211682975E-1,-5.160279870E-1
1.980915885E0,-6.030456424E-1,6.740663052E-1,-5.465712547E-1
1.983263698E0,-5.407374501E-1,9.013079405E-1,-5.624537468E-1
1.985610729E0,-4.686554074E-1,1.080902219E0,-5.563450456E-1
1.987957031E0,-4.002385736E-1,1.215292454E0,-5.245801210E-1
1.990304166E0,-3.330434561E-1,1.300813556E0,-4.634936154E-1
1.992652031E0,-2.744004130E-1,1.344795704E0,-3.633117974E-1
1.994999062E0,-2.389702946E-1,1.364343405E0,-2.289215475E-1
1.997345364E0,-2.243095487E-1,1.371673822E0,-6.520981342E-2
1.999692500E0,-2.291964442E-1,1.379004240E0,1.094974950E-1
2.002040312E0,-2.572962046E-1,1.379004240E0,2.915351987E-1
2.004387344E0,-3.134957552E-1,1.398551822E0,4.796815217E-1
2.006733646E0,-3.782474399E-1,1.407104015E0,6.800451279E-1
2.009080781E0,-4.625467658E-1,1.414434314E0,8.865174055E-1
2.011428646E0,-5.639503002E-1,1.408325672E0,1.097876668E0
2.013775677E0,-6.800146103E-1,1.388777971E0,1.305570602E0
2.016121979E0,-8.119613528E-1,1.353347898E0,1.501047373E0
2.018469114E0,-9.549037218E-1,1.309365630E0,1.674532890E0
2.020816927E0,-1.092959166E0,1.242170453E0,1.844353318E0
2.023163958E0,-1.235901594E0,1.167644978E0,2.003178120E0
2.025510260E0,-1.382509112E0,1.085789084E0,2.153450966E0
2.027857396E0,-1.524229765E0,9.758334756E-1,2.296393156E0
2.030205260E0,-1.645180941E0,8.365563154E-1,2.430783510E0
2.032552291E0,-1.757580042E0,6.887270212E-1,2.560286760E0
2.034898594E0,-1.856540084E0,5.311239362E-1,2.688568354E0
2.037245729E0,-1.923735261E0,3.796294928E-1,2.821736813E0
2.039593594E0,-1.968939185E0,2.403523624E-1,2.942688227E0
2.041940573E0,-1.988486886E0,1.340619028E-1,3.028209209E0
2.044286927E0,-1.976269603E0,6.931023300E-2,3.063639402E0
2.046634062E0,-1.928622127E0,3.876700252E-2,3.059974194E0
2.048981875E0,-1.857761860E0,4.487564787E-2,3.023322344E0
2.051328906E0,-1.771019101E0,8.763618022E-2,2.961014032E0
2.053675208E0,-1.665950298E0,1.438357532E-1,2.887710333E0
2.056022344E0,-1.574320674E0,2.391306460E-1,2.796080589E0
2.058370208E0,-1.477803946E0,3.295385838E-1,2.692233562E0
2.060717239E0,-1.387395978E0,4.309421480E-1,2.578612804E0
2.063063541E0,-1.285992503E0,5.140197277E-1,2.458883286E0
2.065410677E0,-1.206580043E0,6.154232621E-1,2.342818975E0
2.067758489E0,-1.150380492E0,7.253789306E-1,2.231641531E0
2.070105521E0,-1.095402718E0,7.925740480E-1,2.137568474E0
2.072451823E0,-1.061194301E0,8.512170911E-1,2.049603939E0
2.074798958E0,-1.041646600E0,8.805385828E-1,1.966526270E0
2.077146823E0,-1.044090033E0,8.890906572E-1,1.881005168E0
2.079493854E0,-1.047755241E0,8.695430160E-1,1.789375544E0
2.081840156E0,-1.061194301E0,8.389997482E-1,1.689193726E0
2.084187291E0,-1.080741882E0,7.999044061E-1,1.581681490E0
2.086535104E0,-1.097846150E0,7.461483479E-1,1.471725821E0
2.088882135E0,-1.122280717E0,6.813966632E-1,1.359326720E0
2.091228489E0,-1.149158716E0,6.203101873E-1,1.243262410E0
2.093575521E0,-1.172371626E0,5.775496960E-1,1.118646026E0
2.095923437E0,-1.187032342E0,5.482281446E-1,9.793688655E-1
2.098270469E0,-1.206580043E0,5.176849365E-1,8.339830041E-1
2.100616771E0,-1.232236385E0,4.834765196E-1,6.947059035E-1
2.102963906E0,-1.257892728E0,4.419376850E-1,5.676460266E-1
2.105311771E0,-1.285992503E0,4.065075517E-1,4.479165673E-1
2.107658750E0,-1.309205294E0,3.710773885E-1,3.404043615E-1
2.110005104E0,-1.331196427E0,3.393124342E-1,2.426660061E-1
2.112352135E0,-1.348300695E0,3.051040173E-1,1.620318741E-1
2.114700052E0,-1.360517979E0,2.721173167E-1,9.483674169E-2
2.117047083E0,-1.367848396E0,2.379088998E-1,4.352411255E-2
2.119393385E0,-1.364183187E0,1.829310954E-1,5.650498904E-3
2.121740521E0,-1.360517979E0,1.181794181E-1,-1.756235957E-2
2.124088385E0,-1.356852770E0,5.709294602E-2,-2.733619511E-2
2.126435416E0,-1.347078919E0,-8.880445734E-3,-2.122754976E-2
2.128781719E0,-1.334861636E0,-6.752345711E-2,-2.901607426E-3
2.131128854E0,-1.318979144E0,-1.261664629E-1,2.886335924E-2
2.133476666E0,-1.303096652E0,-1.799225509E-1,6.673696637E-2
2.135823698E0,-1.281105518E0,-2.336786687E-1,1.119409576E-1
2.138170000E0,-1.256670952E0,-2.788826823E-1,1.595884115E-1
2.140517135E0,-1.222462535E0,-3.191997409E-1,2.170096934E-1
2.142865000E0,-1.196806192E0,-3.387474120E-1,2.768744528E-1
2.145212031E0,-1.167484760E0,-3.472995162E-1,3.404043615E-1
2.147558333E0,-1.130832791E0,-3.399691582E-1,4.100429416E-1
2.149905469E0,-1.101511359E0,-3.082041740E-1,4.845684469E-1
2.152253281E0,-1.070968032E0,-2.471176982E-1,5.652025342E-1
2.154600312E0,-1.031872749E0,-1.799225509E-1,6.507236362E-1
2.156946614E0,-9.976642728E-1,-9.195805341E-2,7.362446785E-1
2.159293750E0,-9.610123634E-1,7.002037019E-3,8.242092133E-1
2.161641614E0,-9.206953049E-1,1.108490452E-1,9.182823896E-1
2.163988646E0,-8.840433955E-1,2.330220044E-1,1.012355566E0
2.166334948E0,-8.498349786E-1,3.759643137E-1,1.108872175E0
2.168682083E0,-7.985223532E-1,5.286805034E-1,1.202945352E0
2.171029896E0,-7.459880114E-1,7.168267965E-1,1.288466454E0
2.173376927E0,-6.995622516E-1,9.465119839E-1,1.371544003E0
2.175723229E0,-6.421409845E-1,1.182305694E0,1.452178240E0
2.178070364E0,-5.786110759E-1,1.419321299E0,1.527925372E0
2.180418229E0,-5.150811076E-1,1.651449800E0,1.591455340E0
2.182765260E0,-4.503294826E-1,1.876248121E0,1.646433115E0
2.185111562E0,-3.880212605E-1,2.094937801E0,1.697745800E0
2.187458698E0,-3.342651725E-1,2.303853512E0,1.739284635E0
2.189806562E0,-3.025002182E-1,2.513990879E0,1.768606067E0
2.192153541E0,-2.768438756E-1,2.689919949E0,1.783266902E0
2.194499896E0,-2.719569802E-1,2.836527586E0,1.782045126E0
2.196847031E0,-2.853959799E-1,2.959922314E0,1.768606067E0
2.199194844E0,-3.244913220E-1,3.078429937E0,1.739284635E0
2.201541875E0,-3.758039773E-1,3.177390099E0,1.701411009E0
2.203888177E0,-4.503294826E-1,3.270241499E0,1.657428741E0
2.206235312E0,-5.395157337E-1,3.348432064E0,1.608559608E0
2.208583177E0,-6.384757757E-1,3.396079540E0,1.557246923E0
2.210930156E0,-7.398793697E-1,3.425401211E0,1.503490806E0
2.213276510E0,-8.412829041E-1,3.411962032E0,1.443626046E0
2.215623646E0,-9.500167966E-1,3.367979765E0,1.389870048E0
2.217971458E0,-1.064859390E0,3.310558558E0,1.362991929E0
2.220318489E0,-1.183367133E0,3.280015230E0,1.336113930E0
2.222664791E0,-1.277440310E0,3.256802559E0,1.290909886E0
2.225011927E0,-1.353187561E0,3.272685051E0,1.220049620E0
2.227359791E0,-1.405721903E0,3.309336901E0,1.149189234E0
2.229706823E0,-1.449704170E0,3.369201660E0,1.080772400E0
2.232053125E0,-1.486356139E0,3.443727016E0,1.012355566E0
2.234400260E0,-1.505903721E0,3.485265970E0,9.402735233E-1
2.236748073E0,-1.523007989E0,3.512143850E0,8.608610630E-1
2.239095104E0,-1.537668705E0,3.521917820E0,7.790052295E-1
2.241441406E0,-1.549885988E0,3.523139477E0,7.069231868E-1
2.243788541E0,-1.571877122E0,3.529248238E0,6.348411441E-1
2.246136406E0,-1.597533464E0,3.531691551E0,5.664243102E-1
2.248483437E0,-1.628076673E0,3.537800312E0,5.028944016E-1
2.250829739E0,-1.667172074E0,3.541465521E0,4.454731047E-1
2.253176875E0,-1.705045700E0,3.530469894E0,4.014908373E-1
2.255524687E0,-1.751471400E0,3.529248238E0,3.611737788E-1
2.257871719E0,-1.795453668E0,3.504813433E0,3.294087946E-1
2.260218021E0,-1.845544577E0,3.454722643E0,3.061959445E-1
2.262565156E0,-1.891970277E0,3.370423317E0,2.903134525E-1
2.264913021E0,-1.940839410E0,3.270241499E0,2.768744528E-1
2.267260052E0,-1.990930438E0,3.148068428E0,2.707657814E-1
2.269606354E0,-2.032469034E0,2.999017477E0,2.707657814E-1
2.271953489E0,-2.069120884E0,2.843858004E0,2.780961692E-1
2.274301302E0,-2.111881495E0,2.694806814E0,2.854265571E-1
2.276648333E0,-2.138759613E0,2.535982132E0,3.000873029E-1
2.278994687E0,-2.160750628E0,2.380822420E0,3.245218992E-1
2.281341823E0,-2.176633120E0,2.235436678E0,3.550651371E-1
2.283689635E0,-2.185185194E0,2.097381115E0,3.917170167E-1
2.286036666E0,-2.185185194E0,1.962990880E0,4.295906126E-1
2.288382969E0,-2.177854776E0,1.833487511E0,4.662424922E-1
2.290730104E0,-2.165637493E0,1.705205917E0,5.090029836E-1
2.293077969E0,-2.149755001E0,1.596472025E0,5.700894594E-1
2.295425000E0,-2.130207300E0,1.504842281E0,6.299542189E-1
2.297771302E0,-2.104551077E0,1.398551822E0,6.751582026E-1
2.300118437E0,-2.080116510E0,1.266605020E0,7.081449032E-1
2.302466250E0,-2.058125257E0,1.117554069E0,7.215839028E-1
2.304813281E0,-2.034912586E0,9.440684915E-1,7.289143205E-1
2.307159583E0,-2.021473408E0,7.583656311E-1,7.338012457E-1
2.309506719E0,-1.998260617E0,5.531150699E-1,7.423533201E-1
2.311854583E0,-1.982378364E0,3.551948965E-1,7.472402453E-1
2.314201614E0,-1.954278469E0,1.523878574E-1,7.570140958E-1
2.316547916E0,-1.922513485E0,-2.964984626E-2,7.680096626E-1
2.318895052E0,-1.877309561E0,-1.994702220E-1,7.777834535E-1
2.321242864E0,-1.823553443E0,-3.790645003E-1,7.606792450E-1
2.323589896E0,-1.767353892E0,-4.914636016E-1,7.240273952E-1
2.325936198E0,-1.739254117E0,-4.902418256E-1,6.714929938E-1
2.328283333E0,-1.713597775E0,-4.535899758E-1,6.091848016E-1
2.330631198E0,-1.694050074E0,-4.010556042E-1,5.517635345E-1
2.332978229E0,-1.685497999E0,-3.387474120E-1,5.151116252E-1
2.335324531E0,-1.681832790E0,-2.593349814E-1,4.931205511E-1
2.337671666E0,-1.678167582E0,-1.640400887E-1,4.833467007E-1
2.340019479E0,-1.672058940E0,-7.729729265E-2,5.004509687E-1
2.342366510E0,-1.658620000E0,-1.010217518E-2,5.383245349E-1
2.344712812E0,-1.639072299E0,2.044105902E-2,5.969675183E-1
2.347059948E0,-1.612194180E0,2.166279033E-2,6.617192030E-1
2.349407812E0,-1.569433689E0,-1.132390462E-2,7.289143205E-1
2.351754844E0,-1.521786213E0,-5.530615896E-2,7.887790203E-1
2.354101146E0,-1.472917080E0,-1.176143661E-1,8.400917053E-1
2.356448281E0,-1.419160962E0,-2.214613557E-1,8.828521967E-1
2.358796094E0,-1.349522352E0,-2.947651446E-1,9.378300309E-1
2.361143125E0,-1.260336161E0,-3.448560536E-1,9.952513576E-1
2.363489427E0,-1.154045701E0,-3.741775751E-1,1.052672625E0
2.365836562E0,-1.037981391E0,-3.961687088E-1,1.103985310E0
2.368184427E0,-9.231387377E-1,-4.108294547E-1,1.138193727E0
2.370531458E0,-8.131831288E-1,-4.034990668E-1,1.155297995E0
2.372877760E0,-7.093361020E-1,-3.705123663E-1,1.158963084E0
2.375224896E0,-6.164847016E-1,-3.057607114E-1,1.149189234E0
2.377572708E0,-5.272984505E-1,-2.275699973E-1,1.125976443E0
2.379919739E0,-4.466642737E-1,-1.200578287E-1,1.092989683E0
2.382266094E0,-3.660301268E-1,3.336848691E-3,1.062446475E0
2.384613125E0,-2.976132929E-1,1.450574696E-1,1.035568476E0
2.386961041E0,-2.438572198E-1,2.941084504E-1,1.013577342E0
2.389308073E0,-2.023183852E-1,4.565984607E-1,9.940295815E-1
2.391654375E0,-1.754403561E-1,6.203101873E-1,9.781470895E-1
2.394001510E0,-1.571144015E-1,7.852436900E-1,9.634863734E-1
2.396349375E0,-1.412319243E-1,9.513988495E-1,9.512690902E-1
2.398696354E0,-1.290146261E-1,1.117554069E0,9.366083145E-1
2.401042708E0,-1.241277009E-1,1.278822422E0,9.170606136E-1
2.403389844E0,-1.290146261E-1,1.431538582E0,8.962912560E-1
2.405737656E0,-1.412319243E-1,1.567150474E0,8.706349134E-1
2.408084687E0,-1.607796103E-1,1.685658216E0,8.376482129E-1
2.410430989E0,-1.864359230E-1,1.780953169E0,8.009963632E-1
2.412778125E0,-2.194226235E-1,1.851813436E0,7.594575286E-1
2.415125989E0,-2.548527718E-1,1.900682688E0,7.179187536E-1
2.417473021E0,-2.963915467E-1,1.921452045E0,6.751582026E-1
2.419819323E0,-3.330434561E-1,1.912899971E0,6.372845769E-1
2.422166458E0,-3.758039773E-1,1.893352270E0,5.969675183E-1
2.424514271E0,-4.161210358E-1,1.846926570E0,5.554287434E-1
2.426861302E0,-4.503294826E-1,1.780953169E0,5.163334012E-1
2.429207604E0,-4.747640491E-1,1.694210410E0,4.735728800E-1
2.431554739E0,-5.028638244E-1,1.601358891E0,4.271471500E-1
2.433902604E0,-5.260766745E-1,1.501177073E0,3.794997036E-1
2.436249635E0,-5.309635997E-1,1.379004240E0,3.330740035E-1
2.438595937E0,-5.407374501E-1,1.276378870E0,2.805396318E-1
2.440943073E0,-5.419591665E-1,1.168866754E0,2.353356332E-1
2.443290885E0,-5.431808829E-1,1.069906592E0,1.889099181E-1
2.445637916E0,-5.431808829E-1,9.782769084E-1,1.449276507E-1
2.447984219E0,-5.382940173E-1,8.951992989E-1,9.728020430E-2
2.450331354E0,-5.285201669E-1,8.231172562E-1,4.841103032E-2
2.452679219E0,-5.224115252E-1,7.656959891E-1,-1.679877983E-3
2.455026250E0,-5.114159584E-1,7.131616473E-1,-5.665770546E-2
2.457372552E0,-4.930899739E-1,6.569620967E-1,-1.116355285E-1
2.459719687E0,-4.796509743E-1,6.093146205E-1,-1.727219969E-1
2.462067500E0,-4.601033032E-1,5.665541291E-1,-2.374736518E-1
2.464414531E0,-4.332252443E-1,5.250152946E-1,-3.046687841E-1
2.466760833E0,-4.087906778E-1,4.956938028E-1,-3.743073642E-1
2.469107969E0,-3.758039773E-1,4.627071023E-1,-4.439459443E-1
2.471455833E0,-3.391520977E-1,4.382725060E-1,-5.135845542E-1
2.473802864E0,-3.025002182E-1,4.236117601E-1,-5.820013881E-1
2.476149166E0,-2.597396672E-1,4.065075517E-1,-6.467530727E-1
2.478496302E0,-2.157574147E-1,4.003989100E-1,-7.041743398E-1
2.480844114E0,-1.693317145E-1,3.881815970E-1,-7.567086816E-1
2.483191146E0,-1.155755967E-1,3.747425675E-1,-8.055778742E-1
2.485537448E0,-6.426296383E-2,3.637470007E-1,-8.495601416E-1
2.487884583E0,-5.619952455E-3,3.429776132E-1,-8.874337673E-1
2.490232448E0,5.424479395E-2,3.209864795E-1,-9.216421843E-1
2.492579479E0,1.251050979E-1,2.843346000E-1,-9.497419596E-1
2.494925781E0,1.971871406E-1,2.366871834E-1,-9.753982425E-1
2.497272916E0,2.717126310E-1,1.829310954E-1,-1.001054525E0
2.499620729E0,3.523467779E-1,1.084055826E-1,-1.023045659E0
2.501967760E0,4.439764917E-1,1.677587256E-2,-1.043815017E0
2.504314114E0,5.404931307E-1,-8.584939688E-2,-1.058475852E0
2.506661250E0,6.370097399E-1,-1.872529387E-1,-1.070693135E0
2.509009062E0,7.506305575E-1,-3.082041740E-1,-1.074358344E0
2.511356094E0,8.593645096E-1,-4.303771257E-1,-1.074358344E0
2.513702396E0,9.680984020E-1,-5.488848686E-1,-1.067027926E0
2.516049531E0,1.076832294E0,-6.637274623E-1,-1.054810643E0
2.518397396E0,1.185566187E0,-7.822352052E-1,-1.037706375E0
2.520744375E0,1.286969781E0,-8.946343064E-1,-1.012050152E0
2.523090729E0,1.387151599E0,-1.003368258E0,-9.851720929E-1
2.525437864E0,1.483668208E0,-1.107215285E0,-9.558506012E-1
2.527785677E0,1.571632743E0,-1.206175327E0,-9.289725423E-1
2.530132708E0,1.649823427E0,-1.292918086E0,-9.033162594E-1
2.532479010E0,1.726792336E0,-1.374773979E0,-8.776599169E-1
2.534826146E0,1.787878871E0,-1.441969156E0,-8.532253504E-1
2.537174010E0,1.851408720E0,-1.504277349E0,-8.348993659E-1
2.539520989E0,1.903943062E0,-1.555589914E0,-8.214603662E-1
2.541867344E0,1.956477523E0,-1.617898107E0,-8.104647994E-1
2.544214479E0,2.000459909E0,-1.670432448E0,-8.080213666E-1
2.546562291E0,2.041998625E0,-1.709527850E0,-8.067995906E-1
2.548909323E0,2.072541952E0,-1.737627625E0,-8.116865158E-1
2.551255625E0,2.114080667E0,-1.777944684E0,-8.153517246E-1
2.553602760E0,2.138515234E0,-1.802379251E0,-8.336776495E-1
2.555950625E0,2.172723770E0,-1.850026727E0,-8.471166492E-1
2.558297656E0,2.198379993E0,-1.895230770E0,-8.654426336E-1
2.560643958E0,2.226479769E0,-1.937991261E0,-8.849902749E-1
2.562991094E0,2.249692678E0,-1.966091037E0,-9.057596922E-1
2.565338906E0,2.274127245E0,-1.980751753E0,-9.265291095E-1
2.567685937E0,2.299783468E0,-1.985638738E0,-9.472984672E-1
2.570032239E0,2.327883244E0,-1.973421454E0,-9.668461680E-1
2.572379375E0,2.357204914E0,-1.944099903E0,-9.888373017E-1
2.574727239E0,2.397521973E0,-1.919665337E0,-1.008384943E0
2.577074271E0,2.435395479E0,-1.883013487E0,-1.031597733E0
2.579420573E0,2.470825672E0,-1.845139861E0,-1.065806150E0
2.581767708E0,2.513586283E0,-1.812153101E0,-1.098792911E0
2.584115521E0,2.563677073E0,-1.792605400E0,-1.128114343E0
2.586462552E0,2.608881235E0,-1.784053326E0,-1.167209744E0
2.588808854E0,2.666302443E0,-1.807266235E0,-1.209970236E0
2.591155989E0,2.728610516E0,-1.835366011E0,-1.244178653E0
2.593503854E0,2.798249245E0,-1.858578801E0,-1.266169786E0
2.595850885E0,2.853226900E0,-1.854913592E0,-1.283274055E0
2.598197187E0,2.908204794E0,-1.843918085E0,-1.296713114E0
2.600544323E0,2.925308943E0,-1.802379251E0,-1.299156547E0
2.602892135E0,2.913091660E0,-1.763283968E0,-1.285717487E0
2.605239166E0,2.880105019E0,-1.758396983E0,-1.256395936E0
2.607585469E0,2.830014229E0,-1.752288342E0,-1.222187519E0
2.609932604E0,2.783588409E0,-1.702197433E0,-1.181870461E0
2.612280469E0,2.745714903E0,-1.614232898E0,-1.130557895E0
2.614627500E0,2.711506367E0,-1.504277349E0,-1.058475852E0
2.616973802E0,2.679741383E0,-1.401651978E0,-9.607375264E-1
2.619320937E0,2.655306816E0,-1.317352653E0,-8.410080075E-1
2.621668750E0,2.644311190E0,-1.245270610E0,-7.017308474E-1
2.624015781E0,2.645533085E0,-1.156084418E0,-5.563450456E-1
2.626362083E0,2.660193682E0,-1.051015735E0,-4.231765270E-1
2.628709219E0,2.695623875E0,-9.361730814E-1,-3.095556796E-1
2.631057083E0,2.733497620E0,-8.274391890E-1,-2.252563685E-1
2.633404114E0,2.761597395E0,-7.211487293E-1,-1.812741011E-1
2.635750416E0,2.786031961E0,-6.405146122E-1,-1.776089072E-1
2.638097552E0,2.804357767E0,-6.038627028E-1,-2.032652348E-1
2.640445364E0,2.806801319E0,-6.001974940E-1,-2.545778751E-1
2.642792396E0,2.798249245E0,-6.307407618E-1,-3.181078136E-1
2.645138750E0,2.786031961E0,-6.942706704E-1,-3.816377223E-1
2.647485781E0,2.770149469E0,-7.834569216E-1,-4.463894069E-1
2.649833698E0,2.745714903E0,-8.885256648E-1,-5.160279870E-1
2.652180729E0,2.720058441E0,-9.887074232E-1,-5.697841048E-1
2.654527031E0,2.710284710E0,-1.054680824E0,-5.991055965E-1
2.656874166E0,2.713949919E0,-1.074228525E0,-6.039925218E-1
2.659221979E0,2.723723650E0,-1.066898108E0,-5.868883133E-1
2.661569010E0,2.737162590E0,-1.053459167E0,-5.612319708E-1
2.663915312E0,2.739606142E0,-1.063233018E0,-5.477929711E-1
2.666262448E0,2.733497620E0,-1.087667584E0,-5.416843295E-1
2.668610312E0,2.710284710E0,-1.130428076E0,-5.575668216E-1
2.670957344E0,2.690737009E0,-1.198844910E0,-5.844448209E-1
2.673303646E0,2.666302443E0,-1.267261744E0,-6.235401630E-1
2.675650781E0,2.645533085E0,-1.305135369E0,-6.614137888E-1
2.677998594E0,2.634537458E0,-1.314909220E0,-6.895135641E-1
2.680345625E0,2.621098518E0,-1.334456921E0,-7.200568318E-1
2.682691979E0,2.591776848E0,-1.390656471E0,-7.689259648E-1
2.685039114E0,2.556346655E0,-1.472512364E0,-8.190168738E-1
2.687386927E0,2.513586283E0,-1.570250750E0,-8.654426336E-1
2.689733958E0,2.469604015E0,-1.698532224E0,-9.069814086E-1
2.692080260E0,2.418291330E0,-1.847583294E0,-9.448550344E-1
2.694427396E0,2.364535332E0,-2.032064199E0,-9.766200185E-1
2.696775208E0,2.314444304E0,-2.237314939E0,-1.002276182E0
2.699122239E0,2.271683693E0,-2.468221664E0,-1.021823883E0
2.701468594E0,2.242362261E0,-2.715011120E0,-1.038928151E0
2.703815625E0,2.232588530E0,-2.977682829E0,-1.059697509E0
2.706163541E0,2.235031843E0,-3.220807076E0,-1.085353851E0
2.708510573E0,2.264353514E0,-3.465152979E0,-1.106123209E0
2.710856875E0,2.321774721E0,-3.685064316E0,-1.114675403E0
2.713204010E0,2.385304689E0,-3.863436699E0,-1.118340611E0
2.715551875E0,2.448834658E0,-4.002714157E0,-1.123227477E0
2.717898854E0,2.516029596E0,-4.118778229E0,-1.134222984E0
2.720245208E0,2.584446430E0,-4.187195301E0,-1.151327252E0
2.722592344E0,2.636981010E0,-4.182308197E0,-1.186757445E0
2.724940156E0,2.661415577E0,-4.143212795E0,-1.285717487E0
2.727287187E0,2.658972025E0,-4.035700798E0,-1.411555648E0
2.729633489E0,2.630872250E0,-3.831671715E0,-1.543502450E0
2.731980625E0,2.557568550E0,-3.512800455E0,-1.691331625E0
2.734328489E0,2.440282345E0,-3.114516497E0,-1.836717486E0
2.736675469E0,2.269240379E0,-2.645372391E0,-1.956447005E0
2.739021823E0,2.073763609E0,-2.181115389E0,-2.029750824E0
2.741368958E0,1.889282346E0,-1.770614266E0,-2.059072256E0
2.743716771E0,1.719461918E0,-1.382104397E0,-2.061515570E0
2.746063802E0,1.571632743E0,-1.029024601E0,-2.034637690E0
2.748410104E0,1.431133866E0,-7.113748789E-1,-1.980881572E0
2.750757239E0,1.305295706E0,-4.450378716E-1,-1.911242962E0
2.753105104E0,1.180679321E0,-2.153527141E-1,-1.833052278E0
2.755452135E0,1.067058444E0,-2.354119718E-2,-1.752418160E0
2.757798437E0,9.766505361E-1,1.181794181E-1,-1.660788417E0
2.760145573E0,8.886860013E-1,2.415741086E-1,-1.563050032E0
2.762493385E0,8.202691674E-1,3.185430169E-1,-1.454316139E0
2.764840416E0,7.567391992E-1,3.527514637E-1,-1.340695262E0
2.767186719E0,7.176438570E-1,3.380906880E-1,-1.222187519E0
2.769533854E0,6.797702909E-1,2.904432416E-1,-1.103679776E0
2.771881719E0,6.431183815E-1,2.012570202E-1,-9.876155853E-1
2.774228698E0,6.150186062E-1,7.908406854E-2,-8.813251257E-1
2.776575052E0,5.832536221E-1,-5.897135288E-2,-7.958040237E-1
2.778922187E0,5.527104139E-1,-2.104657888E-1,-7.286089063E-1
2.781270000E0,5.246106386E-1,-3.558516204E-1,-6.760745645E-1
2.783617031E0,4.977326095E-1,-4.755811095E-1,-6.406444311E-1
2.785963333E0,4.696328044E-1,-5.782063603E-1,-6.198750138E-1
2.788310469E0,4.427547455E-1,-6.625057459E-1,-6.052142382E-1
2.790658333E0,4.219853580E-1,-7.309225798E-1,-5.917752385E-1
2.793005312E0,4.012159407E-1,-7.932307720E-1,-5.746710300E-1
2.795351666E0,3.780030906E-1,-8.482086062E-1,-5.551233292E-1
2.797698698E0,3.572337031E-1,-8.958560228E-1,-5.331321955E-1
2.800046614E0,3.389077485E-1,-9.386165738E-1,-5.086976290E-1
2.802393646E0,3.181383610E-1,-9.728249907E-1,-4.830412865E-1
2.804739948E0,2.912603021E-1,-9.874857664E-1,-4.659370482E-1
2.807087083E0,2.875951231E-1,-1.015585542E0,-4.451676607E-1
2.809434948E0,2.778212726E-1,-1.029024601E0,-4.268417060E-1
2.811781927E0,2.729343772E-1,-1.031468034E0,-4.097374976E-1
2.814128281E0,2.765995562E-1,-1.022915959E0,-3.962984979E-1
2.816475416E0,2.814864814E-1,-1.008255124E0,-3.840811849E-1
2.818823229E0,2.888168395E-1,-9.825987816E-1,-3.694204390E-1
2.821170260E0,2.985906899E-1,-9.422817826E-1,-3.559814095E-1
2.823516562E0,3.095862567E-1,-8.958560228E-1,-3.437641263E-1
2.825863698E0,3.156948984E-1,-8.396564722E-1,-3.303250968E-1
2.828211510E0,3.279121816E-1,-7.810134888E-1,-3.132208884E-1
2.830558541E0,3.389077485E-1,-7.174835205E-1,-2.985601425E-1
2.832904896E0,3.474598527E-1,-6.368494034E-1,-2.838993669E-1
2.835252031E0,3.560119569E-1,-5.476631522E-1,-2.667951584E-1
2.837599844E0,3.731161654E-1,-4.706941843E-1,-2.472474724E-1
2.839946875E0,3.743379116E-1,-3.692906499E-1,-2.313650101E-1
2.842293177E0,3.755596280E-1,-2.788826823E-1,-2.142608017E-1
2.844640312E0,3.816682696E-1,-1.958050430E-1,-1.922696680E-1
2.846988177E0,3.804465532E-1,-1.017318889E-1,-1.690568030E-1
2.849335156E0,3.792248368E-1,-1.743255183E-2,-1.495091319E-1
2.851681510E0,3.706727028E-1,6.320159137E-2,-1.299614608E-1
2.854028646E0,3.511250615E-1,1.303967237E-1,-1.043051556E-1
2.856376458E0,3.315773606E-1,1.829310954E-1,-5.910116062E-2
2.858723489E0,3.181383610E-1,2.318002582E-1,-4.123336636E-3
2.861069791E0,2.961472273E-1,2.953301668E-1,5.329794809E-2
2.863416927E0,2.692691684E-1,3.527514637E-1,1.070540398E-1
2.865764791E0,2.423911244E-1,3.869598806E-1,1.583666801E-1
2.868111771E0,1.971871406E-1,4.162813723E-1,1.999054849E-1
2.870458125E0,1.434310228E-1,4.248334765E-1,2.402225584E-1
2.872805260E0,8.234456927E-2,4.101727307E-1,2.768744528E-1
2.875153073E0,7.819071412E-3,3.869598806E-1,3.061959445E-1
2.877500104E0,-7.892371714E-2,3.441993594E-1,3.318522573E-1
2.879846406E0,-1.766620725E-1,2.892215252E-1,3.538433909E-1
2.882193541E0,-2.792873383E-1,2.281350791E-1,3.733910620E-1
2.884541406E0,-3.904647231E-1,1.719355285E-1,3.892735541E-1
2.886888385E0,-5.077507496E-1,1.120707765E-1,4.027125835E-1
2.889234739E0,-6.323671341E-1,7.175369561E-2,4.112646878E-1
2.891581875E0,-7.655356526E-1,3.998873010E-2,4.137081206E-1
2.893929687E0,-9.011476040E-1,1.433241367E-2,4.173733294E-1
2.896276719E0,-1.041646600E0,3.336848691E-3,4.210385084E-1
2.898623021E0,-1.182145476E0,2.115119249E-3,4.234819710E-1
2.900970156E0,-1.323866129E0,1.066722535E-2,4.210385084E-1
2.903318021E0,-1.463143229E0,3.143662587E-2,4.149298668E-1
2.905665000E0,-1.590203047E0,7.297542691E-2,4.088212252E-1
2.908011354E0,-1.687941432E0,1.340619028E-1,4.014908373E-1
2.910358489E0,-1.753914833E0,2.354654670E-1,3.904952705E-1
2.912706302E0,-1.780792832E0,3.674122095E-1,3.794997036E-1
2.915053333E0,-1.769797325E0,5.262370110E-1,3.709475994E-1
2.917399635E0,-1.714819551E0,6.887270212E-1,3.623954952E-1
2.919746771E0,-1.637850523E0,8.683212996E-1,3.489564657E-1
2.922094635E0,-1.519342780E0,1.029589534E0,3.306305408E-1
2.924441614E0,-1.383730769E0,1.176197052E0,3.061959445E-1
2.926787969E0,-1.234679818E0,1.295926571E0,2.744309902E-1
2.929135000E0,-1.069746375E0,1.346017480E0,2.377790958E-1
2.931482916E0,-8.974824548E-1,1.331356764E0,1.974620223E-1
2.933829948E0,-7.227751613E-1,1.234840155E0,1.559232175E-1
2.936176250E0,-5.419591665E-1,1.054024100E0,1.131626889E-1
2.938523385E0,-3.599214852E-1,7.950174809E-1,6.918042153E-2
2.940871250E0,-1.827707142E-1,4.627071023E-1,1.664606296E-2
2.943218229E0,-1.295032911E-2,7.419715822E-2,-4.810559750E-2
2.945564583E0,1.544265896E-1,-3.595167994E-1,-1.201876402E-1
2.947911614E0,3.156948984E-1,-8.176653385E-1,-2.008217722E-1
2.950259531E0,4.647458792E-1,-1.280700803E0,-2.875645757E-1
2.952606562E0,6.076882482E-1,-1.737627625E0,-3.694204390E-1
2.954952864E0,7.213090658E-1,-2.171341419E0,-4.427241981E-1
2.957300000E0,8.141605258E-1,-2.581842661E0,-5.025889874E-1
2.959647812E0,8.764687181E-1,-2.956913471E0,-5.551233292E-1
2.961994844E0,9.082337022E-1,-3.284337044E0,-6.039925218E-1
2.964341198E0,9.155640602E-1,-3.564113140E0,-6.430878639E-1
2.966688229E0,9.045684934E-1,-3.793798208E0,-6.785179973E-1
2.969036146E0,8.789121509E-1,-3.978279352E0,-7.078395486E-1
2.971383177E0,8.251560926E-1,-4.088235378E0,-7.383827567E-1
2.973729479E0,7.616261244E-1,-4.151765347E0,-7.591521740E-1
2.976076614E0,6.993179321E-1,-4.150543213E0,-7.738128901E-1
2.978424427E0,6.345662475E-1,-4.076017857E0,-7.811433077E-1
2.980771458E0,5.698146224E-1,-3.942849159E0,-7.823650241E-1
2.983117812E0,5.001760125E-1,-3.753481150E0,-7.774780989E-1
2.985464844E0,4.293157458E-1,-3.507913351E0,-7.713694572E-1
2.987812760E0,3.547902405E-1,-3.229359150E0,-7.652608156E-1
2.990159791E0,2.827081978E-1,-2.908044338E0,-7.628173232E-1
2.992506094E0,2.057392448E-1,-2.545190573E0,-7.664825320E-1
2.994853229E0,1.336572021E-1,-2.166454554E0,-7.823650241E-1
2.997201041E0,6.035343558E-2,-1.780388117E0,-8.080213666E-1
2.999548073E0,-1.172860153E-2,-1.389434695E0,-8.410080075E-1
3.001894427E0,-7.281506807E-2,-1.009476900E0,-8.727729917E-1
3.004241458E0,-1.204625219E-1,-6.454014778E-1,-9.008727670E-1
3.006589375E0,-1.461188346E-1,-2.996520698E-1,-9.167552590E-1
3.008936406E0,-1.644447893E-1,1.677587256E-2,-9.191986918E-1
3.011282708E0,-1.668882519E-1,2.757824957E-1,-9.033162594E-1
3.013629844E0,-1.607796103E-1,4.651505649E-1,-8.752164841E-1
3.015977656E0,-1.620013267E-1,5.897669792E-1,-8.397862911E-1
3.018324687E0,-1.558926851E-1,6.532968879E-1,-7.970257998E-1
3.020670989E0,-1.546709388E-1,6.789532304E-1,-7.530435324E-1
3.023018125E0,-1.497840434E-1,6.374143958E-1,-7.066177726E-1
3.025365989E0,-1.387884617E-1,5.482281446E-1,-6.601920724E-1
3.027713021E0,-1.375667304E-1,4.297204018E-1,-6.125445962E-1
3.030059323E0,-1.363449991E-1,2.733390331E-1,-5.587885380E-1
3.032406458E0,-1.436753720E-1,9.374482185E-2,-5.086976290E-1
3.034754271E0,-1.497840434E-1,-1.090622619E-1,-4.598284066E-1
3.037101302E0,-1.607796103E-1,-3.191997409E-1,-4.097374976E-1
3.039447604E0,-1.839924604E-1,-5.195633769E-1,-3.645335138E-1
3.041794739E0,-2.120922357E-1,-7.150400877E-1,-3.168860674E-1
3.044142604E0,-2.463006526E-1,-8.836387396E-1,-2.606865168E-1
3.046489635E0,-2.792873383E-1,-1.016807199E0,-1.971565783E-1
3.048835937E0,-3.147175014E-1,-1.107215285E0,-1.385135651E-1
3.051183073E0,-3.501476645E-1,-1.130428076E0,-9.941823781E-2
3.053530885E0,-3.892430067E-1,-1.085224152E0,-8.720094711E-2
3.055877916E0,-4.222296774E-1,-9.850422144E-1,-9.819650650E-2
3.058224219E0,-4.539946616E-1,-8.335478306E-1,-1.250745505E-1
3.060571354E0,-4.735423326E-1,-6.527318954E-1,-1.531743258E-1
3.062919219E0,-4.906465411E-1,-4.328205884E-1,-1.849392951E-1
3.065266250E0,-4.991986156E-1,-1.713704467E-1,-2.130390704E-1
3.067612552E0,-5.089724660E-1,1.279532611E-1,-2.411388457E-1
3.069959687E0,-5.224115252E-1,4.541549981E-1,-2.619082332E-1
3.072307500E0,-5.395157337E-1,7.925740480E-1,-2.777907252E-1
3.074654531E0,-5.541764498E-1,1.110223651E0,-2.851211131E-1
3.077000833E0,-5.663937926E-1,1.385112882E0,-2.851211131E-1
3.079347969E0,-5.871631503E-1,1.616019726E0,-2.790124714E-1
3.081695833E0,-5.932717919E-1,1.780953169E0,-2.643516958E-1
3.084042864E0,-5.920500755E-1,1.893352270E0,-2.399171144E-1
3.086389166E0,-5.847197175E-1,1.942221403E0,-1.983783096E-1
3.088736302E0,-5.627285838E-1,1.923895478E0,-1.372918487E-1
3.091084114E0,-5.199680328E-1,1.839596152E0,-5.421424285E-2
3.093431146E0,-4.735423326E-1,1.708871126E0,4.474584013E-2
3.095777448E0,-4.332252443E-1,1.556154966E0,1.620318741E-1
3.098124583E0,-3.867995441E-1,1.385112882E0,2.964220941E-1
3.100472448E0,-3.501476645E-1,1.212849021E0,4.466948211E-1
3.102819427E0,-3.232696056E-1,1.046693802E0,6.152934432E-1
3.105165781E0,-3.073871136E-1,8.890906572E-1,7.936659455E-1
3.107512916E0,-3.196044266E-1,7.534787059E-1,9.793688655E-1
3.109860729E0,-3.501476645E-1,6.325274706E-1,1.169958711E0
3.112207760E0,-4.124558568E-1,5.360108614E-1,1.355661511E0
3.114554062E0,-4.845378995E-1,4.504898190E-1,1.536477566E0
3.116901198E0,-5.810545087E-1,3.967337012E-1,1.702632785E0
3.119249062E0,-6.897884607E-1,3.527514637E-1,1.856570601E0
3.121596041E0,-8.046309948E-1,3.270951211E-1,1.997069597E0
3.123942396E0,-9.219170213E-1,3.099909127E-1,2.127794504E0
3.126289427E0,-1.036759615E0,3.063257337E-1,2.252410889E0
3.128637344E0,-1.138163209E0,3.087691963E-1,2.380692482E0
3.130984375E0,-1.224905968E0,3.087691963E-1,2.508974075E0
3.133330677E0,-1.307983637E0,3.038822711E-1,2.618929863E0
3.135677812E0,-1.380065680E0,3.185430169E-1,2.691011906E0
3.138025625E0,-1.431378245E0,3.490862548E-1,2.721554995E0
3.140372656E0,-1.468030095E0,4.150596559E-1,2.697120428E0
3.142719010E0,-1.480247498E0,4.993590117E-1,2.637255669E0
3.145066041E0,-1.476582289E0,6.166450381E-1,2.543182611E0
3.147413958E0,-1.457034588E0,7.461483479E-1,2.418566227E0
3.149760989E0,-1.424047947E0,8.695430160E-1,2.264628172E0
3.152107291E0,-1.382509112E0,9.758334756E-1,2.110690355E0
3.154454427E0,-1.332418203E0,1.074793577E0,1.956752419E0
3.156802239E0,-1.282327294E0,1.171310186E0,1.810144901E0
3.159149271E0,-1.218797326E0,1.240948796E0,1.670867801E0
3.161495625E0,-1.152823925E0,1.297148347E0,1.545029640E0
3.163842656E0,-1.110063434E0,1.358234763E0,1.431408763E0
3.166190573E0,-1.062415957E0,1.374117255E0,1.332448721E0
3.168537604E0,-1.037981391E0,1.377782464E0,1.237153769E0
3.170883906E0,-1.031872749E0,1.342352271E0,1.156519651E0
3.173231041E0,-1.053863883E0,1.271492004E0,1.091768026E0
3.175578854E0,-1.079520226E0,1.165201545E0,1.040455341E0
3.177925885E0,-1.116172075E0,1.044250369E0,9.976947904E-1
3.180272187E0,-1.150380492E0,9.123035073E-1,9.622645974E-1
3.182619323E0,-1.183367133E0,7.693611979E-1,9.219475389E-1
3.184967187E0,-1.218797326E0,6.264188290E-1,8.706349134E-1
3.187314219E0,-1.246897101E0,4.749243855E-1,8.083267212E-1
3.189660521E0,-1.277440310E0,3.222082257E-1,7.411316037E-1
3.192007656E0,-1.310427070E0,1.756007075E-1,6.702712774E-1
3.194355469E0,-1.339748502E0,2.654970810E-2,6.030761600E-1
3.196702500E0,-1.366626620E0,-1.139491722E-1,5.371027589E-1
3.199048802E0,-1.393504620E0,-2.520046234E-1,4.784598053E-1
3.201395937E0,-1.416717529E0,-3.839513958E-1,4.308123589E-1
3.203743802E0,-1.443595529E0,-5.049026012E-1,3.929387331E-1
3.206090833E0,-1.469251871E0,-6.185234785E-1,3.648389578E-1
3.208437135E0,-1.494908214E0,-7.223704457E-1,3.477347493E-1
3.210784271E0,-1.513234138E0,-8.249957561E-1,3.416261077E-1
3.213132083E0,-1.534003496E0,-9.190688729E-1,3.465130031E-1
3.215479114E0,-1.547442555E0,-1.000924706E0,3.660606742E-1
3.217825416E0,-1.553551197E0,-1.075450301E0,3.953821957E-1
3.220172552E0,-1.563325047E0,-1.143867135E0,4.259254336E-1
3.222520416E0,-1.579207540E0,-1.203731894E0,4.491382837E-1
3.224867396E0,-1.592646599E0,-1.261153102E0,4.699077010E-1
3.227213750E0,-1.606085539E0,-1.300248504E0,4.894553721E-1
3.229560885E0,-1.608529091E0,-1.313687563E0,5.102247596E-1
3.231908698E0,-1.604863882E0,-1.292918086E0,5.309941173E-1
3.234255729E0,-1.584094405E0,-1.245270610E0,5.432114005E-1
3.236602031E0,-1.565768480E0,-1.168301702E0,5.395462513E-1
3.238949166E0,-1.535225272E0,-1.079115510E0,5.395462513E-1
3.241296979E0,-1.513234138E0,-9.728249907E-1,5.297724009E-1
3.243644010E0,-1.486356139E0,-8.873039484E-1,5.151116252E-1
3.245990364E0,-1.471695304E0,-7.822352052E-1,4.980074465E-1
3.248337396E0,-1.449704170E0,-6.600622535E-1,4.943422973E-1
3.250685312E0,-1.427713037E0,-5.207850933E-1,5.028944016E-1
3.253032344E0,-1.410608888E0,-3.595167994E-1,5.224420428E-1
3.255378646E0,-1.386174321E0,-1.994702220E-1,5.517635345E-1
3.257725781E0,-1.361739635E0,-3.209330514E-2,5.896371603E-1
3.260073594E0,-1.328752995E0,1.242880747E-1,6.385063529E-1
3.262420625E0,-1.299431443E0,2.684521079E-1,6.995927691E-1
3.264766927E0,-1.271331668E0,3.881815970E-1,7.765617371E-1
3.267114062E0,-1.243231893E0,4.834765196E-1,8.620828390E-1
3.269461927E0,-1.221240759E0,5.555585623E-1,9.585994482E-1
3.271808958E0,-1.198027968E0,6.190884709E-1,1.062446475E0
3.274155260E0,-1.176036835E0,6.716228127E-1,1.169958711E0
3.276502396E0,-1.152823925E0,7.302658558E-1,1.277470827E0
3.278850208E0,-1.125945926E0,7.962392569E-1,1.380096197E0
3.281197239E0,-1.092959166E0,8.878689408E-1,1.470504165E0
3.283543541E0,-1.057529092E0,1.016150594E0,1.540142655E0
3.285890677E0,-1.001329422E0,1.162758112E0,1.595120549E0
3.288238541E0,-9.500167966E-1,1.347239256E0,1.632994175E0
3.290585573E0,-8.852651715E-1,1.545159340E0,1.667202592E0
3.292931875E0,-7.985223532E-1,1.734527469E0,1.702632785E0
3.295279010E0,-7.142230272E-1,1.926339030E0,1.733175993E0
3.297626823E0,-6.409192681E-1,2.127924442E0,1.768606067E0
3.299973854E0,-5.798327923E-1,2.330731630E0,1.797927618E0
3.302320156E0,-5.419591665E-1,2.510325670E0,1.813810110E0
3.304667291E0,-5.297418833E-1,2.674037457E0,1.817475319E0
3.307015156E0,-5.358505249E-1,2.812093019E0,1.808923244E0
3.309362135E0,-5.651720166E-1,2.920826912E0,1.788153768E0
3.311708489E0,-6.115977764E-1,3.008791447E0,1.767384410E0
3.314055625E0,-6.812363267E-1,3.073543072E0,1.745393276E0
3.316403437E0,-7.655356526E-1,3.119968653E0,1.702632785E0
3.318750469E0,-8.547219038E-1,3.140738249E0,1.639102817E0
3.321096771E0,-9.451298714E-1,3.150511980E0,1.558468699E0
3.323443906E0,-1.031872749E0,3.132185936E0,1.477834463E0
3.325791771E0,-1.107620001E0,3.096755981E0,1.400865555E0
3.328138750E0,-1.184588909E0,3.055217028E0,1.320231438E0
3.330485052E0,-1.244453669E0,2.979469776E0,1.240818977E0
3.332832187E0,-1.295766354E0,2.903722763E0,1.156519651E0
3.335180052E0,-1.337305069E0,2.829197168E0,1.069776893E0
3.337527083E0,-1.381287336E0,2.763223648E0,9.805905819E-1
3.339873385E0,-1.424047947E0,2.702137232E0,8.962912560E-1
3.342220521E0,-1.474138856E0,2.671594143E0,8.217657208E-1
3.344568333E0,-1.516899347E0,2.644716024E0,7.606792450E-1
3.346915364E0,-1.563325047E0,2.627611876E0,7.118101120E-1
3.349261666E0,-1.603642106E0,2.625168324E0,6.702712774E-1
3.351608802E0,-1.631741881E0,2.626389980E0,6.385063529E-1
3.353956666E0,-1.664728642E0,2.649602890E0,6.055196524E-1
3.356303698E0,-1.683054566E0,2.666707039E0,5.774198771E-1
3.358650000E0,-1.690384865E0,2.692363501E0,5.456548929E-1
3.360997135E0,-1.698937058E0,2.709467649E0,5.138899088E-1
3.363344948E0,-1.698937058E0,2.713132858E0,4.845684469E-1
3.365691979E0,-1.697715282E0,2.713132858E0,4.564686716E-1
3.368038281E0,-1.691606641E0,2.697250366E0,4.332558215E-1
3.370385416E0,-1.680611134E0,2.658154964E0,4.198167920E-1
3.372733281E0,-1.657398224E0,2.592181683E0,4.173733294E-1
3.375080312E0,-1.650067806E0,2.535982132E0,4.137081206E-1
3.377426614E0,-1.636628866E0,2.471230507E0,4.137081206E-1
3.379773750E0,-1.613415956E0,2.385709286E0,4.222602546E-1
3.382121562E0,-1.597533464E0,2.320957661E0,4.295906126E-1
3.384468594E0,-1.581650972E0,2.251319170E0,4.381427169E-1
3.386814896E0,-1.574320674E0,2.176793575E0,4.601338506E-1
3.389162031E0,-1.574320674E0,2.103489876E0,5.077812672E-1
3.391509896E0,-1.573098898E0,2.035073042E0,5.566504598E-1
3.393856875E0,-1.573098898E0,1.972764730E0,5.969675183E-1
3.396203229E0,-1.580429316E0,1.909234762E0,6.287325025E-1
3.398550260E0,-1.576764107E0,1.834709287E0,6.458367109E-1
3.400898177E0,-1.571877122E0,1.750409961E0,6.482801437E-1
3.403245208E0,-1.564546824E0,1.646562934E0,6.470584273E-1
3.405591510E0,-1.554772973E0,1.537829041E0,6.495018601E-1
3.407938646E0,-1.536447048E0,1.393664956E0,6.617192030E-1
3.410286458E0,-1.523007989E0,1.247057438E0,6.800451279E-1
3.412633489E0,-1.516899347E0,1.117554069E0,6.861537695E-1
3.414979791E0,-1.502238631E0,9.917159081E-1,6.788234115E-1
3.417326927E0,-1.463143229E0,8.573257327E-1,6.580539942E-1
3.419674791E0,-1.437486887E0,8.170086145E-1,6.091848016E-1
3.422021823E0,-1.450925946E0,7.766915560E-1,5.407679677E-1
3.424368125E0,-1.507125497E0,6.850618720E-1,5.004509687E-1
3.426715260E0,-1.597533464E0,5.653323531E-1,4.980074465E-1
3.429063073E0,-1.700158715E0,4.272769392E-1,5.273289680E-1
3.431410104E0,-1.808892608E0,3.099909127E-1,5.615373850E-1
3.433756406E0,-1.896857142E0,2.146960497E-1,5.945240855E-1
3.436103541E0,-1.967717528E0,1.694920659E-1,6.299542189E-1
3.438451406E0,-2.019030094E0,1.536095738E-1,6.702712774E-1
3.440798437E0,-2.049573183E0,1.572747529E-1,7.154752612E-1
3.443144739E0,-2.059347153E0,1.731572449E-1,7.643444538E-1
3.445491875E0,-2.043464661E0,1.829310954E-1,8.132136464E-1
3.447839687E0,-2.012921333E0,1.890397370E-1,8.669697046E-1
3.450186719E0,-1.976269603E0,2.012570202E-1,9.158388972E-1
3.452533021E0,-1.915183187E0,1.914831996E-1,9.671515226E-1
3.454880156E0,-1.850431442E0,1.817093492E-1,1.017242551E0
3.457227969E0,-1.777127743E0,1.548312902E-1,1.066111684E0
3.459575104E0,-1.685497999E0,1.132925078E-1,1.111315727E0
3.461921354E0,-1.592646599E0,7.175369561E-2,1.152854443E0
3.464268385E0,-1.486356139E0,1.555414125E-2,1.189506412E0
3.466616302E0,-1.371513486E0,-3.698022291E-2,1.217606187E0
3.468963333E0,-1.250562310E0,-9.317976981E-2,1.242040753E0
3.471309635E0,-1.123502493E0,-1.444924176E-1,1.257923245E0
3.473656771E0,-1.006216288E0,-1.615966260E-1,1.262810111E0
3.476004583E0,-8.901520371E-1,-1.787008345E-1,1.255479693E0
3.478351614E0,-7.704225779E-1,-1.860312223E-1,1.243262410E0
3.480697916E0,-6.665755510E-1,-1.725921929E-1,1.220049620E0
3.483045052E0,-5.737241507E-1,-1.408272386E-1,1.190728068E0
3.485392916E0,-4.882031083E-1,-8.218421787E-2,1.154076219E0
3.487739948E0,-4.124558568E-1,4.558578134E-3,1.114980817E0
3.490086250E0,-3.440389931E-1,1.059621200E-1,1.077107310E0
3.492433385E0,-2.792873383E-1,2.464610040E-1,1.034346700E0
3.494781198E0,-2.194226235E-1,4.089510143E-1,9.915861487E-1
3.497128229E0,-1.864359230E-1,6.239753962E-1,9.427169561E-1
3.499474531E0,-1.546709388E-1,8.536605239E-1,8.938477635E-1
3.501821666E0,-1.290146261E-1,1.089454293E0,8.449785709E-1
3.504169531E0,-1.277928948E-1,1.325248122E0,7.948877215E-1
3.506516562E0,-1.277928948E-1,1.535385609E0,7.460185289E-1
3.508862864E0,-1.277928948E-1,1.716201544E0,6.995927691E-1
3.511210000E0,-1.546709388E-1,1.884800196E0,6.495018601E-1
3.513557812E0,-1.827707142E-1,2.014303684E0,5.994109511E-1
3.515904844E0,-2.047618479E-1,2.097381115E0,5.542069674E-1
3.518251146E0,-2.377485484E-1,2.152359009E0,5.114464760E-1
3.520598281E0,-2.768438756E-1,2.180458784E0,4.674642384E-1
3.522946094E0,-3.049436510E-1,2.182902336E0,4.271471500E-1
3.525293125E0,-3.293782473E-1,2.149915695E0,3.929387331E-1
3.527639427E0,-3.538128436E-1,2.096159458E0,3.562868536E-1
3.529986562E0,-3.794691563E-1,2.026520967E0,3.171915114E-1
3.532334427E0,-3.965733647E-1,1.939777970E0,2.805396318E-1
3.534681458E0,-4.075689316E-1,1.832265854E0,2.487746477E-1
3.537027760E0,-4.210079610E-1,1.712536335E0,2.109010518E-1
3.539374896E0,-4.307817817E-1,1.581811309E0,1.730274409E-1
3.541722708E0,-4.368904531E-1,1.444977522E0,1.302669048E-1
3.544069739E0,-4.356687069E-1,1.295926571E0,8.750636876E-2
3.546416041E0,-4.429990947E-1,1.166423202E0,3.497200459E-2
3.548763177E0,-4.454425573E-1,1.032032967E0,-1.756235957E-2
3.551111041E0,-4.527729154E-1,9.074166417E-1,-7.620538026E-2
3.553458021E0,-4.588815868E-1,7.962392569E-1,-1.409570277E-1
3.555804375E0,-4.674336910E-1,6.936139464E-1,-2.093738765E-1
3.558151510E0,-4.772075415E-1,6.007625461E-1,-2.753472626E-1
3.560499323E0,-4.857596159E-1,5.164632201E-1,-3.462075889E-1
3.562846354E0,-4.894248247E-1,4.431594312E-1,-4.158461690E-1
3.565192656E0,-4.918682575E-1,3.796294928E-1,-4.842630029E-1
3.567539791E0,-4.918682575E-1,3.283168674E-1,-5.526798964E-1
3.569887604E0,-4.784292579E-1,2.794476748E-1,-6.210967302E-1
3.572234635E0,-4.588815868E-1,2.354654670E-1,-6.882918477E-1
3.574580989E0,-4.368904531E-1,2.000353038E-1,-7.567086816E-1
3.576928021E0,-4.075689316E-1,1.633834243E-1,-8.190168738E-1
3.579275937E0,-3.758039773E-1,1.328401864E-1,-8.788816333E-1
3.581622969E0,-3.403738141E-1,1.145142242E-1,-9.338594675E-1
3.583969271E0,-2.951698303E-1,9.985347837E-2,-9.839503765E-1
3.586316406E0,-2.524093091E-1,9.741001576E-2,-1.029154301E0
3.588664219E0,-1.986532062E-1,9.374482185E-2,-1.065806150E0
3.591011250E0,-1.412319243E-1,9.374482185E-2,-1.097571135E0
3.593357552E0,-7.281506807E-2,7.541888952E-2,-1.119562268E0
3.595704687E0,4.886947572E-4,5.464948341E-2,-1.141553402E0
3.598052552E0,7.745765150E-2,2.532797679E-2,-1.162322760E0
3.600399531E0,1.642004400E-1,-2.109774202E-2,-1.176983595E0
3.602745885E0,2.656039894E-1,-8.462766558E-2,-1.187979102E0
3.605093021E0,3.731161654E-1,-1.677052677E-1,-1.190422535E0
3.607440833E0,4.916239679E-1,-2.617784441E-1,-1.186757445E0
3.609787864E0,6.101316810E-1,-3.631820083E-1,-1.172096610E0
3.612134166E0,7.347480655E-1,-4.890201092E-1,-1.145218611E0
3.614481302E0,8.605862260E-1,-6.124148369E-1,-1.111010194E0
3.616829166E0,9.888677597E-1,-7.480267882E-1,-1.069471359E0
3.619176146E0,1.115927577E0,-8.848604560E-1,-1.023045659E0
3.621522500E0,1.245430946E0,-1.022915959E0,-9.717330933E-1
3.623869531E0,1.371269107E0,-1.156084418E0,-9.204204679E-1
3.626217448E0,1.490998507E0,-1.286809444E0,-8.703295588E-1
3.628564479E0,1.605841160E0,-1.400430322E0,-8.214603662E-1
3.630910781E0,1.720683694E0,-1.504277349E0,-7.701477408E-1
3.633257916E0,1.818422079E0,-1.586133122E0,-7.273871899E-1
3.635605729E0,1.919825554E0,-1.667989016E0,-6.870701313E-1
3.637952760E0,2.020007610E0,-1.737627625E0,-6.516399980E-1
3.640299062E0,2.110415459E0,-1.785275102E0,-6.259836555E-1
3.642646198E0,2.194714785E0,-1.820705175E0,-6.052142382E-1
3.644994062E0,2.274127245E0,-1.832922578E0,-5.929969549E-1
3.647341041E0,2.344987631E0,-1.835366011E0,-5.881100297E-1
3.649687396E0,2.408517599E0,-1.828035593E0,-5.856665969E-1
3.652034531E0,2.468382120E0,-1.813374877E0,-5.905535221E-1
3.654382344E0,2.531912088E0,-1.820705175E0,-5.954403877E-1
3.656729375E0,2.573451042E0,-1.804822803E0,-6.052142382E-1
3.659075677E0,2.622320175E0,-1.802379251E0,-6.149880886E-1
3.661422812E0,2.656528473E0,-1.785275102E0,-6.320922971E-1
3.663770625E0,2.693180561E0,-1.784053326E0,-6.516399980E-1
3.666117656E0,2.727388859E0,-1.788940310E0,-6.748528481E-1
3.668463958E0,2.756710291E0,-1.777944684E0,-7.005091310E-1
3.670811094E0,2.781144857E0,-1.760840535E0,-7.237219810E-1
3.673158958E0,2.808022976E0,-1.730297208E0,-7.432696819E-1
3.675505989E0,2.834901094E0,-1.681428075E0,-7.628173232E-1
3.677852291E0,2.852005243E0,-1.636224031E0,-7.884736657E-1
3.680199427E0,2.875218153E0,-1.611789465E0,-8.177951574E-1
3.682547239E0,2.889878988E0,-1.592241764E0,-8.532253504E-1
3.684894271E0,2.914313555E0,-1.595906973E0,-8.898772001E-1
3.687240573E0,2.954630613E0,-1.591020107E0,-9.191986918E-1
3.689587708E0,3.003499746E0,-1.570250750E0,-9.424116015E-1
3.691935573E0,3.058477640E0,-1.539707422E0,-9.607375264E-1
3.694282552E0,3.102459908E0,-1.510385990E0,-9.815069437E-1
3.696628906E0,3.125672579E0,-1.477399230E0,-1.010828376E0
3.698976041E0,3.129337788E0,-1.470068932E0,-1.040149927E0
3.701323854E0,3.100016356E0,-1.484729648E0,-1.057254076E0
3.703670885E0,3.047482014E0,-1.516494632E0,-1.052367210E0
3.706017187E0,2.972956419E0,-1.540929198E0,-1.019380450E0
3.708364323E0,2.898431063E0,-1.532377124E0,-9.534071684E-1
3.710712135E0,2.838566303E0,-1.452964664E0,-8.605557084E-1
3.713059166E0,2.783588409E0,-1.318574429E0,-7.567086816E-1
3.715405469E0,2.727388859E0,-1.165858269E0,-6.479747891E-1
3.717752604E0,2.655306816E0,-1.038798332E0,-5.502364039E-1
3.720100469E0,2.582003117E0,-9.459469318E-1,-4.634936154E-1
3.722447500E0,2.508699417E0,-8.555389643E-1,-3.962984979E-1
3.724793802E0,2.446391106E0,-7.675744295E-1,-3.425423801E-1
3.727140937E0,2.404852390E0,-6.796099544E-1,-3.119991422E-1
3.729488750E0,2.373087406E0,-5.965323448E-1,-3.083339632E-1
3.731835781E0,2.347430944E0,-5.354458690E-1,-3.156643510E-1
3.734182083E0,2.315665960E0,-4.670290053E-1,-3.388772011E-1
3.736529219E0,2.299783468E0,-3.986121416E-1,-3.755290806E-1
3.738877083E0,2.299783468E0,-3.228649199E-1,-4.207330644E-1
3.741224062E0,2.296118498E0,-2.226831019E-1,-4.757108986E-1
3.743570416E0,2.320553064E0,-1.188360974E-1,-5.282452703E-1
3.745917448E0,2.352318048E0,-2.476292849E-2,-5.746710300E-1
3.748265364E0,2.385304689E0,5.831466988E-2,-6.186532974E-1
3.750612396E0,2.425621748E0,1.120707765E-1,-6.553051472E-1
3.752958698E0,2.456164837E0,1.365053654E-1,-6.846266389E-1
3.755305833E0,2.478156090E0,1.145142242E-1,-7.078395486E-1
3.757653646E0,2.502590656E0,5.831466988E-2,-7.212785482E-1
3.760000677E0,2.520916700E0,-7.658716291E-3,-7.334958315E-1
3.762346979E0,2.544129372E0,-8.218421787E-2,-7.396044731E-1
3.764694114E0,2.562455416E0,-1.396054924E-1,-7.432696819E-1
3.767041979E0,2.607659340E0,-2.251265645E-1,-7.408261895E-1
3.769389010E0,2.643089533E0,-2.959868908E-1,-7.506000400E-1
3.771735312E0,2.678519726E0,-3.692906499E-1,-7.664825320E-1
3.774082448E0,2.722501993E0,-4.364857674E-1,-7.896953821E-1
3.776430260E0,2.766484261E0,-5.049026012E-1,-8.153517246E-1
3.778777291E0,2.800692558E0,-5.782063603E-1,-8.312342167E-1
3.781123594E0,2.817796946E0,-6.771664619E-1,-8.483384252E-1
3.783470729E0,2.816575050E0,-8.469868898E-1,-8.862120509E-1
3.785818541E0,2.793362379E0,-1.059567809E0,-9.326377511E-1
3.788165573E0,2.766484261E0,-1.297805071E0,-9.802851677E-1
3.790511875E0,2.751823425E0,-1.554368258E0,-1.024267435E0
3.792859010E0,2.738384485E0,-1.812153101E0,-1.067027926E0
3.795206875E0,2.722501993E0,-2.066272736E0,-1.113453627E0
3.797553906E0,2.726167202E0,-2.331387997E0,-1.154992461E0
3.799900208E0,2.739606142E0,-2.578177452E0,-1.191644311E0
3.802247344E0,2.762819052E0,-2.810306072E0,-1.219744086E0
3.804595156E0,2.793362379E0,-3.013113022E0,-1.244178653E0
3.806942187E0,2.844674826E0,-3.202481031E0,-1.260061145E0
3.809288489E0,2.900874376E0,-3.358862400E0,-1.273500204E0
3.811635625E0,2.946078539E0,-3.506691694E0,-1.299156547E0
3.813983489E0,2.976621628E0,-3.689951181E0,-1.349247456E0
3.816330469E0,2.981508493E0,-3.875653982E0,-1.427438140E0
3.818676823E0,2.971734762E0,-3.992939711E0,-1.493411541E0
3.821023854E0,2.959517479E0,-4.014931202E0,-1.511737466E0
3.823371771E0,2.930196047E0,-3.919636250E0,-1.523954749E0
3.825718802E0,2.898431063E0,-3.746150732E0,-1.550832748E0
3.828065104E0,2.838566303E0,-3.483478785E0,-1.618027925E0
3.830412239E0,2.762819052E0,-3.153611898E0,-1.707214117E0
3.832760052E0,2.656528473E0,-2.752884626E0,-1.808617711E0
3.835107083E0,2.528246880E0,-2.321614265E0,-1.917351604E0
3.837453385E0,2.379195929E0,-1.916000128E0,-2.026085615E0
3.839800521E0,2.237475395E0,-1.581246257E0,-2.127489090E0
3.842148385E0,2.098198175E0,-1.289252877E0,-2.208123207E0
3.844495364E0,1.954033971E0,-1.029024601E0,-2.261879206E0
3.846841719E0,1.814756870E0,-8.225522637E-1,-2.277761698E0
3.849188854E0,1.669371009E0,-6.600622535E-1,-2.265544415E0
3.851536666E0,1.514211416E0,-5.330023766E-1,-2.230114460E0
3.853883698E0,1.371269107E0,-4.401509464E-1,-2.166584492E0
3.856230000E0,1.235657096E0,-3.558516204E-1,-2.077398062E0
3.858577135E0,1.102488637E0,-2.752174735E-1,-1.972329378E0
3.860924948E0,9.900895357E-1,-2.177961767E-1,-1.851378202E0
3.863271979E0,8.850207925E-1,-1.799225509E-1,-1.724318385E0
3.865618281E0,7.933911085E-1,-1.677052677E-1,-1.592371583E0
3.867965416E0,7.164221406E-1,-1.811442971E-1,-1.457981348E0
3.870313281E0,6.443400979E-1,-2.104657888E-1,-1.324812889E0
3.872660312E0,5.832536221E-1,-2.715522945E-1,-1.190422535E0
3.875006614E0,5.380496383E-1,-3.619602621E-1,-1.053588867E0
3.877353750E0,4.928456843E-1,-4.682507217E-1,-9.179769754E-1
3.879701562E0,4.525285959E-1,-5.879802108E-1,-7.872519493E-1
3.882048594E0,4.207636118E-1,-7.309225798E-1,-6.589703560E-1
3.884394896E0,3.902204037E-1,-8.787518144E-1,-5.416843295E-1
3.886742031E0,3.560119569E-1,-1.021694183E0,-4.561632276E-1
3.889089844E0,3.279121816E-1,-1.134093285E0,-4.011853933E-1
3.891436875E0,2.985906899E-1,-1.209840536E0,-3.694204390E-1
3.893783177E0,2.765995562E-1,-1.253822803E0,-3.462075889E-1
3.896130312E0,2.582736015E-1,-1.274592161E0,-3.291033804E-1
3.898478177E0,2.411693782E-1,-1.277035594E0,-3.071122468E-1
3.900825208E0,2.265086323E-1,-1.258709669E0,-2.826776505E-1
3.903171510E0,2.228434533E-1,-1.233053327E0,-2.484692186E-1
3.905518646E0,2.106261402E-1,-1.190292835E0,-2.130390704E-1
3.907866458E0,1.984088570E-1,-1.137758493E0,-1.715002656E-1
3.910213489E0,2.094044238E-1,-1.109658718E0,-1.238528267E-1
3.912559791E0,2.057392448E-1,-1.058346033E0,-8.109229803E-2
3.914906927E0,2.142913491E-1,-1.021694183E0,-3.833176196E-2
3.917254791E0,2.167348117E-1,-9.752684832E-1,3.207039787E-3
3.919601771E0,2.289520949E-1,-9.361730814E-1,4.352411255E-2
3.921948125E0,2.436128408E-1,-9.007429481E-1,8.261945099E-2
3.924295156E0,2.533867061E-1,-8.555389643E-1,1.156061441E-1
3.926643073E0,2.765995562E-1,-8.176653385E-1,1.534797698E-1
3.928990104E0,2.912603021E-1,-7.675744295E-1,1.864664555E-1
3.931336406E0,3.132514358E-1,-7.150400877E-1,2.194531560E-1
3.933683541E0,3.425729275E-1,-6.698361039E-1,2.585484982E-1
3.936031354E0,3.682292700E-1,-6.197451949E-1,2.939786613E-1
3.938378385E0,3.938855827E-1,-5.720977187E-1,3.269653320E-1
3.940724687E0,4.158767164E-1,-5.256720185E-1,3.623954952E-1
3.943071823E0,4.464199543E-1,-4.963505268E-1,3.966039121E-1
3.945419687E0,4.696328044E-1,-4.560334384E-1,4.283688962E-1
3.947766666E0,4.940674007E-1,-4.242684841E-1,4.613555968E-1
3.950113021E0,5.148367882E-1,-4.022773504E-1,4.955640137E-1
3.952460052E0,5.319409966E-1,-3.802862167E-1,5.285506845E-1
3.954807969E0,5.466017723E-1,-3.595167994E-1,5.603156686E-1
3.957155000E0,5.600407720E-1,-3.497429788E-1,5.896371603E-1
3.959501302E0,5.637059808E-1,-3.375256956E-1,6.165152192E-1
3.961848437E0,5.575973392E-1,-3.167562783E-1,6.397280693E-1
3.964196250E0,5.429365635E-1,-2.996520698E-1,6.580539942E-1
3.966543281E0,5.209454298E-1,-2.947651446E-1,6.751582026E-1
3.968889583E0,4.904021919E-1,-2.862130404E-1,6.885972023E-1
3.971236719E0,4.525285959E-1,-2.813261151E-1,6.983710527E-1
3.973584583E0,3.975507617E-1,-2.776609361E-1,6.995927691E-1
3.975931562E0,3.401294947E-1,-2.923216820E-1,6.947059035E-1
3.978277916E0,2.594953477E-1,-2.923216820E-1,6.751582026E-1
3.980624948E0,1.764177233E-1,-3.082041740E-1,6.543887854E-1
3.982972864E0,7.867938280E-2,-3.228649199E-1,6.250672936E-1
3.985319896E0,-3.249800205E-2,-3.338604867E-1,5.896371603E-1
3.987666198E0,-1.620013267E-1,-3.314170241E-1,5.615373850E-1
3.990013333E0,-3.134957552E-1,-3.008738160E-1,5.371027589E-1
3.992361146E0,-4.674336910E-1,-2.581132650E-1,5.114464760E-1
3.994708177E0,-6.360323429E-1,-1.970267892E-1,4.796815217E-1
3.997054479E0,-7.985223532E-1,-1.139491722E-1,4.503600299E-1
3.999401614E0,-9.390212297E-1,-2.771798521E-3,4.210385084E-1
4.001749479E0,-1.058750749E0,1.389488280E-1,3.892735541E-1
4.004096510E0,-1.150380492E0,3.136561215E-1,3.562868536E-1
4.006442812E0,-1.207801819E0,5.079110861E-1,3.281870782E-1
4.008789844E0,-1.223684311E0,7.058312893E-1,3.000873029E-1
4.011137760E0,-1.215132117E0,9.147469997E-1,2.744309902E-1
4.013484791E0,-1.176036835E0,1.098006368E0,2.597702146E-1
4.015831094E0,-1.116172075E0,1.273935437E0,2.451094687E-1
4.018178229E0,-1.024542332E0,1.414434314E0,2.353356332E-1
4.020526041E0,-9.109214544E-1,1.519503117E0,2.243400663E-1
4.022873073E0,-7.789747119E-1,1.569594026E0,2.109010518E-1
4.025219375E0,-6.335889101E-1,1.548824549E0,1.864664555E-1
4.027566510E0,-4.894248247E-1,1.464525223E0,1.559232175E-1
4.029914375E0,-3.220478892E-1,1.287374496E0,1.229365245E-1
4.032261354E0,-1.717751771E-1,1.047915459E0,8.017598838E-2
4.034607708E0,-2.638935484E-2,7.241572142E-1,3.252854571E-2
4.036954739E0,1.189964637E-1,3.319820464E-1,-1.756235957E-2
4.039302656E0,2.533867061E-1,-1.237230077E-1,-7.742711157E-2
4.041649687E0,3.755596280E-1,-6.197451949E-1,-1.446222216E-1
4.043995989E0,4.952891171E-1,-1.145088792E0,-2.081521451E-1
4.046343125E0,6.003578305E-1,-1.666767359E0,-2.631299794E-1
4.048690937E0,6.785485148E-1,-2.170119762E0,-3.034470379E-1
4.051037969E0,7.298611999E-1,-2.622159719E0,-3.266599178E-1
4.053384271E0,7.433001995E-1,-3.017999887E0,-3.339902759E-1
4.055731406E0,7.103134990E-1,-3.357640743E0,-3.339902759E-1
4.058079271E0,6.467835903E-1,-3.648412466E0,-3.327685595E-1
4.060426302E0,5.722580552E-1,-3.880540848E0,-3.315468132E-1
4.062772604E0,4.867370427E-1,-4.028370380E0,-3.400989175E-1
4.065119739E0,3.877769411E-1,-4.085791588E0,-3.559814095E-1
4.067467552E0,3.034775853E-1,-4.078461170E0,-3.681987226E-1
4.069814583E0,2.142913491E-1,-3.981944323E0,-3.804160058E-1
4.072160885E0,1.373223811E-1,-3.840223789E0,-3.889681101E-1
4.074508021E0,5.913171172E-2,-3.641082048E0,-3.950767517E-1
4.076855833E0,-4.398221150E-3,-3.412618637E0,-3.999636769E-1
4.079202864E0,-6.304123253E-2,-3.143838167E0,-4.048506021E-1
4.081549166E0,-1.106886864E-1,-2.851844788E0,-4.109592438E-1
4.083896302E0,-1.473405808E-1,-2.540303707E0,-4.195113480E-1
4.086244166E0,-1.729968935E-1,-2.194554329E0,-4.366155565E-1
4.088591146E0,-1.827707142E-1,-1.839031219E0,-4.622718692E-1
4.090937500E0,-1.925445646E-1,-1.457851529E0,-4.989237785E-1
4.093284635E0,-1.778838187E-1,-1.094997883E0,-5.404626131E-1
4.095632448E0,-1.534492224E-1,-7.504702210E-1,-5.832231045E-1
4.097979479E0,-1.253494322E-1,-4.352640510E-1,-6.235401630E-1
4.100325781E0,-8.747582138E-2,-1.677052677E-1,-6.565268636E-1
4.102672916E0,-5.082394183E-2,5.953640118E-2,-6.846266389E-1
4.105020729E0,-8.063411340E-3,2.354654670E-1,-7.041743398E-1
4.107367760E0,2.858847193E-2,3.784077764E-1,-7.188351154E-1
4.109714062E0,6.524036080E-2,4.895851612E-1,-7.273871899E-1
4.112061198E0,1.018922403E-1,5.531150699E-1,-7.286089063E-1
4.114409062E0,1.312137395E-1,5.897669792E-1,-7.273871899E-1
4.116756094E0,1.568700522E-1,5.885452032E-1,-7.151699066E-1
4.119102396E0,1.776394695E-1,5.543367863E-1,-6.907352805E-1
4.121449427E0,1.813046485E-1,4.944720864E-1,-6.553051472E-1
4.123797344E0,1.739742607E-1,4.065075517E-1,-6.039925218E-1
4.126144375E0,1.580917984E-1,2.941084504E-1,-5.367974043E-1
4.128490677E0,1.348789185E-1,1.536095738E-1,-4.549415112E-1
4.130837812E0,1.031139717E-1,-5.215257406E-3,-3.681987226E-1
4.133185625E0,8.234456927E-2,-1.958050430E-1,-2.741255462E-1
4.135532656E0,6.157516688E-2,-3.925035000E-1,-1.837175637E-1
4.137878958E0,5.180133134E-2,-5.928671360E-1,-9.330958873E-2
4.140226094E0,4.935787618E-2,-8.054480553E-1,5.650498904E-3
4.142573906E0,4.691441357E-2,-1.015585542E0,1.082757637E-1
4.144920937E0,3.958404064E-2,-1.207397103E0,2.096793205E-1
4.147267291E0,2.492328547E-2,-1.379660845E0,3.000873029E-1
4.149614323E0,1.710424200E-3,-1.517716289E0,3.697258830E-1
4.151962239E0,-1.539378799E-2,-1.624006748E0,4.210385084E-1
4.154309271E0,-4.105010629E-2,-1.680206299E0,4.515817463E-1
4.156655573E0,-7.159334421E-2,-1.688758492E0,4.686859548E-1
4.159002708E0,-9.847138822E-2,-1.661880374E0,4.747945964E-1
4.161350521E0,-1.265711635E-1,-1.580024481E0,4.772380590E-1
4.163697552E0,-1.644447893E-1,-1.418756247E0,4.699077010E-1
4.166043854E0,-2.304181904E-1,-1.129206419E0,4.515817463E-1
4.168390989E0,-3.122740388E-1,-7.052662373E-1,4.247036874E-1
4.170738854E0,-4.051254690E-1,-2.068006098E-1,3.966039121E-1
4.173085833E0,-5.004203916E-1,2.904432416E-1,3.672824204E-1
4.175432187E0,-5.725024343E-1,7.119399309E-1,3.452912867E-1
4.177779219E0,-6.250367761E-1,1.032032967E0,3.257436156E-1
4.180127135E0,-6.641321182E-1,1.258052945E0,3.135263324E-1
4.182474166E0,-6.885666847E-1,1.396108389E0,3.049742281E-1
4.184820469E0,-7.032274604E-1,1.443755865E0,3.049742281E-1
4.187167604E0,-7.032274604E-1,1.405882239E0,3.147480488E-1
4.189515416E0,-6.946753860E-1,1.299591780E0,3.379608989E-1
4.191862448E0,-6.763494015E-1,1.132214785E0,3.819431663E-1
4.194208750E0,-6.470279098E-1,9.159687161E-1,4.430296421E-1
4.196555885E0,-6.054891348E-1,6.618490219E-1,5.199985504E-1
4.198903698E0,-5.663937926E-1,4.016206264E-1,6.116282940E-1
4.201250729E0,-5.211897492E-1,1.389488280E-1,7.081449032E-1
4.203597083E0,-4.808726907E-1,-1.102839932E-1,8.107701540E-1
4.205944114E0,-4.478860199E-1,-3.314170241E-1,9.243910313E-1
4.208292031E0,-4.258948863E-1,-5.122329593E-1,1.050229192E0
4.210639062E0,-4.283383489E-1,-6.405146122E-1,1.180954218E0
4.212985364E0,-4.393339157E-1,-7.406964302E-1,1.328783512E0
4.215332500E0,-4.784292579E-1,-8.140001893E-1,1.486386657E0
4.217680312E0,-5.456243753E-1,-8.506520391E-1,1.645211458E0
4.220027344E0,-6.323671341E-1,-8.665345311E-1,1.794262409E0
4.222373646E0,-7.349924445E-1,-8.677562475E-1,1.934761286E0
4.224720781E0,-8.522784710E-1,-8.396564722E-1,2.050825596E0
4.227068594E0,-9.768949151E-1,-7.797917128E-1,2.137568474E0
4.229415625E0,-1.089294076E0,-7.162618041E-1,2.197433233E0
4.231761927E0,-1.202914834E0,-6.087496281E-1,2.219424248E0
4.234109062E0,-1.300653219E0,-4.877983928E-1,2.219424248E0
4.236456927E0,-1.384952545E0,-3.424125910E-1,2.198654890E0
4.238803958E0,-1.448482513E0,-1.725921929E-1,2.160781384E0
4.241150260E0,-1.499795079E0,-2.771798521E-3,2.110690355E0
4.243497396E0,-1.531560063E0,1.633834243E-1,2.056934357E0
4.245845208E0,-1.540112138E0,3.148778379E-1,2.011730194E0
4.248192239E0,-1.531560063E0,4.553767145E-1,1.978743553E0
4.250538541E0,-1.512012362E0,5.824365616E-1,1.964082837E0
4.252885677E0,-1.476582289E0,6.875053048E-1,1.968969703E0
4.255233489E0,-1.415495753E0,7.815784812E-1,1.986073971E0
4.257580521E0,-1.351965904E0,8.756516576E-1,2.003178120E0
4.259926823E0,-1.281105518E0,9.660596251E-1,2.015395403E0
4.262273958E0,-1.199249625E0,1.040585160E0,2.021504164E0
4.264621823E0,-1.118615508E0,1.104115009E0,2.012952089E0
4.266968802E0,-1.040424824E0,1.145653844E0,1.988517404E0
4.269315156E0,-9.683427215E-1,1.181084037E0,1.943313479E0
4.271662291E0,-8.987041712E-1,1.214070678E0,1.883448720E0
4.274010104E0,-8.278438449E-1,1.225066304E0,1.807701468E0
4.276357135E0,-7.630922198E-1,1.227509737E0,1.712406516E0
4.278703437E0,-7.117795944E-1,1.220179319E0,1.602450967E0
4.281050573E0,-6.665755510E-1,1.171310186E0,1.498603940E0
4.283398385E0,-6.384757757E-1,1.116332412E0,1.395978689E0
4.285745416E0,-6.201498508E-1,1.045472026E0,1.301905513E0
4.288091719E0,-6.091542840E-1,9.648379087E-1,1.210275769E0
4.290438854E0,-6.018239260E-1,8.683212996E-1,1.119867802E0
4.292786666E0,-6.067108512E-1,7.742481232E-1,1.028238058E0
4.295133698E0,-6.213715672E-1,6.789532304E-1,9.353865981E-1
4.297480000E0,-6.323671341E-1,5.763279200E-1,8.437568545E-1
4.299827135E0,-6.592451930E-1,4.956938028E-1,7.447968125E-1
4.302175000E0,-6.800146103E-1,4.175031185E-1,6.519453526E-1
4.304522031E0,-7.020057440E-1,3.649687469E-1,5.652025342E-1
4.306868333E0,-7.191099524E-1,3.283168674E-1,4.821249843E-1
4.309215469E0,-7.301055193E-1,3.038822711E-1,4.088212252E-1
4.311563281E0,-7.374358773E-1,2.794476748E-1,3.465130031E-1
4.313910312E0,-7.594270110E-1,2.696738541E-1,2.854265571E-1
4.316256614E0,-7.765312195E-1,2.476827502E-1,2.328921854E-1
4.318603750E0,-7.997440696E-1,2.305785418E-1,1.925751120E-1
4.320951562E0,-8.315090537E-1,2.171395123E-1,1.656970531E-1
4.323298594E0,-8.681609631E-1,2.073656619E-1,1.498145759E-1
4.325644896E0,-9.121431708E-1,2.037004828E-1,1.424842030E-1
4.327992031E0,-9.671210051E-1,1.865962744E-1,1.473711133E-1
4.330339896E0,-1.031872749E0,1.633834243E-1,1.583666801E-1
4.332686875E0,-1.099067807E0,1.181794181E-1,1.742491722E-1
4.335033229E0,-1.176036835E0,5.831466988E-2,1.913533807E-1
4.337380364E0,-1.256670952E0,-1.376736164E-2,2.109010518E-1
4.339728177E0,-1.340970278E0,-6.752345711E-2,2.292269915E-1
4.342075208E0,-1.410608888E0,-1.237230077E-1,2.561050355E-1
4.344421510E0,-1.471695304E0,-1.493793130E-1,2.854265571E-1
4.346768646E0,-1.512012362E0,-1.481575966E-1,3.208566904E-1
4.349116458E0,-1.543777347E0,-1.053970680E-1,3.587303162E-1
4.351463489E0,-1.569433689E0,-3.209330514E-2,3.941604793E-1
4.353809791E0,-1.579207540E0,6.320159137E-2,4.320340753E-1
4.356156927E0,-1.587759614E0,1.792658865E-1,4.662424922E-1
4.358504791E0,-1.585316181E0,3.124343753E-1,5.053378344E-1
4.360851771E0,-1.577985764E0,4.529332519E-1,5.444331765E-1
4.363198125E0,-1.571877122E0,5.946539044E-1,5.749763846E-1
4.365545156E0,-1.570655465E0,7.461483479E-1,5.969675183E-1
4.367893073E0,-1.562103271E0,8.903124332E-1,6.226238608E-1
4.370240104E0,-1.541333914E0,1.040585160E0,6.604974270E-1
4.372586406E0,-1.503460288E0,1.228731513E0,7.191404700E-1
4.374933541E0,-1.470473647E0,1.462081790E0,7.851138711E-1
4.377281354E0,-1.439930320E0,1.730862260E0,8.462003469E-1
4.379628385E0,-1.399613261E0,2.036294699E0,9.109519720E-1
4.381974687E0,-1.366626620E0,2.382044077E0,9.781470895E-1
4.384321823E0,-1.343413711E0,2.729015350E0,1.040455341E0
4.386669635E0,-1.321422577E0,3.041778088E0,1.091768026E0
4.389016666E0,-1.311648726E0,3.319110632E0,1.130863309E0
4.391362969E0,-1.312870502E0,3.565900087E0,1.165071726E0
4.393710104E0,-1.314092278E0,3.765041828E0,1.191949844E0
4.396057969E0,-1.327531219E0,3.932418823E0,1.215162635E0
4.398404948E0,-1.343413711E0,4.054591656E0,1.240818977E0
4.400751302E0,-1.350744128E0,4.124229908E0,1.261588454E0
4.403098333E0,-1.354409337E0,4.132782459E0,1.277470827E0
4.405446250E0,-1.356852770E0,4.116899967E0,1.282357812E0
4.407793281E0,-1.358074546E0,4.101017475E0,1.284801245E0
4.410139583E0,-1.367848396E0,4.093687057E0,1.286023021E0
4.412486719E0,-1.380065680E0,4.080247879E0,1.284801245E0
4.414834531E0,-1.417939305E0,4.055813313E0,1.306792378E0
4.417181562E0,-1.471695304E0,4.009387493E0,1.332448721E0
4.419527864E0,-1.523007989E0,3.944636106E0,1.325118303E0
4.421875000E0,-1.575542331E0,3.888436556E0,1.284801245E0
4.424222864E0,-1.619524598E0,3.850563049E0,1.229823470E0
4.426569844E0,-1.659841657E0,3.821241379E0,1.161406636E0
4.428916198E0,-1.705045700E0,3.798028708E0,1.083215952E0
4.431263229E0,-1.753914833E0,3.774815798E0,9.989165664E-1
4.433611146E0,-1.791788459E0,3.734498739E0,9.133954644E-1
4.435958177E0,-1.827218652E0,3.668525219E0,8.315395713E-1
4.438304479E0,-1.857761860E0,3.611104012E0,7.557923198E-1
4.440651614E0,-1.877309561E0,3.564678192E0,6.898189783E-1
4.442999427E0,-1.899300694E0,3.530469894E0,6.348411441E-1
4.445346458E0,-1.900522351E0,3.493818045E0,5.908588767E-1
4.447692760E0,-1.894413710E0,3.466939926E0,5.542069674E-1
4.450039896E0,-1.888305068E0,3.457166195E0,5.163334012E-1
4.452387708E0,-1.865092278E0,3.437618494E0,4.882336259E-1
4.454734739E0,-1.828440309E0,3.396079540E0,4.650207758E-1
4.457081041E0,-1.794231892E0,3.363092899E0,4.356992543E-1
4.459428177E0,-1.750249624E0,3.313002110E0,4.100429416E-1
4.461776041E0,-1.708710909E0,3.244585276E0,3.843866289E-1
4.464123021E0,-1.674502373E0,3.174946547E0,3.562868536E-1
4.466469375E0,-1.648846149E0,3.093090773E0,3.342957199E-1
4.468816406E0,-1.618302822E0,3.001461029E0,3.196349740E-1
4.471164323E0,-1.592646599E0,2.908609629E0,3.061959445E-1
4.473511354E0,-1.574320674E0,2.798653841E0,2.988655567E-1
4.475857656E0,-1.559659839E0,2.680146217E0,3.013090193E-1
4.478204791E0,-1.548664331E0,2.550642729E0,3.184132278E-1
4.480552604E0,-1.549885988E0,2.412587404E0,3.501782119E-1
4.482899635E0,-1.559659839E0,2.268423319E0,3.746127784E-1
4.485245937E0,-1.553551197E0,2.086385727E0,3.856083453E-1
4.487593073E0,-1.541333914E0,1.872582912E0,3.794997036E-1
4.489940885E0,-1.516899347E0,1.623350024E0,3.623954952E-1
4.492287916E0,-1.483912587E0,1.374117255E0,3.452912867E-1
4.494634219E0,-1.450925946E0,1.161536336E0,3.281870782E-1
4.496981354E0,-1.420382738E0,1.011263609E0,2.927569151E-1
4.499329219E0,-1.386174321E0,8.939775825E-1,2.390008271E-1
4.501676250E0,-1.356852770E0,7.791350484E-1,1.864664555E-1
4.504022552E0,-1.345857263E0,6.923922300E-1,1.473711133E-1
4.506369687E0,-1.347078919E0,6.215319037E-1,1.229365245E-1
4.508717500E0,-1.375178695E0,5.628889203E-1,1.119409576E-1
4.511064531E0,-1.416717529E0,4.834765196E-1,1.204930618E-1
4.513410833E0,-1.468030095E0,3.906250596E-1,1.400407404E-1
4.515757969E0,-1.532781839E0,3.038822711E-1,1.608101428E-1
4.518105781E0,-1.596311688E0,2.146960497E-1,1.852447242E-1
4.520452812E0,-1.656176448E0,1.291749775E-1,2.072358578E-1
4.522799114E0,-1.714819551E0,4.243219271E-2,2.267835289E-1
4.525146250E0,-1.761245251E0,-3.331503272E-2,2.414442897E-1
4.527494062E0,-1.789345026E0,-5.408443511E-2,2.597702146E-1
4.529841094E0,-1.789345026E0,-2.476292849E-2,2.829830945E-1
4.532187396E0,-1.778349400E0,4.487564787E-2,3.074176610E-1
4.534534531E0,-1.758801818E0,1.157359555E-1,3.306305408E-1
4.536882396E0,-1.727036834E0,1.597182155E-1,3.611737788E-1
4.539229427E0,-1.696493506E0,1.756007075E-1,3.892735541E-1
4.541575729E0,-1.669615507E0,1.597182155E-1,4.161515832E-1
4.543922864E0,-1.636628866E0,1.108490452E-1,4.442513585E-1
4.546270677E0,-1.601198673E0,4.487564787E-2,4.674642384E-1
4.548617708E0,-1.566990256E0,-1.376736164E-2,4.906770885E-1
4.550964010E0,-1.531560063E0,-7.241038233E-2,5.102247596E-1
4.553311146E0,-1.492464781E0,-1.396054924E-1,5.261071920E-1
4.555658958E0,-1.442373872E0,-2.068006098E-1,5.419896841E-1
4.558005989E0,-1.376400471E0,-2.324569523E-1,5.749763846E-1
4.560352291E0,-1.300653219E0,-2.312352061E-1,6.189586520E-1
4.562699427E0,-1.218797326E0,-2.190178931E-1,6.617192030E-1
4.565047291E0,-1.133276343E0,-1.982485056E-1,7.032579780E-1
4.567394271E0,-1.052642107E0,-1.701487303E-1,7.423533201E-1
4.569740573E0,-9.768949151E-1,-1.408272386E-1,7.790052295E-1
4.572087708E0,-9.035910964E-1,-1.127274409E-1,8.132136464E-1
4.574435573E0,-8.449480534E-1,-7.607556134E-2,8.437568545E-1
4.576782552E0,-7.887485027E-1,-4.064541310E-2,8.755218387E-1
4.579128906E0,-7.362141609E-1,-6.436986849E-3,9.121736884E-1
4.581476041E0,-6.897884607E-1,2.899316698E-2,9.488255978E-1
4.583823854E0,-6.543582678E-1,7.908406854E-2,9.866992235E-1
4.586170885E0,-6.103760004E-1,1.169576868E-1,1.022129416E0
4.588517187E0,-5.773892999E-1,1.670486033E-1,1.055116177E0
4.590864323E0,-5.480678082E-1,2.134743035E-1,1.091768026E0
4.593212135E0,-5.187463164E-1,2.599000335E-1,1.128419876E0
4.595559166E0,-4.967551827E-1,3.087691963E-1,1.161406636E0
4.597905469E0,-4.735423326E-1,3.539731801E-1,1.193171501E0
4.600252604E0,-4.429990947E-1,3.967337012E-1,1.223714828E0
4.602600416E0,-4.197862446E-1,4.517115355E-1,1.249371052E0
4.604947448E0,-3.965733647E-1,5.018024445E-1,1.270140529E0
4.607293750E0,-3.709170520E-1,5.580019951E-1,1.287244678E0
4.609640885E0,-3.428172767E-1,6.215319037E-1,1.298240304E0
4.611988750E0,-3.244913220E-1,7.033877969E-1,1.294575095E0
4.614335781E0,-3.086088598E-1,8.023478985E-1,1.278692603E0
4.616682083E0,-3.000567555E-1,9.245208502E-1,1.251814604E0
4.619029114E0,-3.037219346E-1,1.071128368E0,1.211497545E0
4.621377031E0,-3.220478892E-1,1.225066304E0,1.163850069E0
4.623724062E0,-3.403738141E-1,1.364343405E0,1.113759160E0
4.626070364E0,-3.648084104E-1,1.463303566E0,1.057559609E0
4.628417500E0,-3.904647231E-1,1.526833415E0,9.976947904E-1
4.630765312E0,-4.087906778E-1,1.550046325E0,9.390517473E-1
4.633112344E0,-4.258948863E-1,1.547602892E0,8.791870475E-1
4.635458646E0,-4.429990947E-1,1.519503117E0,8.242092133E-1
4.637805781E0,-4.527729154E-1,1.465746999E0,7.716748118E-1
4.640153594E0,-4.601033032E-1,1.400995255E0,7.179187536E-1
4.642500625E0,-4.576598406E-1,1.309365630E0,6.678278446E-1
4.644846927E0,-4.491077363E-1,1.196966529E0,6.177369356E-1
4.647194062E0,-4.344469905E-1,1.077237010E0,5.664243102E-1
4.649541927E0,-4.148993194E-1,9.623944163E-1,5.126681924E-1
4.651888958E0,-3.977951109E-1,8.512170911E-1,4.589121342E-1
4.654235260E0,-3.770256937E-1,7.363744974E-1,4.063777626E-1
4.656582291E0,-3.586997688E-1,6.325274706E-1,3.526216745E-1
4.658930208E0,-3.354868889E-1,5.335674286E-1,3.013090193E-1
4.661277239E0,-3.244913220E-1,4.517115355E-1,2.487746477E-1
4.663623541E0,-3.098305762E-1,3.698556721E-1,1.999054849E-1
4.665970677E0,-3.037219346E-1,3.087691963E-1,1.534797698E-1
4.668318489E0,-3.049436510E-1,2.721173167E-1,1.058323085E-1
4.670665521E0,-3.049436510E-1,2.476827502E-1,5.940658972E-2
4.673011823E0,-3.171609640E-1,2.489044666E-1,1.420260500E-2
4.675358958E0,-3.342651725E-1,2.660087049E-1,-2.733619511E-2
4.677706771E0,-3.538128436E-1,2.916649878E-1,-6.765326858E-2
4.680053802E0,-3.806909025E-1,3.283168674E-1,-1.043051556E-1
4.682400104E0,-4.173427820E-1,3.845164180E-1,-1.446222216E-1
4.684747239E0,-4.381121695E-1,4.175031185E-1,-1.776089072E-1
4.687095104E0,-4.674336910E-1,4.651505649E-1,-2.130390704E-1
4.689442083E0,-4.979768991E-1,5.152414441E-1,-2.496909350E-1
4.691788437E0,-5.187463164E-1,5.543367863E-1,-2.826776505E-1
4.694135469E0,-5.395157337E-1,6.032059789E-1,-3.205512464E-1
4.696483385E0,-5.566199422E-1,6.447448134E-1,-3.669769764E-1
4.698830416E0,-5.639503002E-1,6.765097380E-1,-4.207330644E-1
4.701176719E0,-5.627285838E-1,7.082747221E-1,-4.903716445E-1
4.703523854E0,-5.566199422E-1,7.437048554E-1,-5.673406124E-1
4.705871666E0,-5.309635997E-1,7.681394815E-1,-6.491965055E-1
4.708218698E0,-5.040855408E-1,7.999044061E-1,-7.322741151E-1
4.710565000E0,-4.735423326E-1,8.341128230E-1,-8.153517246E-1
4.712912135E0,-4.307817817E-1,8.451083899E-1,-8.923206925E-1
4.715259948E0,-3.904647231E-1,8.463301659E-1,-9.631809592E-1
4.717606979E0,-3.403738141E-1,8.353345990E-1,-1.023045659E0
4.719953281E0,-2.878394425E-1,7.950174809E-1,-1.065806150E0
4.722300416E0,-2.365268320E-1,7.400397062E-1,-1.091462493E0
4.724648281E0,-1.852141768E-1,6.801749468E-1,-1.106123209E0
4.726995260E0,-1.290146261E-1,6.056494713E-1,-1.107344985E0
4.729341614E0,-7.037161291E-2,5.201283693E-1,-1.096349478E0
4.731688646E0,-6.841683760E-3,4.346073270E-1,-1.075580001E0
4.734036562E0,6.401862949E-2,3.466427922E-1,-1.047480226E0
4.736383594E0,1.397658437E-1,2.537913918E-1,-1.014493585E0
4.738729896E0,2.167348117E-1,1.743789613E-1,-9.827286601E-1
4.741077031E0,3.022558689E-1,9.496655315E-2,-9.472984672E-1
4.743424844E0,3.902204037E-1,7.002037019E-3,-9.143118262E-1
4.745771875E0,4.806284010E-1,-8.218421787E-2,-8.813251257E-1
4.748118177E0,5.722580552E-1,-1.677052677E-1,-8.556687832E-1
4.750465312E0,6.614443064E-1,-2.544480860E-1,-8.348993659E-1
4.752813125E0,7.555174828E-1,-3.570733666E-1,-8.153517246E-1
4.755160156E0,8.434820175E-1,-4.584769011E-1,-7.982475162E-1
4.757506458E0,9.363334775E-1,-5.708760023E-1,-7.823650241E-1
4.759853594E0,1.023076177E0,-6.869403124E-1,-7.640390992E-1
4.762201458E0,1.107375503E0,-8.017828465E-1,-7.444913983E-1
4.764548437E0,1.200226903E0,-9.410600066E-1,-7.188351154E-1
4.766894739E0,1.277195930E0,-1.063233018E0,-6.919570565E-1
4.769241875E0,1.346834540E0,-1.187849402E0,-6.675224304E-1
4.771589739E0,1.406699181E0,-1.308800578E0,-6.430878639E-1
4.773936771E0,1.460455298E0,-1.415091038E0,-6.223184466E-1
4.776283073E0,1.506880999E0,-1.514051080E0,-6.015490890E-1
4.778630104E0,1.542311192E0,-1.594685316E0,-5.893317461E-1
4.780978021E0,1.580184817E0,-1.674097657E0,-5.795579553E-1
4.783325052E0,1.608284593E0,-1.727853775E0,-5.783361793E-1
4.785671354E0,1.636384368E0,-1.769392610E0,-5.807796717E-1
4.788018489E0,1.669371009E0,-1.798714042E0,-5.844448209E-1
4.790366302E0,1.699914336E0,-1.810931444E0,-5.917752385E-1
4.792713333E0,1.728014112E0,-1.803601027E0,-5.966621637E-1
4.795059635E0,1.764665961E0,-1.784053326E0,-6.015490890E-1
4.797406771E0,1.803761244E0,-1.754731894E0,-6.039925218E-1
4.799754583E0,1.847743511E0,-1.715636492E0,-6.052142382E-1
4.802101614E0,1.890504122E0,-1.667989016E0,-6.064359546E-1
4.804447916E0,1.941816688E0,-1.620341659E0,-6.149880886E-1
4.806795052E0,1.989464164E0,-1.559255123E0,-6.320922971E-1
4.809142916E0,2.044442177E0,-1.498168707E0,-6.565268636E-1
4.811489896E0,2.096976519E0,-1.438303947E0,-6.931787729E-1
4.813836198E0,2.154397726E0,-1.393099904E0,-7.347175479E-1
4.816183333E0,2.214262486E0,-1.372330546E0,-7.762563825E-1
4.818531198E0,2.271683693E0,-1.362556696E0,-8.214603662E-1
4.820878229E0,2.332770348E0,-1.367443562E0,-8.678860664E-1
4.823224531E0,2.397521973E0,-1.380882621E0,-9.179769754E-1
4.825571666E0,2.467160463E0,-1.406538963E0,-9.741765261E-1
4.827919479E0,2.540464163E0,-1.437082171E0,-1.034041166E0
4.830266510E0,2.618654966E0,-1.473734021E0,-1.093905926E0
4.832612812E0,2.699289083E0,-1.509164214E0,-1.152549028E0
4.834959948E0,2.775036335E0,-1.539707422E0,-1.205083370E0
4.837307760E0,2.850783587E0,-1.583689690E0,-1.247843862E0
4.839654791E0,2.913091660E0,-1.636224031E0,-1.278387070E0
4.842001094E0,2.964404345E0,-1.703419209E0,-1.295491338E0
4.844348229E0,2.996169329E0,-1.780388117E0,-1.300378203E0
4.846696041E0,3.007164955E0,-1.885456920E0,-1.293047905E0
4.849043073E0,2.994947672E0,-2.001521111E0,-1.277165413E0
4.851389375E0,2.968069553E0,-2.118807077E0,-1.251509070E0
4.853736510E0,2.931417704E0,-2.211658478E0,-1.209970236E0
4.856084375E0,2.897209167E0,-2.249532223E0,-1.150105476E0
4.858431354E0,2.881326675E0,-2.220210552E0,-1.068249702E0
4.860777708E0,2.878883362E0,-2.124915838E0,-9.680678844E-1
4.863124739E0,2.892322302E0,-1.968534470E0,-8.642209172E-1
4.865472656E0,2.910648346E0,-1.768170834E0,-7.701477408E-1
4.867819687E0,2.924087286E0,-1.571472406E0,-6.870701313E-1
4.870165989E0,2.921643972E0,-1.388213038E0,-6.247619390E-1
4.872513125E0,2.904539585E0,-1.239161968E0,-5.832231045E-1
4.874860937E0,2.873996496E0,-1.124319434E0,-5.587885380E-1
4.877207969E0,2.845896721E0,-1.021694183E0,-5.404626131E-1
4.879554271E0,2.831235886E0,-9.092950821E-1,-5.319104791E-1
4.881901406E0,2.817796946E0,-7.724613547E-1,-5.343539119E-1
4.884249219E0,2.811688185E0,-6.429580450E-1,-5.453494787E-1
4.886596250E0,2.795805693E0,-5.635456443E-1,-5.648971796E-1
4.888942552E0,2.755488634E0,-5.281154513E-1,-5.991055965E-1
4.891289687E0,2.710284710E0,-5.305589437E-1,-6.418661475E-1
4.893637552E0,2.650419950E0,-5.244503021E-1,-6.882918477E-1
4.895984531E0,2.606437683E0,-5.232285857E-1,-7.298306823E-1
4.898330833E0,2.562455416E0,-5.134547353E-1,-7.664825320E-1
4.900677969E0,2.531912088E0,-4.987939596E-1,-7.970257998E-1
4.903025833E0,2.502590656E0,-4.768028259E-1,-8.251255751E-1
4.905372864E0,2.475712538E0,-4.487030506E-1,-8.495601416E-1
4.907719166E0,2.456164837E0,-4.120511711E-1,-8.691077828E-1
4.910066198E0,2.441504240E0,-3.961687088E-1,-8.910989165E-1
4.912414114E0,2.430508614E0,-3.998338878E-1,-9.118683338E-1
4.914761146E0,2.403630495E0,-3.839513958E-1,-9.375246763E-1
4.917107448E0,2.396300077E0,-3.876166046E-1,-9.558506012E-1
4.919454583E0,2.393856764E0,-3.839513958E-1,-9.766200185E-1
4.921802396E0,2.390191555E0,-3.888383210E-1,-1.001054525E0
4.924149427E0,2.386526346E0,-4.132729173E-1,-1.023045659E0
4.926495729E0,2.373087406E0,-4.609203637E-1,-1.047480226E0
4.928842864E0,2.348652840E0,-5.122329593E-1,-1.059697509E0
4.931190677E0,2.322996378E0,-5.427762270E-1,-1.060919285E0
4.933537708E0,2.297340155E0,-5.757629275E-1,-1.059697509E0
4.935884010E0,2.279014111E0,-6.221886277E-1,-1.056032300E0
4.938231146E0,2.268018484E0,-6.918272376E-1,-1.048702002E0
4.940578958E0,2.266796827E0,-7.834569216E-1,-1.032819510E0
4.942925989E0,2.277792454E0,-9.068515897E-1,-1.015715241E0
4.945272344E0,2.299783468E0,-1.062011242E0,-1.001054525E0
4.947619375E0,2.341322422E0,-1.252601027E0,-9.925025105E-1
4.949967291E0,2.390191555E0,-1.481064439E0,-9.937242270E-1
4.952314271E0,2.457386732E0,-1.748623133E0,-1.004719734E0
4.954660625E0,2.541686058E0,-2.001521111E0,-1.016937017E0
4.957007656E0,2.632093906E0,-2.200662851E0,-1.027932525E0
4.959355573E0,2.732275724E0,-2.343605280E0,-1.031597733E0
4.961702604E0,2.839787960E0,-2.416908979E0,-1.021823883E0
4.964048906E0,2.932639360E0,-2.416908979E0,-1.007163167E0
4.966396041E0,2.993725777E0,-2.348492146E0,-9.937242270E-1
4.968743854E0,3.019382238E0,-2.196997881E0,-9.815069437E-1
4.971090885E0,3.001056194E0,-1.950208545E0,-9.753982425E-1
4.973437187E0,2.924087286E0,-1.577581048E0,-9.863938093E-1
4.975784323E0,2.810466528E0,-1.113323927E0,-1.010828376E0
4.978132135E0,2.677298069E0,-6.441797614E-1,-1.042593360E0
4.980479166E0,2.541686058E0,-2.617784441E-1,-1.073136568E0
4.982825469E0,2.406074047E0,1.921933144E-2,-1.104901552E0
4.985172604E0,2.275348902E0,2.037004828E-1,-1.130557895E0
4.987520416E0,2.143402100E0,3.148778379E-1,-1.147662044E0
4.989867448E0,2.012677193E0,3.527514637E-1,-1.150105476E0
4.992213750E0,1.875843287E0,3.600818217E-1,-1.136666536E0
4.994560885E0,1.746340036E0,3.307603300E-1,-1.104901552E0
4.996908750E0,1.620501876E0,2.879997790E-1,-1.063362718E0
4.999255729E0,1.497107148E0,2.464610040E-1,-1.020602226E0
5.001602083E0,1.362716913E0,1.927049160E-1,-9.815069437E-1
5.003949114E0,1.250317812E0,1.035186574E-1,-9.448550344E-1
5.006297031E0,1.152579546E0,2.115119249E-3,-9.155335426E-1
5.008644062E0,1.042623878E0,-1.017318889E-1,-8.996510506E-1
5.010990364E0,9.448855519E-1,-2.104657888E-1,-8.923206925E-1
5.013337500E0,8.605862260E-1,-3.179780245E-1,-8.935424089E-1
5.015685312E0,7.665130496E-1,-4.010556042E-1,-9.008727670E-1
5.018032344E0,6.846571565E-1,-4.963505268E-1,-9.057596922E-1
5.020378646E0,6.113533974E-1,-5.830932856E-1,-9.106466174E-1
5.022725781E0,5.380496383E-1,-6.527318954E-1,-9.143118262E-1
5.025073594E0,4.696328044E-1,-7.174835205E-1,-9.155335426E-1
5.027420625E0,4.097680449E-1,-7.773482800E-1,-9.130900502E-1
5.029766927E0,3.596771657E-1,-8.298826218E-1,-9.045379758E-1
5.032114062E0,3.205818236E-1,-8.799735308E-1,-8.935424089E-1
5.034461875E0,2.924820185E-1,-9.080733061E-1,-8.813251257E-1
5.036808906E0,2.680474520E-1,-9.178471565E-1,-8.666643500E-1
5.039155208E0,2.582736015E-1,-9.178471565E-1,-8.483384252E-1
5.041502344E0,2.607170641E-1,-9.019646645E-1,-8.263472915E-1
5.043850208E0,2.631605268E-1,-8.726431727E-1,-8.043561578E-1
5.046197187E0,2.790430188E-1,-8.262174726E-1,-7.799215317E-1
5.048543541E0,2.973689437E-1,-7.736830711E-1,-7.554869652E-1
5.050890573E0,3.193600774E-1,-7.138183713E-1,-7.286089063E-1
5.053238489E0,3.425729275E-1,-6.441797614E-1,-7.005091310E-1
5.055585469E0,3.657858074E-1,-5.647673607E-1,-6.711876392E-1
5.057931823E0,3.902204037E-1,-4.841331840E-1,-6.443095803E-1
5.060278854E0,4.134332538E-1,-3.998338878E-1,-6.198750138E-1
5.062626771E0,4.329809248E-1,-3.106476367E-1,-5.942186713E-1
5.064973802E0,4.561937749E-1,-2.312352061E-1,-5.648971796E-1
5.067320104E0,4.623024166E-1,-1.359403133E-1,-5.367974043E-1
5.069667239E0,4.781849086E-1,-6.385827065E-2,-5.062541366E-1
5.072015052E0,4.855153263E-1,1.433241367E-2,-4.720457196E-1
5.074362083E0,4.879587591E-1,8.274926990E-2,-4.329503775E-1
5.076708385E0,4.806284010E-1,1.475009322E-1,-3.914115727E-1
5.079055521E0,4.696328044E-1,2.073656619E-1,-3.486510217E-1
5.081403333E0,4.500851333E-1,2.586783171E-1,-3.010035753E-1
5.083750364E0,4.244288206E-1,3.063257337E-1,-2.582430542E-1
5.086096666E0,3.914421201E-1,3.405341506E-1,-2.142608017E-1
5.088443802E0,3.584554195E-1,3.588601053E-1,-1.666133553E-1
5.090791614E0,3.132514358E-1,3.710773885E-1,-1.201876402E-1
5.093138646E0,2.570518851E-1,3.784077764E-1,-7.376191765E-2
5.095484948E0,2.020740360E-1,3.722991347E-1,-2.977965400E-2
5.097832083E0,1.470962316E-1,3.429776132E-1,1.786779240E-2
5.100179948E0,7.990110666E-2,3.185430169E-1,5.940658972E-2
5.102526927E0,7.819071412E-3,2.867780626E-1,9.728020430E-2
5.104873281E0,-6.304123253E-2,2.366871834E-1,1.375972778E-1
5.107220312E0,-1.351232678E-1,1.792658865E-1,1.754708886E-1
5.109568229E0,-2.145356983E-1,1.303967237E-1,2.121227831E-1
5.111915208E0,-2.963915467E-1,8.397098631E-2,2.475529313E-1
5.114261562E0,-3.782474399E-1,4.487564787E-2,2.817613482E-1
5.116608594E0,-4.564381242E-1,3.336848691E-3,3.208566904E-1
5.118956510E0,-5.431808829E-1,-2.476292849E-2,3.562868536E-1
5.121303541E0,-6.274802089E-1,-5.286271125E-2,3.917170167E-1
5.123649844E0,-7.130013108E-1,-7.607556134E-2,4.283688962E-1
5.125996979E0,-7.997440696E-1,-1.005101576E-1,4.662424922E-1
5.128344791E0,-8.828216791E-1,-1.237230077E-1,5.041160583E-1
5.130691823E0,-9.622340798E-1,-1.408272386E-1,5.419896841E-1
5.133038125E0,-1.036759615E0,-1.396054924E-1,5.713111758E-1
5.135385260E0,-1.089294076E0,-1.420489550E-1,5.969675183E-1
5.137733073E0,-1.136941433E0,-1.334968507E-1,6.104065180E-1
5.140080104E0,-1.179702044E0,-1.029536054E-1,6.128500104E-1
5.142426406E0,-1.199249625E0,-8.951459080E-2,6.152934432E-1
5.144773541E0,-1.217575669E0,-7.241038233E-2,6.079630852E-1
5.147121354E0,-1.217575669E0,-5.286271125E-2,5.945240855E-1
5.149468385E0,-1.201693177E0,-3.087157756E-2,5.737546682E-1
5.151814687E0,-1.168706417E0,-6.436986849E-3,5.456548929E-1
5.154161823E0,-1.114950299E0,2.777143940E-2,5.065595508E-1
5.156509687E0,-1.039203167E0,4.976256564E-2,4.564686716E-1
5.158856666E0,-9.475733638E-1,6.075813249E-2,3.929387331E-1
5.161202969E0,-8.363959789E-1,5.098429695E-2,3.184132278E-1
5.163550104E0,-7.154447436E-1,2.288452163E-2,2.292269915E-1
5.165897969E0,-5.786110759E-1,-4.186714068E-2,1.302669048E-1
5.168245000E0,-4.246731400E-1,-1.628183424E-1,2.519816905E-2
5.170591302E0,-2.634048760E-1,-3.167562783E-1,-9.330958873E-2
5.172938333E0,-8.625409007E-2,-5.110112429E-1,-2.240346372E-1
5.175286250E0,9.822705388E-2,-7.516919374E-1,-3.572031558E-1
5.177633281E0,2.839299142E-1,-1.032689691E0,-4.903716445E-1
5.179979583E0,4.586372375E-1,-1.334456921E0,-6.162098050E-1
5.182326719E0,6.113533974E-1,-1.637445807E0,-7.383827567E-1
5.184674531E0,7.506305575E-1,-1.946543336E0,-8.446732163E-1
5.187021562E0,8.642514348E-1,-2.253197432E0,-9.350811839E-1
5.189367864E0,9.351117015E-1,-2.518312693E0,-1.009606600E0
5.191715000E0,9.705418944E-1,-2.741889000E0,-1.065806150E0
5.194062812E0,9.729853272E-1,-2.900713921E0,-1.109788418E0
5.196409844E0,9.436638355E-1,-2.989900112E0,-1.142775178E0
5.198756146E0,8.935729265E-1,-2.998452187E0,-1.170874953E0
5.201103281E0,8.202691674E-1,-2.917818069E0,-1.195309520E0
5.203451146E0,7.420784831E-1,-2.760215044E0,-1.217300653E0
5.205798125E0,6.577791572E-1,-2.537860394E0,-1.235626578E0
5.208144427E0,5.722580552E-1,-2.264192820E0,-1.250287294E0
5.210491562E0,4.989543259E-1,-1.966091037E0,-1.258839488E0
5.212839427E0,4.268722832E-1,-1.636224031E0,-1.263726354E0
5.215186406E0,3.645640612E-1,-1.305135369E0,-1.258839488E0
5.217532708E0,3.120297194E-1,-9.911508560E-1,-1.242956996E0
5.219879844E0,2.594953477E-1,-7.125965953E-1,-1.217300653E0
5.222227708E0,2.045174986E-1,-4.596986175E-1,-1.184313893E0
5.224574739E0,1.580917984E-1,-2.422307730E-1,-1.150105476E0
5.226921041E0,1.263268143E-1,-6.996691972E-2,-1.118340611E0
5.229268073E0,1.055574343E-1,4.121046141E-2,-1.090240836E0
5.231615989E0,1.018922403E-1,9.130137414E-2,-1.064584494E0
5.233963021E0,1.006705090E-1,9.618828446E-2,-1.037706375E0
5.236309323E0,1.153312549E-1,3.998873010E-2,-1.007163167E0
5.238656458E0,1.397658437E-1,-6.385827065E-2,-9.631809592E-1
5.241004271E0,1.556483358E-1,-1.970267892E-1,-9.082031250E-1
5.243351302E0,1.764177233E-1,-3.631820083E-1,-8.336776495E-1
5.245697604E0,1.898567528E-1,-5.452196598E-1,-7.444913983E-1
5.248044739E0,1.813046485E-1,-7.223704457E-1,-6.394226551E-1
5.250392552E0,1.519831419E-1,-8.946343064E-1,-5.233584046E-1
5.252739583E0,1.080008969E-1,-1.059567809E0,-3.975202143E-1
5.255085885E0,4.080576450E-2,-1.212283969E0,-2.753472626E-1
5.257433021E0,-4.105010629E-2,-1.354004622E0,-1.592829674E-1
5.259780833E0,-1.290146261E-1,-1.477399230E0,-5.910116062E-2
5.262127864E0,-2.157574147E-1,-1.578802824E0,2.397644147E-2
5.264474166E0,-2.988350093E-1,-1.632558942E0,8.139771968E-2
5.266821302E0,-3.941299021E-1,-1.595906973E0,1.070540398E-1
5.269169166E0,-4.735423326E-1,-1.523824930E0,1.229365245E-1
5.271516146E0,-5.517330170E-1,-1.396765113E0,1.253799796E-1
5.273862448E0,-6.006022096E-1,-1.270926952E0,1.327103674E-1
5.276209583E0,-6.360323429E-1,-1.135315061E0,1.327103674E-1
5.278557396E0,-6.739059687E-1,-9.703815579E-1,1.278234422E-1
5.280904427E0,-6.910101771E-1,-8.103349805E-1,1.229365245E-1
5.283250781E0,-7.007840276E-1,-6.539536119E-1,1.180495992E-1
5.285597812E0,-7.007840276E-1,-4.975722432E-1,1.119409576E-1
5.287945729E0,-6.885666847E-1,-3.350822330E-1,9.850192815E-2
5.290292760E0,-6.592451930E-1,-2.031354308E-1,8.506290615E-2
5.292639062E0,-6.164847016E-1,-9.806669503E-2,6.918042153E-2
5.294986094E0,-5.553982258E-1,-2.720638737E-2,5.451967567E-2
5.297334010E0,-4.857596159E-1,1.066722535E-2,4.352411255E-2
5.299681041E0,-4.222296774E-1,3.632354364E-2,2.886335924E-2
5.302027344E0,-3.501476645E-1,3.754527494E-2,1.786779240E-2
5.304374479E0,-2.878394425E-1,4.121046141E-2,3.207039787E-3
5.306722291E0,-2.389702946E-1,6.075813249E-2,-1.145371329E-2
5.309069323E0,-1.986532062E-1,9.252310544E-2,-1.023198385E-2
5.311415625E0,-1.729968935E-1,1.462791860E-1,1.175914612E-2
5.313762760E0,-1.632230431E-1,2.073656619E-1,6.307177991E-2
5.316110573E0,-1.668882519E-1,2.696738541E-1,1.388190091E-1
5.318457604E0,-1.876576394E-1,3.393124342E-1,2.365573645E-1
5.320803906E0,-2.304181904E-1,4.187248349E-1,3.501782119E-1
5.323151041E0,-2.792873383E-1,4.871416688E-1,4.821249843E-1
5.325498854E0,-3.415955603E-1,5.494499207E-1,6.348411441E-1
5.327845885E0,-4.185644984E-1,5.958756208E-1,8.071050048E-1
5.330192187E0,-5.126376748E-1,6.337492466E-1,9.903643727E-1
5.332539323E0,-6.189281344E-1,6.655141711E-1,1.174845576E0
5.334887135E0,-7.472097278E-1,6.875053048E-1,1.350774646E0
5.337234166E0,-8.767130375E-1,6.728445888E-1,1.518151522E0
5.339580469E0,-1.004994631E0,6.459665298E-1,1.670867801E0
5.341927604E0,-1.135719776E0,6.142015457E-1,1.804036260E0
5.344275469E0,-1.256670952E0,5.861017704E-1,1.911548495E0
5.346622448E0,-1.366626620E0,5.799931288E-1,1.988517404E0
5.348968802E0,-1.450925946E0,5.702192783E-1,2.026391029E0
5.351315833E0,-1.518121004E0,5.677758455E-1,2.031277895E0
5.353663750E0,-1.571877122E0,5.702192783E-1,2.016617298E0
5.356010729E0,-1.601198673E0,5.714409947E-1,1.994626045E0
5.358357083E0,-1.613415956E0,5.677758455E-1,1.961639404E0
5.360704114E0,-1.610972524E0,5.494499207E-1,1.917657137E0
5.363052031E0,-1.593868256E0,5.311239362E-1,1.860235810E0
5.365399062E0,-1.546220779E0,5.054676533E-1,1.804036260E0
5.367745364E0,-1.476582289E0,4.614853859E-1,1.757610559E0
5.370092500E0,-1.394726396E0,4.101727307E-1,1.720958710E0
5.372440312E0,-1.303096652E0,3.613035679E-1,1.695302367E0
5.374787344E0,-1.212688684E0,3.136561215E-1,1.667202592E0
5.377133646E0,-1.128389359E0,2.879997790E-1,1.631772399E0
5.379480781E0,-1.045311809E0,2.782259583E-1,1.590233564E0
5.381828594E0,-9.744513631E-1,3.002170920E-1,1.535255790E0
5.384175625E0,-9.219170213E-1,3.429776132E-1,1.464395523E0
5.386521927E0,-8.718261123E-1,3.808512390E-1,1.384983063E0
5.388869062E0,-8.327307701E-1,4.113944769E-1,1.303127170E0
5.391216875E0,-8.058527112E-1,4.223900437E-1,1.233488679E0
5.393563906E0,-7.973006368E-1,4.260552227E-1,1.165071726E0
5.395910208E0,-7.899702787E-1,3.979554474E-1,1.095433235E0
5.398257344E0,-7.863050699E-1,3.478645384E-1,1.024572849E0
5.400605156E0,-7.789747119E-1,2.855563164E-1,9.524908066E-1
5.402952187E0,-7.716442943E-1,2.220264375E-1,8.865174055E-1
5.405298489E0,-7.667573690E-1,1.682703197E-1,8.278743625E-1
5.407645625E0,-7.533183694E-1,1.194011495E-1,7.790052295E-1
5.409993437E0,-7.374358773E-1,5.953640118E-2,7.313577533E-1
5.412340469E0,-7.191099524E-1,-6.436986849E-3,6.812668443E-1
5.414686771E0,-7.056708932E-1,-8.462766558E-2,6.360628605E-1
5.417033906E0,-6.885666847E-1,-1.835877597E-1,5.981892347E-1
5.419381771E0,-6.836798191E-1,-2.813261151E-1,5.652025342E-1
5.421728750E0,-6.775711179E-1,-3.986121416E-1,5.444331765E-1
5.424075052E0,-6.739059687E-1,-5.122329593E-1,5.309941173E-1
5.426422187E0,-6.812363267E-1,-6.221886277E-1,5.248854756E-1
5.428770052E0,-6.897884607E-1,-7.394746542E-1,5.285506845E-1
5.431117031E0,-7.068926692E-1,-8.384347558E-1,5.383245349E-1
5.433463385E0,-7.276620269E-1,-9.435034990E-1,5.542069674E-1
5.435810416E0,-7.630922198E-1,-1.021694183E0,5.737546682E-1
5.438158333E0,-7.997440696E-1,-1.094997883E0,6.006327271E-1
5.440505364E0,-8.498349786E-1,-1.156084418E0,6.299542189E-1
5.442851666E0,-9.023693800E-1,-1.198844910E0,6.617192030E-1
5.445198802E0,-9.500167966E-1,-1.223279476E0,6.983710527E-1
5.447546614E0,-1.009881496E0,-1.217170835E0,7.325794697E-1
5.449893646E0,-1.057529092E0,-1.190292835E0,7.728965878E-1
5.452239948E0,-1.101511359E0,-1.138980150E0,8.156570792E-1
5.454587083E0,-1.141828418E0,-1.062011242E0,8.584176302E-1
5.456934896E0,-1.178480268E0,-9.691597819E-1,9.011781812E-1
5.459281927E0,-1.209023476E0,-8.616476059E-1,9.500473142E-1
5.461628229E0,-1.233458042E0,-7.248139381E-1,9.976947904E-1
5.463975364E0,-1.251784086E0,-5.818715692E-1,1.044120550E0
5.466323177E0,-1.276218653E0,-4.059425294E-1,1.080772400E0
5.468670208E0,-1.289657712E0,-2.263482809E-1,1.119867802E0
5.471016510E0,-1.298209786E0,-3.575849533E-2,1.163850069E0
5.473363646E0,-1.301874995E0,1.670486033E-1,1.206610560E0
5.475711458E0,-1.299431443E0,3.698556721E-1,1.248149395E0
5.478058489E0,-1.306761861E0,5.751062036E-1,1.282357812E0
5.480404791E0,-1.314092278E0,7.901306152E-1,1.316566229E0
5.482751927E0,-1.323866129E0,1.023480892E0,1.351996422E0
5.485099739E0,-1.322644353E0,1.251944304E0,1.384983063E0
5.487446771E0,-1.312870502E0,1.506064057E0,1.415526271E0
5.489793073E0,-1.281105518E0,1.765070677E0,1.444847822E0
5.492140208E0,-1.243231893E0,2.008194923E0,1.469282389E0
5.494488073E0,-1.196806192E0,2.230549812E0,1.488830090E0
5.496835052E0,-1.140606642E0,2.440687180E0,1.503490806E0
5.499181354E0,-1.096624374E0,2.638607264E0,1.509599447E0
5.501528489E0,-1.058750749E0,2.812093019E0,1.503490806E0
5.503876354E0,-1.017211914E0,2.928157330E0,1.491273522E0
5.506223333E0,-9.866686463E-1,3.018565178E0,1.464395523E0
5.508569687E0,-9.695644975E-1,3.075986385E0,1.435073972E0
5.510916719E0,-9.549037218E-1,3.097977638E0,1.399643779E0
5.513264635E0,-9.439081550E-1,3.108973265E0,1.356883287E0
5.515611666E0,-9.377995133E-1,3.111416578E0,1.310457587E0
5.517957969E0,-9.329125881E-1,3.112638474E0,1.271362185E0
5.520305000E0,-9.414647222E-1,3.110194921E0,1.235932112E0
5.522652916E0,-9.561254382E-1,3.101642847E0,1.201723695E0
5.524999948E0,-9.878904223E-1,3.088203907E0,1.158963084E0
5.527346250E0,-1.017211914E0,3.050330162E0,1.113759160E0
5.529693385E0,-1.044090033E0,2.990465403E0,1.070998549E0
5.532041198E0,-1.089294076E0,2.935487509E0,1.028238058E0
5.534388229E0,-1.123502493E0,2.859740496E0,9.928078651E-1
5.536734531E0,-1.165041208E0,2.790101767E0,9.610428810E-1
5.539081666E0,-1.218797326E0,2.726571798E0,9.353865981E-1
5.541429479E0,-1.266444802E0,2.656933308E0,9.195041060E-1
5.543776510E0,-1.312870502E0,2.593403339E0,9.146171808E-1
5.546122812E0,-1.371513486E0,2.553086281E0,9.207258224E-1
5.548469948E0,-1.439930320E0,2.527430058E0,9.390517473E-1
5.550817760E0,-1.510790706E0,2.513990879E0,9.744819403E-1
5.553164791E0,-1.573098898E0,2.518877983E0,1.000138283E0
5.555511094E0,-1.620746374E0,2.521321297E0,9.793688655E-1
5.557858229E0,-1.654954791E0,2.516434431E0,9.097302556E-1
5.560206041E0,-1.689163208E0,2.570190430E0,8.290961385E-1
5.562553073E0,-1.707489133E0,2.670372248E0,7.692313790E-1
5.564899375E0,-1.713597775E0,2.764445543E0,7.276925445E-1
5.567246510E0,-1.722149849E0,2.840192795E0,6.910406947E-1
5.569594323E0,-1.735588908E0,2.902500868E0,6.617192030E-1
5.571941354E0,-1.741697550E0,2.930600643E0,6.543887854E-1
5.574287656E0,-1.751471400E0,2.955035210E0,6.446149945E-1
5.576634791E0,-1.753914833E0,2.956257105E0,6.275107861E-1
5.578982656E0,-1.750249624E0,2.934265852E0,6.067413688E-1
5.581329635E0,-1.752693057E0,2.891505241E0,5.920805931E-1
5.583675937E0,-1.769797325E0,2.841414452E0,5.798633099E-1
5.586023073E0,-1.794231892E0,2.770554066E0,5.749763846E-1
5.588370937E0,-1.824775100E0,2.680146217E0,5.774198771E-1
5.590717916E0,-1.865092278E0,2.584851265E0,5.859719515E-1
5.593064219E0,-1.901744127E0,2.484669447E0,6.006327271E-1
5.595411354E0,-1.938395977E0,2.384487629E0,6.226238608E-1
5.597759219E0,-1.972604394E0,2.285527468E0,6.482801437E-1
5.600106250E0,-1.995817304E0,2.185345650E0,6.812668443E-1
5.602452552E0,-2.028803825E0,2.109598398E0,7.118101120E-1
5.604799583E0,-2.052016735E0,2.022855759E0,7.460185289E-1
5.607147500E0,-2.069120884E0,1.927560687E0,7.777834535E-1
5.609494531E0,-2.082559824E0,1.832265854E0,8.095484376E-1
5.611840833E0,-2.091112137E0,1.723531842E0,8.376482129E-1
5.614187864E0,-2.088668585E0,1.612354517E0,8.608610630E-1
5.616535781E0,-2.078894854E0,1.510950923E0,8.743001223E-1
5.618882812E0,-2.067899227E0,1.419321299E0,8.791870475E-1
5.621229114E0,-2.037355900E0,1.293483138E0,8.852956891E-1
5.623576250E0,-1.998260617E0,1.145653844E0,8.804087639E-1
5.625924062E0,-1.960387111E0,1.016150594E0,8.633045554E-1
5.628271094E0,-1.918848276E0,8.829820156E-1,8.400917053E-1
5.630617396E0,-1.890748501E0,7.559221387E-1,8.132136464E-1
5.632964531E0,-1.869979143E0,6.288623214E-1,7.900007963E-1
5.635312344E0,-1.856540084E0,5.030241609E-1,7.741183043E-1
5.637659375E0,-1.860205293E0,3.991771638E-1,7.716748118E-1
5.640005677E0,-1.871200919E0,3.099909127E-1,7.961094379E-1
5.642352812E0,-1.885861635E0,2.415741086E-1,8.205440044E-1
5.644700625E0,-1.898078918E0,1.878179908E-1,8.266526461E-1
5.647047656E0,-1.902965784E0,1.291749775E-1,8.181005716E-1
5.649393958E0,-1.907852769E0,8.152753860E-2,8.034397960E-1
5.651741094E0,-1.906630993E0,4.243219271E-2,7.887790203E-1
5.654088906E0,-1.899300694E0,8.933898062E-4,7.765617371E-1
5.656435937E0,-1.869979143E0,-4.675405473E-2,7.716748118E-1
5.658782239E0,-1.845544577E0,-6.874518842E-2,7.631227374E-1
5.661129375E0,-1.817444801E0,-8.829285949E-2,7.594575286E-1
5.663477187E0,-1.764910460E0,-1.115057245E-1,7.631227374E-1
5.665824219E0,-1.708710909E0,-1.249447390E-1,7.643444538E-1
5.668170521E0,-1.643959165E0,-1.396054924E-1,7.655661702E-1
5.670517656E0,-1.571877122E0,-1.457141340E-1,7.716748118E-1
5.672865469E0,-1.496129870E0,-1.420489550E-1,7.790052295E-1
5.675212500E0,-1.425269604E0,-1.188360974E-1,7.838921547E-1
5.677558802E0,-1.339748502E0,-1.163926348E-1,8.009963632E-1
5.679905937E0,-1.249340534E0,-1.127274409E-1,8.168787956E-1
5.682253750E0,-1.156489134E0,-9.928842634E-2,8.315395713E-1
5.684600781E0,-1.051420450E0,-7.729729265E-2,8.364264965E-1
5.686947083E0,-9.487950802E-1,-2.476292849E-2,8.327612877E-1
5.689294219E0,-8.559436202E-1,5.587121472E-2,8.254309297E-1
5.691642083E0,-7.655356526E-1,1.487226486E-1,8.156570792E-1
5.693989062E0,-6.739059687E-1,2.440175712E-1,8.071050048E-1
5.696335416E0,-5.871631503E-1,3.405341506E-1,8.009963632E-1
5.698682448E0,-5.053073168E-1,4.492680728E-1,7.948877215E-1
5.701030364E0,-4.283383489E-1,5.665541291E-1,7.863355875E-1
5.703377344E0,-3.538128436E-1,6.813966632E-1,7.802269459E-1
5.705723698E0,-2.853959799E-1,7.962392569E-1,7.753400207E-1
5.708070729E0,-2.243095487E-1,9.098600745E-1,7.716748118E-1
5.710418646E0,-1.681099683E-1,1.021037459E0,7.716748118E-1
5.712765677E0,-1.167973280E-1,1.123662710E0,7.704530954E-1
5.715111979E0,-7.525853068E-2,1.221401095E0,7.667878866E-1
5.717459010E0,-4.227183759E-2,1.316695929E0,7.631227374E-1
5.719806927E0,-1.417205669E-2,1.400995255E0,7.570140958E-1
5.722153958E0,1.026253030E-2,1.462081790E0,7.496836782E-1
5.724500260E0,3.103193082E-2,1.512172699E0,7.374663949E-1
5.726847291E0,3.591884673E-2,1.567150474E0,7.203621864E-1
5.729195208E0,3.591884673E-2,1.602580667E0,7.032579780E-1
5.731542239E0,2.614501305E-2,1.620906591E0,6.861537695E-1
5.733888541E0,1.514944993E-2,1.629458666E0,6.653843522E-1
5.736235573E0,2.932153642E-3,1.622128367E0,6.397280693E-1
5.738583489E0,-9.285138920E-3,1.585476518E0,6.152934432E-1
5.740930521E0,-2.516762353E-2,1.542715907E0,5.859719515E-1
5.743276823E0,-3.494145721E-2,1.482851148E0,5.542069674E-1
5.745623958E0,-5.082394183E-2,1.415656090E0,5.126681924E-1
5.747971771E0,-5.815431476E-2,1.332578421E0,4.711294174E-1
5.750318802E0,-6.548469514E-2,1.242170453E0,4.247036874E-1
5.752665104E0,-7.403679937E-2,1.144432187E0,3.770562410E-1
5.755012239E0,-7.770198584E-2,1.034476519E0,3.257436156E-1
5.757360052E0,-8.747582138E-2,9.294077754E-1,2.732092440E-1
5.759707083E0,-9.480620176E-2,8.170086145E-1,2.206748873E-1
5.762053385E0,-1.058017612E-1,7.143833637E-1,1.669187844E-1
5.764400521E0,-1.204625219E-1,6.264188290E-1,1.156061441E-1
5.766748333E0,-1.387884617E-1,5.384543538E-1,6.795869768E-2
5.769095364E0,-1.546709388E-1,4.688157439E-1,2.153298259E-2
5.771441666E0,-1.583361477E-1,3.955119848E-1,-1.511890069E-2
5.773788802E0,-1.754403561E-1,3.588601053E-1,-5.421424285E-2
5.776136614E0,-1.864359230E-1,3.307603300E-1,-9.453132004E-2
5.778483646E0,-1.901011020E-1,3.136561215E-1,-1.372918487E-1
5.780829948E0,-1.888793856E-1,3.099909127E-1,-1.812741011E-1
5.783177083E0,-1.742186099E-1,3.099909127E-1,-2.301432788E-1
5.785524896E0,-1.534492224E-1,3.136561215E-1,-2.777907252E-1
5.787871927E0,-1.277928948E-1,3.148778379E-1,-3.315468132E-1
5.790218229E0,-9.724965692E-2,3.234299421E-1,-3.926332891E-1
5.792565364E0,-5.815431476E-2,3.222082257E-1,-4.622718692E-1
5.794913177E0,-8.063411340E-3,3.112126589E-1,-5.343539119E-1
5.797260208E0,4.324922711E-2,3.002170920E-1,-6.125445962E-1
5.799606510E0,1.006705090E-1,2.855563164E-1,-6.882918477E-1
5.801953646E0,1.629786938E-1,2.696738541E-1,-7.591521740E-1
5.804301510E0,2.252869159E-1,2.489044666E-1,-8.226820827E-1
5.806648489E0,2.863733768E-1,2.342437208E-1,-8.801033497E-1
5.808994791E0,3.474598527E-1,2.159177661E-1,-9.277508259E-1
5.811341927E0,4.109897912E-1,1.927049160E-1,-9.668461680E-1
5.813689791E0,4.757414460E-1,1.707137823E-1,-9.961676598E-1
5.816036771E0,5.417148471E-1,1.389488280E-1,-1.014493585E0
5.818383073E0,6.052447557E-1,1.047403887E-1,-1.026710868E0
5.820730208E0,6.675529480E-1,6.808850169E-2,-1.036484718E0
5.823078073E0,7.261959910E-1,2.532797679E-2,-1.043815017E0
5.825425052E0,7.860607505E-1,-2.598465979E-2,-1.052367210E0
5.827771354E0,8.508123755E-1,-8.218421787E-2,-1.060919285E0
5.830118489E0,9.167857766E-1,-1.444924176E-1,-1.070693135E0
5.832466354E0,9.754288197E-1,-1.982485056E-1,-1.087797284E0
5.834813333E0,1.046289086E0,-2.654436529E-1,-1.100014567E0
5.837159635E0,1.122036219E0,-3.314170241E-1,-1.114675403E0
5.839506771E0,1.189231396E0,-3.839513958E-1,-1.129336119E0
5.841854635E0,1.263756871E0,-4.438161552E-1,-1.142775178E0
5.844201614E0,1.346834540E0,-5.110112429E-1,-1.151327252E0
5.846547969E0,1.436020732E0,-5.928671360E-1,-1.154992461E0
5.848895000E0,1.514211416E0,-6.527318954E-1,-1.158657670E0
5.851242916E0,1.602175951E0,-7.284790874E-1,-1.153770685E0
5.853589948E0,1.688918710E0,-8.005611300E-1,-1.143996835E0
5.855936250E0,1.775661469E0,-8.787518144E-1,-1.130557895E0
5.858283281E0,1.857517362E0,-9.496121407E-1,-1.112231851E0
5.860631198E0,1.935708046E0,-1.019250751E0,-1.091462493E0
5.862978229E0,2.006568670E0,-1.092554450E0,-1.070693135E0
5.865324531E0,2.079872370E0,-1.180518985E0,-1.047480226E0
5.867671666E0,2.154397726E0,-1.253822803E0,-1.027932525E0
5.870019479E0,2.216706038E0,-1.294139862E0,-1.015715241E0
5.872366510E0,2.279014111E0,-1.334456921E0,-1.007163167E0
5.874712812E0,2.325439930E0,-1.365000129E0,-1.012050152E0
5.877059948E0,2.369422197E0,-1.424864888E0,-1.015715241E0
5.879407760E0,2.390191555E0,-1.476177573E0,-1.027932525E0
5.881754791E0,2.417069674E0,-1.540929198E0,-1.035262942E0
5.884101094E0,2.446391106E0,-1.624006748E0,-1.042593360E0
5.886448229E0,2.456164837E0,-1.693645358E0,-1.060919285E0
5.888796041E0,2.474490881E0,-1.787718534E0,-1.076801777E0
5.891143073E0,2.484264612E0,-1.869574428E0,-1.097571135E0
5.893489375E0,2.492816925E0,-1.934326053E0,-1.118340611E0
5.895836510E0,2.507477522E0,-1.990525603E0,-1.137888193E0
5.898184323E0,2.530690432E0,-2.033286095E0,-1.157435894E0
5.900531354E0,2.564898968E0,-2.073603153E0,-1.183092237E0
5.902877656E0,2.605216026E0,-2.107811451E0,-1.211192012E0
5.905224791E0,2.647976398E0,-2.124915838E0,-1.239291787E0
5.907572604E0,2.699289083E0,-2.134689569E0,-1.266169786E0
5.909919635E0,2.751823425E0,-2.138354778E0,-1.291826129E0
5.912265937E0,2.784810066E0,-2.127359152E0,-1.317482471E0
5.914613073E0,2.806801319E0,-2.102924585E0,-1.332143188E0
5.916960885E0,2.814131737E0,-2.071159601E0,-1.332143188E0
5.919307916E0,2.810466528E0,-2.030842543E0,-1.313817263E0
5.921654219E0,2.804357767E0,-1.983195186E0,-1.285717487E0
5.924001354E0,2.797027349E0,-1.908669710E0,-1.246622205E0
5.926349166E0,2.797027349E0,-1.796270609E0,-1.203861594E0
5.928696198E0,2.801914454E0,-1.639889240E0,-1.145218611E0
5.931042500E0,2.808022976E0,-1.445634246E0,-1.070693135E0
5.933389635E0,2.817796946E0,-1.246492386E0,-9.827286601E-1
5.935737448E0,2.825127125E0,-1.062011242E0,-8.813251257E-1
5.938084479E0,2.825127125E0,-8.909690976E-1,-7.762563825E-1
5.940430781E0,2.819018602E0,-7.394746542E-1,-6.772962809E-1
5.942777916E0,2.795805693E0,-6.050844193E-1,-5.978838801E-1
5.945125729E0,2.760375500E0,-4.939070344E-1,-5.331321955E-1
5.947472760E0,2.721280336E0,-3.937252462E-1,-4.793760777E-1
5.949819062E0,2.673632860E0,-3.082041740E-1,-4.427241981E-1
5.952166198E0,2.622320175E0,-2.275699973E-1,-4.195113480E-1
5.954514010E0,2.588111639E0,-1.664835513E-1,-4.036288559E-1
5.956861041E0,2.566120625E0,-1.102839932E-1,-3.889681101E-1
5.959207344E0,2.563677073E0,-7.485383004E-2,-3.791942596E-1
5.961554479E0,2.561233759E0,-4.064541310E-2,-3.828594685E-1
5.963902291E0,2.579559565E0,-1.498909295E-2,-3.840811849E-1
5.966249323E0,2.611324549E0,9.445495903E-3,-3.877463639E-1
5.968595625E0,2.647976398E0,3.143662587E-2,-3.999636769E-1
5.970942760E0,2.682184935E0,4.731911048E-2,-4.195113480E-1
5.973290573E0,2.713949919E0,2.410624921E-2,-4.476111233E-1
5.975637604E0,2.731054068E0,-1.865427941E-2,-4.805978239E-1
5.977983906E0,2.740827799E0,-7.974075526E-2,-5.135845542E-1
5.980331041E0,2.738384485E0,-1.738139093E-1,-5.551233292E-1
5.982678854E0,2.716393232E0,-3.057607114E-1,-6.003273129E-1
5.985025885E0,2.689515352E0,-4.328205884E-1,-6.491965055E-1
5.987372187E0,2.654085159E0,-5.623239279E-1,-7.127264142E-1
5.989719323E0,2.616211414E0,-6.942706704E-1,-7.835867405E-1
5.992067135E0,2.577116251E0,-8.213305473E-1,-8.471166492E-1
5.994414166E0,2.544129372E0,-9.557207823E-1,-9.020944834E-1
5.996760469E0,2.507477522E0,-1.084002376E0,-9.497419596E-1
5.999107604E0,2.469604015E0,-1.212283969E0,-9.815069437E-1
6.001455416E0,2.430508614E0,-1.356448054E0,-1.004719734E0
6.003802448E0,2.390191555E0,-1.516494632E0,-1.031597733E0
6.006148750E0,2.351096153E0,-1.681428075E0,-1.058475852E0
6.008495885E0,2.310779095E0,-1.831700802E0,-1.092684269E0
6.010843750E0,2.275348902E0,-1.984416842E0,-1.128114343E0
6.013190729E0,2.246027470E0,-2.129802704E0,-1.162322760E0
6.015537031E0,2.217927694E0,-2.264192820E0,-1.201418161E0
6.017884166E0,2.194714785E0,-2.382700682E0,-1.247843862E0
6.020232031E0,2.187384367E0,-2.488991022E0,-1.283274055E0
6.022579010E0,2.186162710E0,-2.568403482E0,-1.304043412E0
6.024925312E0,2.198379993E0,-2.636820316E0,-1.306486845E0
6.027272448E0,2.202045202E0,-2.668585300E0,-1.296713114E0
6.029620312E0,2.210597277E0,-2.673472166E0,-1.268613219E0
6.031967291E0,2.225258112E0,-2.644150734E0,-1.230739713E0
6.034313594E0,2.236253738E0,-2.569625139E0,-1.183092237E0
6.036660729E0,2.230144978E0,-2.477995634E0,-1.154992461E0
6.039008594E0,2.215484142E0,-2.353379250E0,-1.164766312E0
6.041355573E0,2.193493128E0,-2.132246017E0,-1.216078877E0
6.043701875E0,2.155619383E0,-1.817040086E0,-1.301599979E0
6.046049010E0,2.098198175E0,-1.482286215E0,-1.406668663E0
6.048396875E0,1.991907716E0,-1.140201926E0,-1.489746332E0
6.050743906E0,1.881951928E0,-8.347695470E-1,-1.533728600E0
6.053090208E0,1.764665961E0,-5.635456443E-1,-1.552054524E0
6.055437239E0,1.642493010E0,-3.338604867E-1,-1.548389316E0
6.057785156E0,1.533759117E0,-1.420489550E-1,-1.527619958E0
6.060132187E0,1.431133866E0,7.002037019E-3,-1.490967989E0
6.062478489E0,1.334617138E0,1.181794181E-1,-1.433546782E0
6.064825521E0,1.253983021E0,1.975918412E-1,-1.363908172E0
6.067173437E0,1.180679321E0,2.513479292E-1,-1.295491338E0
6.069520469E0,1.118371129E0,2.782259583E-1,-1.242956996E0
6.071866719E0,1.053619385E0,2.831128836E-1,-1.208748579E0
6.074213854E0,9.998633862E-1,2.562348545E-1,-1.178205252E0
6.076561719E0,9.497724771E-1,2.049221992E-1,-1.146440387E0
6.078908750E0,8.886860013E-1,1.475009322E-1,-1.120784044E0
6.081255052E0,8.324864507E-1,7.786233723E-2,-1.098792911E0
6.083602083E0,7.738434076E-1,7.002037019E-3,-1.082910419E0
6.085950000E0,7.127569318E-1,-8.218421787E-2,-1.073136568E0
6.088297031E0,6.516705155E-1,-1.799225509E-1,-1.065806150E0
6.090643333E0,5.979143977E-1,-2.898782492E-1,-1.058475852E0
6.092990364E0,5.404931307E-1,-4.047208130E-1,-1.047480226E0
6.095338281E0,4.732979834E-1,-5.061243176E-1,-1.040149927E0
6.097685312E0,4.219853580E-1,-6.124148369E-1,-1.026710868E0
6.100031614E0,3.670075238E-1,-7.040445209E-1,-1.016937017E0
6.102378646E0,3.205818236E-1,-7.871221304E-1,-1.003497958E0
6.104726562E0,2.802647352E-1,-8.579823971E-1,-9.912807345E-1
6.107073594E0,2.436128408E-1,-9.105167985E-1,-9.778417349E-1
6.109419896E0,2.167348117E-1,-9.496121407E-1,-9.656244516E-1
6.111766927E0,1.947436780E-1,-9.728249907E-1,-9.497419596E-1
6.114114844E0,1.739742607E-1,-9.740467072E-1,-9.338594675E-1
6.116461875E0,1.580917984E-1,-9.544990659E-1,-9.204204679E-1
6.118808177E0,1.593135148E-1,-9.410600066E-1,-8.996510506E-1
6.121155208E0,1.519831419E-1,-8.946343064E-1,-8.837685585E-1
6.123503125E0,1.470962316E-1,-8.408781886E-1,-8.654426336E-1
6.125850156E0,1.495396793E-1,-7.797917128E-1,-8.422297835E-1
6.128196458E0,1.532048732E-1,-7.052662373E-1,-8.214603662E-1
6.130543489E0,1.544265896E-1,-6.197451949E-1,-8.006909490E-1
6.132891406E0,1.568700522E-1,-5.281154513E-1,-7.774780989E-1
6.135238437E0,1.556483358E-1,-4.303771257E-1,-7.530435324E-1
6.137584739E0,1.568700522E-1,-3.326387703E-1,-7.298306823E-1
6.139931771E0,1.568700522E-1,-2.385655940E-1,-6.992874146E-1
6.142279687E0,1.519831419E-1,-1.420489550E-1,-6.699659228E-1
6.144626719E0,1.446527690E-1,-4.675405473E-2,-6.369792223E-1
6.146973021E0,1.373223811E-1,3.754527494E-2,-6.003273129E-1
6.149320156E0,1.263268143E-1,1.218446121E-1,-5.648971796E-1
6.151667969E0,1.104443446E-1,1.988135576E-1,-5.270235538E-1
6.154015000E0,8.845321834E-2,2.684521079E-1,-4.903716445E-1
6.156361302E0,5.790998042E-2,3.185430169E-1,-4.549415112E-1
6.158708437E0,2.247982286E-2,3.454210758E-1,-4.146244228E-1
6.161056250E0,-2.272416465E-2,3.600818217E-1,-3.743073642E-1
6.163403281E0,-6.548469514E-2,3.625252843E-1,-3.254381716E-1
6.165749583E0,-1.131321490E-1,3.551948965E-1,-2.704603374E-1
6.168096719E0,-1.656665057E-1,3.515297174E-1,-2.093738765E-1
6.170444531E0,-2.096487731E-1,3.429776132E-1,-1.434004903E-1
6.172791562E0,-2.511875629E-1,3.332037926E-1,-7.742711157E-2
6.175137864E0,-3.037219346E-1,3.344255090E-1,-2.000581846E-2
6.177485000E0,-3.489259183E-1,3.197647631E-1,3.619373217E-2
6.179832812E0,-3.965733647E-1,3.063257337E-1,9.117155522E-2
6.182179844E0,-4.503294826E-1,2.941084504E-1,1.388190091E-1
6.184526146E0,-5.028638244E-1,2.928867042E-1,1.864664555E-1
6.186873281E0,-5.553982258E-1,2.941084504E-1,2.316704541E-1
6.189221094E0,-6.128194928E-1,2.965518832E-1,2.805396318E-1
6.191568125E0,-6.714624763E-1,2.941084504E-1,3.306305408E-1
6.193914427E0,-7.386575937E-1,2.916649878E-1,3.831649125E-1
6.196261562E0,-8.156265616E-1,2.806694210E-1,4.320340753E-1
6.198609375E0,-9.084780216E-1,2.574565709E-1,4.711294174E-1
6.200956406E0,-1.004994631E0,2.134743035E-1,5.065595508E-1
6.203302708E0,-1.118615508E0,1.719355285E-1,5.444331765E-1
6.205649844E0,-1.246897101E0,1.218446121E-1,5.713111758E-1
6.207997656E0,-1.382509112E0,5.709294602E-2,5.896371603E-1
6.210344687E0,-1.529116631E0,-1.132390462E-2,5.994109511E-1
6.212690989E0,-1.668393731E0,-7.241038233E-2,6.067413688E-1
6.215038125E0,-1.785679817E0,-9.806669503E-2,6.055196524E-1
6.217385937E0,-1.874866009E0,-6.385827065E-2,5.908588767E-1
6.219732969E0,-1.933509111E0,7.002037019E-3,5.664243102E-1
6.222079271E0,-1.956721902E0,1.096273139E-1,5.297724009E-1
6.224426406E0,-1.955500245E0,2.342437208E-1,4.796815217E-1
6.226774219E0,-1.931065559E0,3.784077764E-1,4.173733294E-1
6.229121250E0,-1.873644352E0,5.176849365E-1,3.489564657E-1
6.231467552E0,-1.782014608E0,6.398578882E-1,2.732092440E-1
6.233814687E0,-1.658620000E0,7.351527810E-1,1.766926199E-1
6.236162500E0,-1.496129870E0,7.876871228E-1,6.551523507E-2
6.238509531E0,-1.300653219E0,7.803567648E-1,-6.032289192E-2
6.240855833E0,-1.081963658E0,7.046095133E-1,-1.947131306E-1
6.243202864E0,-8.376176953E-1,5.665541291E-1,-3.449858427E-1
6.245550781E0,-5.712806582E-1,3.771860301E-1,-5.111410618E-1
6.247897812E0,-3.000567555E-1,1.450574696E-1,-6.834049225E-1
6.250244114E0,-2.272416465E-2,-1.444924176E-1,-8.520035744E-1
6.252591250E0,2.460563034E-1,-4.755811095E-1,-1.008384943E0
6.254939062E0,4.916239679E-1,-8.457651138E-1,-1.142775178E0
6.257286094E0,7.054265738E-1,-1.253822803E0,-1.252730846E0
6.259632396E0,8.837990761E-1,-1.685093284E0,-1.346803904E0
6.261979531E0,1.014524102E0,-2.101702929E0,-1.434768438E0
6.264327344E0,1.102488637E0,-2.498764992E0,-1.512959123E0
6.266674375E0,1.147692561E0,-2.845736027E0,-1.577710867E0
6.269020677E0,1.147692561E0,-3.123068810E0,-1.633910418E0
6.271367812E0,1.117149353E0,-3.329540968E0,-1.681557775E0
6.273715625E0,1.058506370E0,-3.441940069E0,-1.725540042E0
6.276062656E0,9.852025509E-1,-3.461487770E0,-1.759748459E0
6.278408958E0,8.972381353E-1,-3.385740519E0,-1.792735219E0
6.280756094E0,8.007214665E-1,-3.222028732E0,-1.814726353E0
6.283103906E0,6.956527233E-1,-2.989900112E0,-1.831830502E0
6.285450937E0,5.918057561E-1,-2.702793837E0,-1.844047785E0
6.287797239E0,4.916239679E-1,-2.390031099E0,-1.844047785E0
6.290144375E0,3.804465532E-1,-2.044281483E0,-1.842826128E0
6.292492187E0,2.643822730E-1,-1.687536716E0,-1.830608845E0
6.294839219E0,1.348789185E-1,-1.297805071E0,-1.813504577E0
6.297185521E0,9.040800855E-3,-9.044081569E-1,-1.786626577E0
6.299532656E0,-1.265711635E-1,-4.865766764E-1,-1.749974728E0
6.301880469E0,-2.536310256E-1,-5.530615896E-2,-1.707214117E0
6.304227500E0,-3.477042019E-1,3.429776132E-1,-1.658344984E0
6.306573802E0,-4.148993194E-1,6.899487972E-1,-1.613140941E0
6.308920833E0,-4.381121695E-1,9.575075507E-1,-1.574045658E0
6.311268750E0,-4.210079610E-1,1.144432187E0,-1.549611092E0
6.313615781E0,-3.611432314E-1,1.237283587E0,-1.526398182E0
6.315962083E0,-2.670700550E-1,1.255609512E0,-1.500741839E0
6.318309219E0,-1.583361477E-1,1.188414335E0,-1.465311766E0
6.320657031E0,-5.204567313E-2,1.055245876E0,-1.422551155E0
6.323004062E0,3.958404064E-2,8.719864488E-1,-1.370016813E0
6.325350364E0,1.165530011E-1,6.374143958E-1,-1.308930397E0
6.327697500E0,1.703090817E-1,3.820729554E-1,-1.242956996E0
6.330045312E0,2.020740360E-1,1.145142242E-1,-1.179427028E0
6.332392344E0,2.179565281E-1,-1.603748798E-1,-1.115897059E0
6.334738646E0,2.155130655E-1,-4.279336631E-1,-1.058475852E0
6.337085781E0,1.959653944E-1,-6.783881783E-1,-1.005941391E0
6.339433594E0,1.617569774E-1,-9.007429481E-1,-9.546288848E-1
6.341780625E0,1.214399114E-1,-1.066898108E0,-9.143118262E-1
6.344126927E0,7.745765150E-2,-1.153640985E0,-8.947641253E-1
6.346474062E0,3.591884673E-2,-1.143867135E0,-9.155335426E-1
6.348821875E0,-9.285138920E-3,-1.041241884E0,-9.753982425E-1
6.351168906E0,-3.738491237E-2,-8.836387396E-1,-1.052367210E0
6.353515208E0,-5.082394183E-2,-6.857185960E-1,-1.134222984E0
6.355862239E0,-4.960221052E-2,-4.682507217E-1,-1.218522310E0
6.358210156E0,-2.028070576E-2,-2.568915486E-1,-1.291826129E0
6.360557187E0,3.103193082E-2,-6.263654679E-2,-1.356577754E0
6.362903489E0,9.456185997E-2,8.763618022E-2,-1.409112215E0
6.365250521E0,1.629786938E-1,1.853745282E-1,-1.439655423E0
6.367598437E0,2.228434533E-1,2.391306460E-1,-1.453094482E0
6.369945469E0,2.668257356E-1,2.782259583E-1,-1.448207498E0
6.372291771E0,2.827081978E-1,3.197647631E-1,-1.423772931E0
6.374638802E0,2.692691684E-1,3.637470007E-1,-1.372460246E0
6.376986719E0,2.228434533E-1,4.126161933E-1,-1.299156547E0
6.379333750E0,1.507614106E-1,4.553767145E-1,-1.206305027E0
6.381680052E0,5.546652526E-2,5.018024445E-1,-1.103679776E0
6.384027083E0,-6.426296383E-2,5.567802787E-1,-9.876155853E-1
6.386375000E0,-1.986532062E-1,6.068711877E-1,-8.568904996E-1
6.388721979E0,-3.293782473E-1,6.410796046E-1,-7.151699066E-1
6.391068333E0,-4.539946616E-1,6.520751715E-1,-5.710058212E-1
6.393415364E0,-5.761675835E-1,6.447448134E-1,-4.268417060E-1
6.395763281E0,-6.897884607E-1,6.117581129E-1,-2.814559042E-1
6.398110312E0,-7.948571444E-1,5.665541291E-1,-1.348483860E-1
6.400456614E0,-8.889303207E-1,5.030241609E-1,1.542433444E-2
6.402803646E0,-9.768949151E-1,4.284986854E-1,1.705839783E-1
6.405151562E0,-1.059972525E0,3.429776132E-1,3.306305408E-1
6.407498541E0,-1.128389359E0,2.318002582E-1,4.967857301E-1
6.409844896E0,-1.178480268E0,9.007964283E-2,6.690495610E-1
6.412191927E0,-1.205358267E0,-8.829285949E-2,8.559741378E-1
6.414539844E0,-1.202914834E0,-2.910999656E-1,1.049007416E0
6.416886875E0,-1.176036835E0,-5.158981681E-1,1.245705962E0
6.419233177E0,-1.155267358E0,-7.125965953E-1,1.450956464E0
6.421580208E0,-1.122280717E0,-9.068515897E-1,1.669646025E0
6.423928125E0,-1.075855017E0,-1.092554450E0,1.898109436E0
6.426275104E0,-1.047755241E0,-1.244048953E0,2.138790131E0
6.428621458E0,-9.952208400E-1,-1.393099904E0,2.396574974E0
6.430968489E0,-9.463516474E-1,-1.501833797E0,2.659246922E0
6.433316406E0,-8.974824548E-1,-1.597128749E0,2.928027391E0
6.435663385E0,-8.425046206E-1,-1.658215165E0,3.191920996E0
6.438009687E0,-7.777529359E-1,-1.676541209E0,3.443597078E0
6.440356823E0,-7.178882360E-1,-1.656993508E0,3.663508415E0
6.442704687E0,-6.787928939E-1,-1.598350525E0,3.808894396E0
6.445051666E0,-6.470279098E-1,-1.507942438E0,3.838215828E0
6.447398021E0,-6.335889101E-1,-1.378439188E0,3.745364428E0
6.449745052E0,-6.262584925E-1,-1.219614387E0,3.564548492E0
6.452092969E0,-6.372540593E-1,-1.032689691E0,3.318980694E0
6.454439948E0,-6.677973270E-1,-8.457651138E-1,3.020878792E0
6.456786250E0,-7.032274604E-1,-6.881620288E-1,2.705672503E0
6.459133385E0,-7.447662354E-1,-5.439979434E-1,2.384357691E0
6.461481250E0,-7.887485027E-1,-4.352640510E-1,2.077703714E0
6.463828229E0,-8.400611877E-1,-3.668471873E-1,1.800371051E0
6.466174531E0,-9.109214544E-1,-3.301953077E-1,1.558468699E0
6.468521666E0,-9.952208400E-1,-3.265301287E-1,1.356883287E0
6.470869531E0,-1.089294076E0,-3.534081578E-1,1.189506412E0
6.473216510E0,-1.185810685E0,-4.059425294E-1,1.058781266E0
6.475562812E0,-1.279883862E0,-4.768028259E-1,9.744819403E-1
6.477909948E0,-1.360517979E0,-5.574370027E-1,9.268344641E-1
6.480257760E0,-1.439930320E0,-6.270755529E-1,8.999564052E-1
6.482604791E0,-1.499795079E0,-7.064879537E-1,8.791870475E-1
6.484951094E0,-1.549885988E0,-7.883438468E-1,8.657479882E-1
6.487298229E0,-1.585316181E0,-8.726431727E-1,8.559741378E-1
6.489646041E0,-1.610972524E0,-9.361730814E-1,8.486437798E-1
6.491993073E0,-1.625633240E0,-9.825987816E-1,8.437568545E-1
6.494339375E0,-1.625633240E0,-1.021694183E0,8.437568545E-1
6.496686510E0,-1.613415956E0,-1.046128750E0,8.449785709E-1
6.499034375E0,-1.597533464E0,-1.057124376E0,8.437568545E-1
6.501381354E0,-1.577985764E0,-1.055902600E0,8.400917053E-1
6.503727656E0,-1.551107764E0,-1.054680824E0,8.376482129E-1
6.506074791E0,-1.525451422E0,-1.038798332E0,8.376482129E-1
6.508422604E0,-1.503460288E0,-1.005811691E0,8.449785709E-1
6.510769635E0,-1.485134363E0,-9.496121407E-1,8.620828390E-1
6.513115937E0,-1.460699797E0,-8.921908736E-1,8.987346888E-1
6.515463073E0,-1.439930320E0,-8.066697717E-1,9.427169561E-1
6.517810885E0,-1.420382738E0,-7.052662373E-1,9.952513576E-1
6.520157916E0,-1.405721903E0,-5.855367780E-1,1.055116177E0
6.522504219E0,-1.383730769E0,-4.584769011E-1,1.122311234E0
6.524851354E0,-1.367848396E0,-3.057607114E-1,1.189506412E0
6.527199166E0,-1.354409337E0,-1.579314470E-1,1.257923245E0
6.529546198E0,-1.343413711E0,-1.254563406E-2,1.328783512E0
6.531892500E0,-1.342192054E0,1.340619028E-1,1.394756913E0
6.534239635E0,-1.344635487E0,2.708955705E-1,1.460730314E0
6.536587448E0,-1.353187561E0,4.113944769E-1,1.521816730E0
6.538934479E0,-1.366626620E0,5.482281446E-1,1.568242431E0
6.541280781E0,-1.388617754E0,6.704010963E-1,1.589011908E0
6.543627916E0,-1.419160962E0,7.766915560E-1,1.592677116E0
6.545975729E0,-1.457034588E0,8.719864488E-1,1.581681490E0
6.548322760E0,-1.488799572E0,9.452902079E-1,1.568242431E0
6.550669062E0,-1.515677571E0,9.880508184E-1,1.549916506E0
6.553016198E0,-1.530338407E0,1.007598400E0,1.532812357E0
6.555364010E0,-1.531560063E0,1.038141608E0,1.524260283E0
6.557711041E0,-1.520564556E0,1.098006368E0,1.514486432E0
6.560057344E0,-1.512012362E0,1.167644978E0,1.497382164E0
6.562404479E0,-1.505903721E0,1.256831288E0,1.471725821E0
6.564752291E0,-1.491243005E0,1.375339031E0,1.453399897E0
6.567099323E0,-1.471695304E0,1.531720400E0,1.444847822E0
6.569445625E0,-1.448482513E0,1.716201544E0,1.444847822E0
6.571792760E0,-1.431378245E0,1.921452045E0,1.447291255E0
6.574140573E0,-1.409387112E0,2.123037577E0,1.455843329E0
6.576487604E0,-1.377622128E0,2.297744751E0,1.474169374E0
6.578833906E0,-1.343413711E0,2.441908836E0,1.494938731E0
6.581181041E0,-1.304318428E0,2.548199415E0,1.515708089E0
6.583528854E0,-1.265223026E0,2.601955414E0,1.532812357E0
6.585875885E0,-1.239566803E0,2.609285831E0,1.546251416E0
6.588222187E0,-1.224905968E0,2.594624996E0,1.553581715E0
6.590569323E0,-1.218797326E0,2.564081907E0,1.551138282E0
6.592917135E0,-1.223684311E0,2.510325670E0,1.538920999E0
6.595264166E0,-1.246897101E0,2.455348015E0,1.515708089E0
6.597610469E0,-1.276218653E0,2.380822420E0,1.492495298E0
6.599957604E0,-1.326309562E0,2.307518721E0,1.472947598E0
6.602305416E0,-1.398391604E0,2.232993126E0,1.474169374E0
6.604652448E0,-1.479025722E0,2.173128366E0,1.470504165E0
6.606998750E0,-1.559659839E0,2.099824667E0,1.430187106E0
6.609345885E0,-1.629298449E0,2.021634102E0,1.365435362E0
6.611693698E0,-1.695271850E0,1.966656089E0,1.286023021E0
6.614040729E0,-1.747806191E0,1.944664955E0,1.202945352E0
6.616387031E0,-1.788123250E0,1.945886612E0,1.117424369E0
6.618734062E0,-1.825996876E0,1.960547447E0,1.039233685E0
6.621081979E0,-1.861427069E0,2.000864506E0,9.659298062E-1
6.623429010E0,-1.878531218E0,2.039959908E0,9.023998976E-1
6.625775312E0,-1.896857142E0,2.091272593E0,8.474220634E-1
6.628122344E0,-1.916404843E0,2.156024218E0,7.961094379E-1
6.630470260E0,-1.935952544E0,2.226884604E0,7.484619617E-1
6.632817291E0,-1.962830544E0,2.308740377E0,7.057014704E-1
6.635163594E0,-1.987265229E0,2.391818047E0,6.678278446E-1
6.637510625E0,-2.011699677E0,2.485891104E0,6.360628605E-1
6.639858541E0,-2.037355900E0,2.572633982E0,6.079630852E-1
6.642205573E0,-2.064234018E0,2.650824547E0,5.835285187E-1
6.644551823E0,-2.086225033E0,2.727793694E0,5.700894594E-1
6.646898958E0,-2.114324808E0,2.798653841E0,5.578721762E-1
6.649246823E0,-2.135094404E0,2.845079660E0,5.554287434E-1
6.651593802E0,-2.153420210E0,2.874401093E0,5.578721762E-1
6.653940156E0,-2.169302702E0,2.870735884E0,5.652025342E-1
6.656287187E0,-2.181519985E0,2.840192795E0,5.737546682E-1
6.658635104E0,-2.188850403E0,2.787658453E0,5.810850263E-1
6.660982083E0,-2.190072060E0,2.700915575E0,5.884154439E-1
6.663328385E0,-2.194959164E0,2.599512100E0,5.884154439E-1
6.665675521E0,-2.186406851E0,2.476117373E0,5.871936679E-1
6.668023385E0,-2.175411463E0,2.335618496E0,5.835285187E-1
6.670370364E0,-2.166859388E0,2.173128366E0,5.786415935E-1
6.672716666E0,-2.152198553E0,1.997199178E0,5.749763846E-1
6.675063802E0,-2.137537718E0,1.835930943E0,5.700894594E-1
6.677411614E0,-2.117990017E0,1.689323425E0,5.652025342E-1
6.679758646E0,-2.094777346E0,1.547602892E0,5.615373850E-1
6.682104948E0,-2.074007750E0,1.405882239E0,5.652025342E-1
6.684452083E0,-2.056903601E0,1.267826796E0,5.713111758E-1
6.686799896E0,-2.039799452E0,1.132214785E0,5.933023095E-1
6.689146927E0,-2.025138617E0,9.966028929E-1,6.372845769E-1
6.691493229E0,-2.011699677E0,8.438866735E-1,6.898189783E-1
6.693840364E0,-1.989708543E0,6.728445888E-1,7.325794697E-1
6.696188177E0,-1.955500245E0,5.066893697E-1,7.496836782E-1
6.698535208E0,-1.918848276E0,3.503080010E-1,7.435750365E-1
6.700881510E0,-1.869979143E0,2.098091245E-1,7.252491117E-1
6.703228646E0,-1.797897100E0,1.010752097E-1,6.983710527E-1
6.705576458E0,-1.731923699E0,5.220602825E-2,6.739364862E-1
6.707923489E0,-1.676945925E0,3.876700252E-2,6.409497857E-1
6.710269791E0,-1.613415956E0,9.445495903E-3,5.969675183E-1
6.712616927E0,-1.563325047E0,-6.436986849E-3,5.542069674E-1
6.714964739E0,-1.524229765E0,-2.842811495E-2,5.163334012E-1
6.717311771E0,-1.491243005E0,-4.064541310E-2,4.833467007E-1
6.719658073E0,-1.461921453E0,-4.553233087E-2,4.601338506E-1
6.722005208E0,-1.441152096E0,-3.942368180E-2,4.515817463E-1
6.724353021E0,-1.428934813E0,-2.231946960E-2,4.564686716E-1
6.726700052E0,-1.432600021E0,2.288452163E-2,4.662424922E-1
6.729046354E0,-1.433821678E0,6.686678529E-2,4.882336259E-1
6.731393489E0,-1.442373872E0,1.084055826E-1,5.151116252E-1
6.733741302E0,-1.446039081E0,1.511661112E-1,5.480983257E-1
6.736088333E0,-1.443595529E0,1.902614534E-1,5.847502351E-1
6.738434635E0,-1.435043454E0,2.208046913E-1,6.226238608E-1
6.740781771E0,-1.416717529E0,2.415741086E-1,6.641626358E-1
6.743129583E0,-1.392282963E0,2.574565709E-1,7.069231868E-1
6.745476614E0,-1.359296203E0,2.586783171E-1,7.484619617E-1
6.747822916E0,-1.322644353E0,2.415741086E-1,7.900007963E-1
6.750170052E0,-1.273775220E0,2.220264375E-1,8.303178549E-1
6.752517864E0,-1.222462535E0,2.024787664E-1,8.767435551E-1
6.754864896E0,-1.168706417E0,1.951483786E-1,9.207258224E-1
6.757211198E0,-1.100289583E0,1.865962744E-1,9.610428810E-1
6.759558229E0,-1.030650973E0,1.853745282E-1,9.952513576E-1
6.761906146E0,-9.585689306E-1,1.902614534E-1,1.029459834E0
6.764253177E0,-8.815999627E-1,2.085874081E-1,1.058781266E0
6.766599479E0,-7.997440696E-1,2.366871834E-1,1.083215952E0
6.768946510E0,-7.227751613E-1,2.647869587E-1,1.101541877E0
6.771294427E0,-6.445844769E-1,2.928867042E-1,1.117424369E0
6.773641458E0,-5.688372254E-1,3.307603300E-1,1.129641652E0
6.775987760E0,-4.918682575E-1,3.576383591E-1,1.135750294E0
6.778334791E0,-4.161210358E-1,3.820729554E-1,1.138193727E0
6.780682708E0,-3.489259183E-1,4.065075517E-1,1.128419876E0
6.783029739E0,-2.817308009E-1,4.333855808E-1,1.116202593E0
6.785376041E0,-2.243095487E-1,4.810330272E-1,1.099098325E0
6.787723073E0,-1.729968935E-1,5.396760702E-1,1.074663758E0
6.790070989E0,-1.277928948E-1,6.105363369E-1,1.047785759E0
6.792417969E0,-9.969311953E-2,6.960574389E-1,1.017242551E0
6.794764323E0,-8.258890361E-2,7.876871228E-1,9.830340147E-1
6.797111354E0,-7.281506807E-2,8.829820156E-1,9.476038814E-1
6.799459271E0,-7.403679937E-2,9.770551920E-1,9.121736884E-1
6.801806250E0,-8.747582138E-2,1.069906592E0,8.730784059E-1
6.804152552E0,-1.033582985E-1,1.149319053E0,8.376482129E-1
6.806499687E0,-1.253494322E-1,1.223844528E0,7.973311543E-1
6.808847552E0,-1.534492224E-1,1.283709288E0,7.582358122E-1
6.811194531E0,-1.852141768E-1,1.335021973E0,7.154752612E-1
6.813540833E0,-2.145356983E-1,1.359456539E0,6.739364862E-1
6.815887969E0,-2.414137572E-1,1.371673822E0,6.299542189E-1
6.818235781E0,-2.695135176E-1,1.366786838E0,5.871936679E-1
6.820582812E0,-2.927263677E-1,1.344795704E0,5.444331765E-1
6.822929114E0,-3.147175014E-1,1.311809063E0,4.992292225E-1
6.825276250E0,-3.330434561E-1,1.262939930E0,4.564686716E-1
6.827624062E0,-3.501476645E-1,1.207962036E0,4.112646878E-1
6.829971094E0,-3.599214852E-1,1.141988635E0,3.660606742E-1
6.832317396E0,-3.684735894E-1,1.073571801E0,3.196349740E-1
6.834664531E0,-3.635866642E-1,9.990463257E-1,2.780961692E-1
6.837012344E0,-3.599214852E-1,9.269642830E-1,2.341139019E-1
6.839359375E0,-3.489259183E-1,8.548822403E-1,1.864664555E-1
6.841705677E0,-3.342651725E-1,7.828001976E-1,1.400407404E-1
6.844052812E0,-3.196044266E-1,7.156050801E-1,8.261945099E-2
6.846400625E0,-2.976132929E-1,6.361926794E-1,2.275471017E-2
6.848747656E0,-2.744004130E-1,5.506716371E-1,-3.588830307E-2
6.851093958E0,-2.646265924E-1,4.773678482E-1,-1.030834243E-1
6.853441094E0,-2.475223988E-1,3.894033432E-1,-1.678350866E-1
6.855788906E0,-2.328616530E-1,3.075474501E-1,-2.313650101E-1
6.858135937E0,-2.157574147E-1,2.256916165E-1,-2.936732173E-1
6.860482239E0,-1.949880272E-1,1.511661112E-1,-3.510944843E-1
6.862829375E0,-1.742186099E-1,8.519271761E-2,-4.097374976E-1
6.865177187E0,-1.436753720E-1,1.921933144E-2,-4.622718692E-1
6.867524219E0,-1.192407906E-1,-3.942368180E-2,-5.135845542E-1
6.869870521E0,-9.358447045E-2,-9.440150112E-2,-5.600102544E-1
6.872217656E0,-6.792815030E-2,-1.408272386E-1,-6.039925218E-1
6.874565469E0,-4.227183759E-2,-1.811442971E-1,-6.443095803E-1
6.876912500E0,-1.539378799E-2,-2.141309977E-1,-6.797397733E-1
6.879258802E0,1.637117751E-2,-2.336786687E-1,-7.151699066E-1
6.881605833E0,4.691441357E-2,-2.422307730E-1,-7.518217564E-1
6.883953750E0,7.134900242E-2,-2.434525192E-1,-7.872519493E-1
6.886300781E0,1.006705090E-1,-2.385655940E-1,-8.226820827E-1
6.888647083E0,1.385441273E-1,-2.385655940E-1,-8.544470668E-1
6.890994114E0,1.666439027E-1,-2.336786687E-1,-8.886554837E-1
6.893342031E0,2.081827074E-1,-2.385655940E-1,-9.167552590E-1
6.895689062E0,2.607170641E-1,-2.568915486E-1,-9.363029003E-1
6.898035364E0,3.108079731E-1,-2.727740109E-1,-9.570723176E-1
6.900382396E0,3.670075238E-1,-2.947651446E-1,-9.705113769E-1
6.902730312E0,4.305374622E-1,-3.277518451E-1,-9.753982425E-1
6.905077291E0,5.001760125E-1,-3.729558289E-1,-9.741765261E-1
6.907423594E0,5.759232640E-1,-4.413726926E-1,-9.607375264E-1
6.909770729E0,6.504487395E-1,-5.036808848E-1,-9.436333179E-1
6.912118594E0,7.384132743E-1,-5.867584944E-1,-9.167552590E-1
6.914465573E0,8.227126002E-1,-6.588405371E-1,-8.886554837E-1
6.916811875E0,9.155640602E-1,-7.394746542E-1,-8.544470668E-1
6.919159010E0,1.013302326E0,-8.188871145E-1,-8.165734410E-1
6.921506823E0,1.111040711E0,-8.836387396E-1,-7.750346661E-1
6.923853854E0,1.213665962E0,-9.398382902E-1,-7.359393239E-1
6.926200156E0,1.316291213E0,-9.862639904E-1,-7.005091310E-1
6.928547291E0,1.414029598E0,-1.005811691E0,-6.736310720E-1
6.930895104E0,1.514211416E0,-1.021694183E0,-6.455312967E-1
6.933242135E0,1.614393234E0,-1.027802825E0,-6.296488643E-1
6.935588437E0,1.715796828E0,-1.035133243E0,-6.149880886E-1
6.937935573E0,1.801317811E0,-1.027802825E0,-6.039925218E-1
6.940283385E0,1.881951928E0,-1.018028975E0,-6.015490890E-1
6.942630416E0,1.947925329E0,-1.004589915E0,-6.015490890E-1
6.944976719E0,2.005346775E0,-9.984812737E-1,-6.064359546E-1
6.947323854E0,2.051772594E0,-9.825987816E-1,-6.137663722E-1
6.949671666E0,2.109193802E0,-9.764901996E-1,-6.223184466E-1
6.952018698E0,2.156841278E0,-9.483904243E-1,-6.369792223E-1
6.954365000E0,2.200823545E0,-9.117385149E-1,-6.577486396E-1
6.956712135E0,2.238697052E0,-8.714214563E-1,-6.870701313E-1
6.959059948E0,2.274127245E0,-8.323261142E-1,-7.212785482E-1
6.961406979E0,2.308335781E0,-8.042263389E-1,-7.579304576E-1
6.963753281E0,2.335213661E0,-7.639092803E-1,-8.019126654E-1
6.966100416E0,2.368200302E0,-7.431398630E-1,-8.422297835E-1
6.968448229E0,2.395078421E0,-7.272573709E-1,-8.837685585E-1
6.970795260E0,2.421956539E0,-7.272573709E-1,-9.253073335E-1
6.973141562E0,2.443947554E0,-7.358095050E-1,-9.656244516E-1
6.975488698E0,2.474490881E0,-7.541354299E-1,-1.008384943E0
6.977836510E0,2.508699417E0,-7.773482800E-1,-1.051145434E0
6.980183541E0,2.545351267E0,-7.968959808E-1,-1.092684269E0
6.982529844E0,2.586889982E0,-8.152219057E-1,-1.130557895E0
6.984876875E0,2.632093906E0,-8.237739801E-1,-1.159879327E0
6.987224791E0,2.679741383E0,-8.213305473E-1,-1.179427028E0
6.989571771E0,2.729832411E0,-7.944524884E-1,-1.187979102E0
6.991918125E0,2.782366753E0,-7.541354299E-1,-1.186757445E0
6.994265156E0,2.827570677E0,-7.089314461E-1,-1.173318386E0
6.996613073E0,2.853226900E0,-6.551753283E-1,-1.146440387E0
6.998960052E0,2.859335661E0,-6.075279117E-1,-1.106123209E0
7.001306354E0,2.850783587E0,-5.782063603E-1,-1.064584494E0
7.003653489E0,2.833679438E0,-5.745412111E-1,-1.014493585E0
7.006001354E0,2.812909842E0,-5.928671360E-1,-9.680678844E-1
7.008348333E0,2.787253618E0,-6.417363286E-1,-9.240856171E-1
7.010694635E0,2.764040709E0,-7.309225798E-1,-8.727729917E-1
7.013041771E0,2.732275724E0,-8.152219057E-1,-8.153517246E-1
7.015389583E0,2.699289083E0,-8.738648891E-1,-7.518217564E-1
7.017736614E0,2.678519726E0,-8.811953068E-1,-6.846266389E-1
7.020082916E0,2.666302443E0,-8.372130394E-1,-6.149880886E-1
7.022430052E0,2.665080786E0,-7.639092803E-1,-5.539016128E-1
7.024777864E0,2.680963039E0,-6.869403124E-1,-5.062541366E-1
7.027124896E0,2.704175949E0,-5.940888524E-1,-4.720457196E-1
7.029471198E0,2.748158216E0,-4.902418256E-1,-4.524980485E-1
7.031818333E0,2.801914454E0,-3.582950830E-1,-4.463894069E-1
7.034166146E0,2.866666079E0,-2.214613557E-1,-4.537197649E-1
7.036513177E0,2.921643972E0,-7.118865103E-2,-4.781543612E-1
7.038859479E0,2.977843523E0,5.342775956E-2,-5.172497034E-1
7.041206614E0,3.023047447E0,1.499443948E-1,-5.661188960E-1
7.043554427E0,3.073138237E0,2.293567955E-1,-6.125445962E-1
7.045901458E0,3.126894474E0,3.185430169E-1,-6.577486396E-1
7.048247760E0,3.183094025E0,3.710773885E-1,-7.151699066E-1
7.050594896E0,3.222189188E0,3.869598806E-1,-7.823650241E-1
7.052942708E0,3.253954172E0,3.661904633E-1,-8.471166492E-1
7.055289739E0,3.284497499E0,3.393124342E-1,-9.020944834E-1
7.057636041E0,3.318706036E0,3.197647631E-1,-9.436333179E-1
7.059983177E0,3.356579542E0,3.014388084E-1,-9.778417349E-1
7.062330989E0,3.392009735E0,2.794476748E-1,-1.013271809E0
7.064678021E0,3.432326794E0,2.611217797E-1,-1.041371584E0
7.067024323E0,3.472643852E0,2.562348545E-1,-1.065806150E0
7.069371354E0,3.494634867E0,2.085874081E-1,-1.108566761E0
7.071719271E0,3.494634867E0,1.291749775E-1,-1.162322760E0
7.074066302E0,3.479974270E0,1.311068423E-2,-1.218522310E0
7.076412604E0,3.450652599E0,-1.396054924E-1,-1.279608846E0
7.078759635E0,3.407892227E0,-3.130910993E-1,-1.343138814E0
7.081107552E0,3.367575169E0,-4.939070344E-1,-1.404225230E0
7.083454531E0,3.327258110E0,-6.527318954E-1,-1.468976855E0
7.085800833E0,3.283275843E0,-7.846786380E-1,-1.534950256E0
7.088147969E0,3.247845650E0,-9.092950821E-1,-1.589928150E0
7.090495833E0,3.208750248E0,-1.021694183E0,-1.641240716E0
7.092842812E0,3.159881115E0,-1.129206419E0,-1.680336118E0
7.095189114E0,3.100016356E0,-1.220836043E0,-1.712101102E0
7.097536250E0,3.029155970E0,-1.295361519E0,-1.741422534E0
7.099884062E0,2.942413330E0,-1.347895980E0,-1.764635444E0
7.102231094E0,2.847118378E0,-1.394321680E0,-1.785404801E0
7.104577396E0,2.744493008E0,-1.449299455E0,-1.803730726E0
7.106924531E0,2.638202667E0,-1.501833797E0,-1.815948009E0
7.109272344E0,2.536799192E0,-1.559255123E0,-1.828165412E0
7.111619375E0,2.446391106E0,-1.605680823E0,-1.845269561E0
7.113965677E0,2.380417824E0,-1.642332673E0,-1.870925903E0
7.116312812E0,2.338878870E0,-1.658215165E0,-1.905134320E0
7.118660625E0,2.329105139E0,-1.638667583E0,-1.938120961E0
7.121007656E0,2.340100527E0,-1.556811690E0,-1.969885945E0
7.123353958E0,2.357204914E0,-1.433416963E0,-2.006537914E0
7.125701094E0,2.374309063E0,-1.290474653E0,-2.035859346E0
7.128048906E0,2.386526346E0,-1.129206419E0,-2.052963495E0
7.130395937E0,2.386526346E0,-9.496121407E-1,-2.052963495E0
7.132742239E0,2.359648228E0,-7.321442962E-1,-2.045633316E0
7.135089375E0,2.314444304E0,-5.097895265E-1,-2.033415794E0
7.137437187E0,2.247249126E0,-3.057607114E-1,-2.013868332E0
7.139784219E0,2.166615009E0,-1.359403133E-1,-1.993098855E0
7.142130521E0,2.072541952E0,-1.550069079E-3,-1.964999080E0
7.144477552E0,1.980912089E0,9.618828446E-2,-1.925903678E0
7.146825469E0,1.885617137E0,1.682703197E-1,-1.874591112E0
7.149172500E0,1.787878871E0,1.975918412E-1,-1.808617711E0
7.151518802E0,1.679144859E0,1.951483786E-1,-1.723096609E0
7.153865833E0,1.560637116E0,1.548312902E-1,-1.614362717E0
7.156213750E0,1.439685941E0,8.519271761E-2,-1.482415915E0
7.158560729E0,1.319956422E0,-1.621082425E-2,-1.333364964E0
7.160907031E0,1.200226903E0,-1.432706714E-1,-1.170874953E0
7.163254166E0,1.081719160E0,-2.923216820E-1,-9.986111522E-1
7.165602031E0,9.680984020E-1,-4.658072889E-1,-8.214603662E-1
7.167949010E0,8.556993008E-1,-6.527318954E-1,-6.504182220E-1
7.170295312E0,7.506305575E-1,-8.567606807E-1,-4.891499281E-1
7.172642448E0,6.541139483E-1,-1.074228525E0,-3.584248722E-1
7.174990260E0,5.685929060E-1,-1.300248504E0,-2.826776505E-1
7.177337291E0,4.891804755E-1,-1.505499005E0,-2.606865168E-1
7.179683594E0,4.268722832E-1,-1.686314940E0,-2.680169046E-1
7.182030729E0,3.718944490E-1,-1.837809443E0,-2.924514711E-1
7.184378541E0,3.156948984E-1,-1.958760619E0,-3.156643510E-1
7.186725573E0,2.790430188E-1,-2.057720661E0,-3.315468132E-1
7.189071875E0,2.484997660E-1,-2.127359152E0,-3.376554847E-1
7.191419010E0,2.179565281E-1,-2.171341419E0,-3.376554847E-1
7.193766823E0,2.057392448E-1,-2.204328060E0,-3.242164552E-1
7.196113854E0,1.959653944E-1,-2.205549955E0,-3.058905005E-1
7.198460156E0,1.898567528E-1,-2.189667463E0,-2.826776505E-1
7.200807291E0,2.045174986E-1,-2.182337046E0,-2.509126961E-1
7.203155104E0,2.313955575E-1,-2.157902479E0,-2.167042494E-1
7.205502135E0,2.594953477E-1,-2.120028734E0,-1.824958324E-1
7.207848437E0,2.973689437E-1,-2.068716288E0,-1.482874155E-1
7.210195573E0,3.437946737E-1,-2.007629633E0,-1.153007224E-1
7.212543385E0,3.938855827E-1,-1.926995635E0,-8.109229803E-2
7.214890416E0,4.488633871E-1,-1.826813817E0,-5.299251527E-2
7.217236719E0,5.038412213E-1,-1.699754000E0,-2.733619511E-2
7.219583750E0,5.624842644E-1,-1.556811690E0,-6.566795520E-3
7.221931666E0,6.150186062E-1,-1.399208546E0,1.298087556E-2
7.224278698E0,6.675529480E-1,-1.225723028E0,3.008508682E-2
7.226625000E0,7.127569318E-1,-1.042463541E0,4.474584013E-2
7.228972031E0,7.652913332E-1,-8.775300980E-1,6.062832102E-2
7.231319948E0,7.994997501E-1,-6.930489540E-1,7.162388414E-2
7.233666927E0,8.410385251E-1,-5.330023766E-1,8.750636876E-2
7.236013229E0,8.654731512E-1,-3.729558289E-1,9.972365946E-2
7.238360364E0,8.862425685E-1,-2.336786687E-1,1.143844128E-1
7.240708229E0,9.082337022E-1,-1.212795600E-1,1.327103674E-1
7.243055208E0,9.180074930E-1,-1.987601072E-2,1.498145759E-1
7.245401510E0,9.216727018E-1,5.953640118E-2,1.705839783E-1
7.247748646E0,9.241161346E-1,1.194011495E-1,1.913533807E-1
7.250096458E0,9.192292094E-1,1.560530365E-1,2.157879621E-1
7.252443489E0,9.033467770E-1,1.780441701E-1,2.377790958E-1
7.254789791E0,8.728035092E-1,1.853745282E-1,2.561050355E-1
7.257136927E0,8.312647343E-1,1.707137823E-1,2.719875276E-1
7.259484739E0,7.860607505E-1,1.279532611E-1,2.903134525E-1
7.261831771E0,7.176438570E-1,7.664062083E-2,3.074176610E-1
7.264178073E0,6.321228147E-1,8.933898062E-4,3.220784366E-1
7.266525208E0,5.294975638E-1,-9.806669503E-2,3.367391825E-1
7.268873021E0,4.085463285E-1,-2.275699973E-1,3.513999283E-1
7.271220052E0,2.521649599E-1,-3.644037247E-1,3.648389578E-1
7.273566354E0,7.623592019E-2,-5.354458690E-1,3.758345246E-1
7.275913489E0,-1.229059696E-1,-7.260356545E-1,3.843866289E-1
7.278261302E0,-3.452607393E-1,-9.154037237E-1,3.831649125E-1
7.280608333E0,-5.615068674E-1,-1.115767360E0,3.819431663E-1
7.282954635E0,-7.801964283E-1,-1.247714162E0,3.697258830E-1
7.285301666E0,-9.817817807E-1,-1.297805071E0,3.440695703E-1
7.287649583E0,-1.144271851E0,-1.242827177E0,3.061959445E-1
7.289996614E0,-1.265223026E0,-1.101106644E0,2.646571398E-1
7.292342916E0,-1.359296203E0,-8.848604560E-1,2.218966186E-1
7.294689948E0,-1.413052320E0,-6.307407618E-1,1.791360825E-1
7.297037864E0,-1.436265230E0,-3.509646952E-1,1.351538301E-1
7.299384844E0,-1.436265230E0,-8.218421787E-2,9.117155522E-2
7.301731146E0,-1.420382738E0,1.829310954E-1,5.574140325E-2
7.304078281E0,-1.375178695E0,4.394942522E-1,3.008508682E-2
7.306426094E0,-1.306761861E0,6.850618720E-1,1.664606296E-2
7.308773125E0,-1.213910460E0,9.049731493E-1,1.664606296E-2
7.311119427E0,-1.099067807E0,1.096784711E0,3.252854571E-2
7.313466562E0,-9.585689306E-1,1.238505244E0,6.307177991E-2
7.315814375E0,-7.997440696E-1,1.358234763E0,9.117155522E-2
7.318161406E0,-6.140412092E-1,1.432760239E0,1.192713305E-1
7.320507708E0,-4.136775732E-1,1.447421074E0,1.449276507E-1
7.322854844E0,-2.084270567E-1,1.383891106E0,1.583666801E-1
7.325202656E0,-1.050687023E-2,1.243392229E0,1.571449488E-1
7.327549687E0,1.715307981E-1,1.019815683E0,1.388190091E-1
7.329895989E0,3.303556442E-1,7.180485725E-1,1.033888534E-1
7.332243125E0,4.708545208E-1,3.503080010E-1,5.451967567E-2
7.334590937E0,5.942491889E-1,-5.897135288E-2,-1.679877983E-3
7.336937969E0,6.944310069E-1,-4.951287508E-1,-5.787943304E-2
7.339284271E0,7.689565420E-1,-9.325079322E-1,-1.067486182E-1
7.341631406E0,8.031649590E-1,-1.344230771E0,-1.470656842E-1
7.343979219E0,8.080518842E-1,-1.737627625E0,-1.763871908E-1
7.346326250E0,7.665130496E-1,-2.080933571E0,-1.983783096E-1
7.348672552E0,6.907658577E-1,-2.386365891E0,-2.203694433E-1
7.351019583E0,5.930274725E-1,-2.667363644E0,-2.399171144E-1
7.353367500E0,4.806284010E-1,-2.909265995E0,-2.594648004E-1
7.355714479E0,3.731161654E-1,-3.115738392E0,-2.716820836E-1
7.358060833E0,2.423911244E-1,-3.255015373E0,-2.826776505E-1
7.360407864E0,1.287702769E-1,-3.367414474E0,-2.875645757E-1
7.362755781E0,3.103193082E-2,-3.418727160E0,-2.961166799E-1
7.365102760E0,-5.693258345E-2,-3.413840294E0,-3.095556796E-1
7.367449062E0,-1.351232678E-1,-3.334427834E0,-3.315468132E-1
7.369796198E0,-1.864359230E-1,-3.186598539E0,-3.535379469E-1
7.372144010E0,-2.291964442E-1,-2.982569695E0,-3.779725432E-1
7.374491041E0,-2.536310256E-1,-2.726006508E0,-4.036288559E-1
7.376837344E0,-2.609614134E-1,-2.402248383E0,-4.280634522E-1
7.379184479E0,-2.597396672E-1,-2.046725035E0,-4.537197649E-1
7.381532291E0,-2.475223988E-1,-1.694867134E0,-4.744891822E-1
7.383879323E0,-2.108705193E-1,-1.346674204E0,-4.879281819E-1
7.386225625E0,-1.436753720E-1,-1.009476900E0,-4.952585697E-1
7.388572760E0,-6.426296383E-2,-7.016010284E-1,-4.952585697E-1
7.390920573E0,7.819071412E-3,-4.462596178E-1,-4.879281819E-1
7.393267604E0,7.257073373E-2,-2.495611608E-1,-4.732674360E-1
7.395613906E0,1.202181801E-1,-1.029536054E-1,-4.500545859E-1
7.397961041E0,1.470962316E-1,-3.283396363E-4,-4.195113480E-1
7.400308854E0,1.703090817E-1,5.831466988E-2,-3.804160058E-1
7.402655885E0,1.898567528E-1,8.152753860E-2,-3.303250968E-1
7.405002187E0,1.923002154E-1,9.130137414E-2,-2.777907252E-1
7.407349219E0,1.971871406E-1,7.053196430E-2,-2.179259807E-1
7.409697135E0,1.910784692E-1,3.265835717E-2,-1.531743258E-1
7.412044166E0,1.678656191E-1,-1.987601072E-2,-8.720094711E-2
7.414390469E0,1.324354708E-1,-9.440150112E-2,-1.878409088E-2
7.416737500E0,9.334013611E-2,-1.848094761E-1,4.963275790E-2
7.419085416E0,5.424479395E-2,-2.935434282E-1,1.143844128E-1
7.421432396E0,2.247982286E-2,-4.230467379E-1,1.705839783E-1
7.423778698E0,6.597341970E-3,-5.720977187E-1,2.145662308E-1
7.426125833E0,-3.176493570E-3,-7.162618041E-1,2.328921854E-1
7.428473646E0,-1.295032911E-2,-8.457651138E-1,2.292269915E-1
7.430820677E0,-2.761108242E-2,-9.508338571E-1,2.109010518E-1
7.433166979E0,-4.838047922E-2,-1.026581049E0,1.852447242E-1
7.435514114E0,-7.037161291E-2,-1.076671958E0,1.595884115E-1
7.437861927E0,-8.503236622E-2,-1.094997883E0,1.363755465E-1
7.440208958E0,-8.991928399E-2,-1.090111017E0,1.119409576E-1
7.442555260E0,-9.358447045E-2,-1.047350526E0,8.139771968E-2
7.444902396E0,-8.136717975E-2,-9.874857664E-1,5.329794809E-2
7.447250208E0,-7.037161291E-2,-8.995212317E-1,2.641989663E-2
7.449597239E0,-5.693258345E-2,-7.981176972E-1,7.635809015E-4
7.451943541E0,-4.105010629E-2,-6.771664619E-1,-2.489273623E-2
7.454290677E0,-2.638935484E-2,-5.488848686E-1,-4.688386992E-2
7.456638489E0,-1.539378799E-2,-4.157163799E-1,-6.765326858E-2
7.458985521E0,-1.783724688E-2,-2.593349814E-1,-9.086613357E-2
7.461331823E0,-2.028070576E-2,-8.951459080E-2,-1.140789911E-1
7.463678854E0,-4.715874791E-2,1.194011495E-1,-1.446222216E-1
7.466026771E0,-8.869755268E-2,3.490862548E-1,-1.800523698E-1
7.468373802E0,-1.326798201E-1,5.628889203E-1,-2.154825330E-1
7.470720104E0,-1.864359230E-1,7.510352731E-1,-2.521344125E-1
7.473067135E0,-2.401920110E-1,9.049731493E-1,-2.875645757E-1
7.475415052E0,-2.963915467E-1,1.033254743E0,-3.242164552E-1
7.477762031E0,-3.391520977E-1,1.101671576E0,-3.510944843E-1
7.480108333E0,-3.758039773E-1,1.121219277E0,-3.596465886E-1
7.482455469E0,-4.112341404E-1,1.099228144E0,-3.486510217E-1
7.484803333E0,-4.356687069E-1,1.024702668E0,-3.083339632E-1
7.487150312E0,-4.503294826E-1,9.013079405E-1,-2.411388457E-1
7.489496614E0,-4.503294826E-1,7.302658558E-1,-1.495091319E-1
7.491843750E0,-4.576598406E-1,5.396760702E-1,-4.321867973E-2
7.494191562E0,-4.649902284E-1,3.319820464E-1,8.017598838E-2
7.496538594E0,-4.772075415E-1,1.218446121E-1,2.182314247E-1
7.498884896E0,-5.040855408E-1,-8.584939688E-2,3.623954952E-1
7.501232031E0,-5.419591665E-1,-2.886565030E-1,5.151116252E-1
7.503579844E0,-5.847197175E-1,-4.841331840E-1,6.763799191E-1
7.505926875E0,-6.470279098E-1,-6.588405371E-1,8.388699293E-1
7.508273177E0,-7.093361020E-1,-8.262174726E-1,1.007468700E0
7.510620312E0,-7.753095031E-1,-9.740467072E-1,1.177289009E0
7.512968125E0,-8.363959789E-1,-1.110880375E0,1.351996422E0
7.515315156E0,-8.938172460E-1,-1.233053327E0,1.520595074E0
7.517661458E0,-9.439081550E-1,-1.339343786E0,1.680641651E0
7.520008489E0,-9.854469895E-1,-1.412647605E0,1.832136035E0
7.522356406E0,-1.019655347E0,-1.443190813E0,1.977521896E0
7.524703385E0,-1.036759615E0,-1.445634246E0,2.118020773E0
7.527049739E0,-1.045311809E0,-1.419978023E0,2.251189232E0
7.529396771E0,-1.051420450E0,-1.362556696E0,2.369697094E0
7.531744687E0,-1.047755241E0,-1.294139862E0,2.495535135E0
7.534091666E0,-1.037981391E0,-1.208618760E0,2.618929863E0
7.536437969E0,-1.017211914E0,-1.120654225E0,2.743546247E0
7.538785104E0,-9.903338552E-1,-1.021694183E0,2.858388662E0
7.541132916E0,-9.414647222E-1,-9.190688729E-1,2.964679241E0
7.543479948E0,-8.803782463E-1,-7.932307720E-1,3.058752298E0
7.545826250E0,-8.302873373E-1,-6.173017025E-1,3.122282267E0
7.548173385E0,-7.667573690E-1,-4.474813342E-1,3.146716833E0
7.550521198E0,-7.130013108E-1,-2.495611608E-1,3.100291252E0
7.552868229E0,-6.629104018E-1,-4.064541310E-2,2.979340076E0
7.555214531E0,-6.115977764E-1,1.548312902E-1,2.803411007E0
7.557561666E0,-5.590633750E-1,3.148778379E-1,2.596938610E0
7.559909479E0,-5.114159584E-1,4.407159686E-1,2.373362303E0
7.562256510E0,-4.747640491E-1,5.421195030E-1,2.147342205E0
7.564602812E0,-4.320035279E-1,5.934321284E-1,1.939648271E0
7.566949844E0,-4.039037526E-1,6.154232621E-1,1.755167127E0
7.569297760E0,-3.843560815E-1,6.142015457E-1,1.607337832E0
7.571644791E0,-3.721387982E-1,5.861017704E-1,1.502269149E0
7.573991094E0,-3.758039773E-1,5.445629954E-1,1.421634912E0
7.576338125E0,-3.904647231E-1,4.798113108E-1,1.365435362E0
7.578686041E0,-4.124558568E-1,3.991771638E-1,1.323896646E0
7.581033021E0,-4.466642737E-1,2.941084504E-1,1.290909886E0
7.583379375E0,-4.894248247E-1,1.707137823E-1,1.264031887E0
7.585726406E0,-5.260766745E-1,3.265835717E-2,1.245705962E0
7.588074323E0,-5.676155090E-1,-9.195805341E-2,1.227379918E0
7.590421302E0,-6.140412092E-1,-2.055788934E-1,1.205388784E0
7.592767604E0,-6.604669094E-1,-3.094259202E-1,1.184619427E0
7.595114739E0,-7.093361020E-1,-4.022773504E-1,1.155297995E0
7.597462552E0,-7.679791451E-1,-4.792462885E-1,1.121089458E0
7.599809583E0,-8.168482780E-1,-5.659890771E-1,1.085659385E0
7.602155885E0,-8.730478287E-1,-6.344059110E-1,1.047785759E0
7.604503021E0,-9.231387377E-1,-6.869403124E-1,1.023351192E0
7.606850833E0,-9.683427215E-1,-7.187052965E-1,1.007468700E0
7.609197864E0,-1.017211914E0,-7.297008634E-1,1.000138283E0
7.611544166E0,-1.062415957E0,-7.211487293E-1,1.000138283E0
7.613891302E0,-1.106398225E0,-6.808316708E-1,1.003803492E0
7.616239114E0,-1.149158716E0,-6.148582697E-1,1.014798999E0
7.618586146E0,-1.187032342E0,-5.342241526E-1,1.033125043E0
7.620932448E0,-1.232236385E0,-4.242684841E-1,1.052672625E0
7.623279479E0,-1.278662086E0,-2.984303534E-1,1.073442101E0
7.625627396E0,-1.327531219E0,-1.591531634E-1,1.105207086E0
7.627974427E0,-1.369070053E0,-1.010217518E-2,1.140637159E0
7.630320729E0,-1.410608888E0,1.523878574E-1,1.177289009E0
7.632667760E0,-1.446039081E0,3.124343753E-1,1.215162635E0
7.635015677E0,-1.475360513E0,4.724809229E-1,1.249371052E0
7.637362656E0,-1.485134363E0,6.288623214E-1,1.288466454E0
7.639708958E0,-1.496129870E0,7.889088392E-1,1.323896646E0
7.642056094E0,-1.494908214E0,9.428467751E-1,1.356883287E0
7.644403906E0,-1.483912587E0,1.091897726E0,1.381317854E0
7.646750937E0,-1.475360513E0,1.249500871E0,1.397200346E0
7.649097239E0,-1.454591155E0,1.402217031E0,1.417969823E0
7.651444375E0,-1.422826171E0,1.558598399E0,1.441182613E0
7.653792187E0,-1.386174321E0,1.716201544E0,1.466838956E0
7.656139219E0,-1.348300695E0,1.870139360E0,1.493716955E0
7.658485521E0,-1.311648726E0,2.028964281E0,1.519373298E0
7.660832656E0,-1.273775220E0,2.198784828E0,1.543807864E0
7.663180469E0,-1.239566803E0,2.377157211E0,1.558468699E0
7.665527500E0,-1.212688684E0,2.553086281E0,1.559690356E0
7.667873802E0,-1.196806192E0,2.714354515E0,1.558468699E0
7.670220937E0,-1.199249625E0,2.868292570E0,1.549916506E0
7.672568750E0,-1.210245252E0,3.008791447E0,1.543807864E0
7.674915781E0,-1.231014609E0,3.128520966E0,1.540142655E0
7.677262083E0,-1.260336161E0,3.233589649E0,1.538920999E0
7.679609114E0,-1.295766354E0,3.331327915E0,1.537699223E0
7.681957031E0,-1.339748502E0,3.432731390E0,1.525481939E0
7.684304010E0,-1.373957038E0,3.517030716E0,1.509599447E0
7.686650312E0,-1.420382738E0,3.613547564E0,1.487608314E0
7.688997448E0,-1.459478021E0,3.691738129E0,1.466838956E0
7.691345260E0,-1.505903721E0,3.752824545E0,1.439960957E0
7.693692291E0,-1.554772973E0,3.795585155E0,1.411861062E0
7.696038594E0,-1.607307315E0,3.817576170E0,1.386204839E0
7.698385729E0,-1.663506866E0,3.805358887E0,1.360548496E0
7.700733541E0,-1.723371625E0,3.745494127E0,1.345887780E0
7.703080573E0,-1.795453668E0,3.669747114E0,1.349552870E0
7.705426875E0,-1.865092278E0,3.600108385E0,1.327561736E0
7.707774010E0,-1.922513485E0,3.519474268E0,1.268918753E0
7.710121823E0,-1.966495752E0,3.426622868E0,1.190728068E0
7.712468854E0,-2.003147602E0,3.342323542E0,1.099098325E0
7.714815156E0,-2.030025482E0,3.270241499E0,1.019685984E0
7.717162291E0,-2.053238392E0,3.225037575E0,9.500473142E-1
7.719510104E0,-2.075229645E0,3.201824665E0,8.816304803E-1
7.721857135E0,-2.098442316E0,3.187163830E0,8.168787956E-1
7.724203437E0,-2.111881495E0,3.179833412E0,7.557923198E-1
7.726550469E0,-2.130207300E0,3.184720516E0,6.947059035E-1
7.728898385E0,-2.149755001E0,3.198159456E0,6.421715021E-1
7.731245364E0,-2.168081045E0,3.223815680E0,5.920805931E-1
7.733591666E0,-2.197402477E0,3.280015230E0,5.419896841E-1
7.735938802E0,-2.219393730E0,3.327662706E0,4.967857301E-1
7.738286666E0,-2.245049953E0,3.369201660E0,4.625773132E-1
7.740633646E0,-2.267041206E0,3.392414331E0,4.393644631E-1
7.742979948E0,-2.284145355E0,3.398523092E0,4.210385084E-1
7.745327083E0,-2.303693056E0,3.380197048E0,4.100429416E-1
7.747674896E0,-2.307358265E0,3.323997498E0,4.100429416E-1
7.750021927E0,-2.302471161E0,3.244585276E0,4.185950458E-1
7.752368229E0,-2.287810564E0,3.150511980E0,4.308123589E-1
7.754715364E0,-2.254823685E0,3.042999744E0,4.491382837E-1
7.757063177E0,-2.218171835E0,2.929378986E0,4.723511636E-1
7.759410208E0,-2.180298328E0,2.813314676E0,4.943422973E-1
7.761756510E0,-2.144868135E0,2.685033083E0,5.212202668E-1
7.764103646E0,-2.113103151E0,2.534760237E0,5.505418181E-1
7.766451458E0,-2.094777346E0,2.372270346E0,5.859719515E-1
7.768798489E0,-2.070342541E0,2.195119619E0,6.348411441E-1
7.771144791E0,-2.047129869E0,2.005751610E0,6.763799191E-1
7.773491823E0,-2.012921333E0,1.802944303E0,7.057014704E-1
7.775839739E0,-1.972604394E0,1.598915458E0,7.191404700E-1
7.778186719E0,-1.926178694E0,1.396108389E0,7.191404700E-1
7.780533021E0,-1.879752994E0,1.184749246E0,7.081449032E-1
7.782880156E0,-1.833327293E0,9.758334756E-1,6.849320531E-1
7.785228021E0,-1.780792832E0,7.583656311E-1,6.531670690E-1
7.787575000E0,-1.736810684E0,5.384543538E-1,6.189586520E-1
7.789921302E0,-1.713597775E0,3.319820464E-1,5.835285187E-1
7.792268437E0,-1.702602148E0,1.340619028E-1,5.493201017E-1
7.794616250E0,-1.707489133E0,-6.874518842E-2,5.346593261E-1
7.796963281E0,-1.739254117E0,-2.568915486E-1,5.493201017E-1
7.799309583E0,-1.780792832E0,-4.340423048E-1,5.676460266E-1
7.801656719E0,-1.834548950E0,-5.977540612E-1,5.652025342E-1
7.804004531E0,-1.879752994E0,-7.504702210E-1,5.493201017E-1
7.806351562E0,-1.922513485E0,-8.653128147E-1,5.273289680E-1
7.808697864E0,-1.967717528E0,-9.276210070E-1,5.041160583E-1
7.811045000E0,-2.009256124E0,-9.422817826E-1,4.796815217E-1
7.813392812E0,-2.044686317E0,-9.361730814E-1,4.540252090E-1
7.815739844E0,-2.083781719E0,-8.946343064E-1,4.308123589E-1
7.818086146E0,-2.121655226E0,-8.237739801E-1,4.100429416E-1
7.820433177E0,-2.138759613E0,-7.455832958E-1,3.904952705E-1
7.822781094E0,-2.155863762E0,-6.405146122E-1,3.697258830E-1
7.825128073E0,-2.163194180E0,-5.232285857E-1,3.587303162E-1
7.827474375E0,-2.154641867E0,-3.998338878E-1,3.562868536E-1
7.829821510E0,-2.138759613E0,-2.801043987E-1,3.611737788E-1
7.832169323E0,-2.113103151E0,-1.664835513E-1,3.733910620E-1
7.834516354E0,-2.066677570E0,-6.874518842E-2,3.966039121E-1
7.836862656E0,-2.009256124E0,1.921933144E-2,4.271471500E-1
7.839209791E0,-1.944504619E0,1.047403887E-1,4.674642384E-1
7.841557604E0,-1.861427069E0,1.792658865E-1,5.138899088E-1
7.843904635E0,-1.773462534E0,2.550131381E-1,5.639808178E-1
7.846250937E0,-1.675724149E0,3.258734047E-1,6.165152192E-1
7.848598073E0,-1.571877122E0,3.967337012E-1,6.678278446E-1
7.850945885E0,-1.464365005E0,4.651505649E-1,7.191404700E-1
7.853292916E0,-1.349522352E0,5.360108614E-1,7.667878866E-1
7.855639219E0,-1.232236385E0,6.093146205E-1,8.107701540E-1
7.857986250E0,-1.113728642E0,6.838401556E-1,8.498654962E-1
7.860334166E0,-9.988859296E-1,7.608090639E-1,8.852956891E-1
7.862681198E0,-8.779347539E-1,8.316693902E-1,9.182823896E-1
7.865027500E0,-7.643139362E-1,9.147469997E-1,9.500473142E-1
7.867374531E0,-6.592451930E-1,9.917159081E-1,9.818122983E-1
7.869722448E0,-5.602850914E-1,1.060132742E0,1.014798999E0
7.872069427E0,-4.723206162E-1,1.119997501E0,1.049007416E0
7.874415729E0,-3.916864395E-1,1.171310186E0,1.088102818E0
7.876762864E0,-3.269347847E-1,1.222622871E0,1.125976443E0
7.879110677E0,-2.780656219E-1,1.265383363E0,1.157741427E0
7.881457708E0,-2.438572198E-1,1.324026346E0,1.179732561E0
7.883804010E0,-2.010966688E-1,1.355791330E0,1.209053993E0
7.886151146E0,-1.778838187E-1,1.388777971E0,1.232266903E0
7.888498958E0,-1.473405808E-1,1.413212657E0,1.250592828E0
7.890845989E0,-1.253494322E-1,1.436425447E0,1.264031887E0
7.893192291E0,-1.058017612E-1,1.441312432E0,1.276249170E0
7.895539427E0,-9.236273915E-2,1.433982015E0,1.281136036E0
7.897887239E0,-7.892371714E-2,1.411990881E0,1.283579588E0
7.900234271E0,-6.914988160E-2,1.366786838E0,1.273805737E0
7.902580573E0,-6.792815030E-2,1.305700421E0,1.262810111E0
7.904927604E0,-6.304123253E-2,1.243392229E0,1.240818977E0
7.907275521E0,-6.670641899E-2,1.204296827E0,1.206610560E0
7.909622500E0,-7.281506807E-2,1.157871127E0,1.158963084E0
7.911968802E0,-8.014544845E-2,1.113888860E0,1.100320101E0
7.914315937E0,-8.869755268E-2,1.065019727E0,1.034346700E0
7.916663750E0,-9.236273915E-2,9.929376841E-1,9.647080898E-1
7.919010781E0,-1.082452238E-1,9.330729246E-1,8.865174055E-1
7.921357083E0,-1.143538654E-1,8.475518823E-1,8.083267212E-1
7.923704219E0,-1.241277009E-1,7.632525563E-1,7.228056788E-1
7.926052031E0,-1.302363575E-1,6.716228127E-1,6.360628605E-1
7.928399062E0,-1.375667304E-1,5.775496960E-1,5.432114005E-1
7.930745364E0,-1.424536407E-1,4.846982360E-1,4.479165673E-1
7.933092500E0,-1.473405808E-1,3.930685222E-1,3.550651371E-1
7.935440312E0,-1.522275060E-1,3.075474501E-1,2.634354234E-1
7.937787344E0,-1.595578641E-1,2.318002582E-1,1.742491722E-1
7.940133646E0,-1.656665057E-1,1.572747529E-1,8.994982392E-2
7.942480677E0,-1.827707142E-1,1.059621200E-1,1.175914612E-2
7.944828594E0,-1.949880272E-1,6.320159137E-2,-5.910116062E-2
7.947175573E0,-2.059835941E-1,3.510181233E-2,-1.214093640E-1
7.949521927E0,-2.267529815E-1,2.166279033E-2,-1.800523698E-1
7.951868958E0,-2.475223988E-1,2.166279033E-2,-2.338084728E-1
7.954216875E0,-2.707352340E-1,3.632354364E-2,-2.900080383E-1
7.956563854E0,-2.902829051E-1,4.731911048E-2,-3.462075889E-1
7.958910156E0,-3.110523224E-1,6.686678529E-2,-4.134027064E-1
7.961257291E0,-3.171609640E-1,8.030579984E-2,-4.867064655E-1
7.963605104E0,-3.171609640E-1,8.152753860E-2,-5.624537468E-1
7.965952135E0,-3.098305762E-1,8.030579984E-2,-6.430878639E-1
7.968298437E0,-2.927263677E-1,7.908406854E-2,-7.261654735E-1
7.970645573E0,-2.780656219E-1,8.763618022E-2,-8.092430830E-1
7.972993385E0,-2.548527718E-1,9.007964283E-2,-8.886554837E-1
7.975340416E0,-2.255312651E-1,9.741001576E-2,-9.607375264E-1
7.977686719E0,-1.864359230E-1,1.047403887E-1,-1.019380450E0
7.980033750E0,-1.473405808E-1,1.206228808E-1,-1.068249702E0
7.982381666E0,-9.602792561E-2,1.206228808E-1,-1.109788418E0
7.984728698E0,-5.571085960E-2,1.303967237E-1,-1.147662044E0
7.987075000E0,-1.050687023E-2,1.242880747E-1,-1.178205252E0
7.989422031E0,3.591884673E-2,1.084055826E-1,-1.206305027E0
7.991769948E0,8.356630057E-2,8.152753860E-2,-1.228296161E0
7.994116927E0,1.409875751E-1,4.365392029E-2,-1.246622205E0
7.996463229E0,2.045174986E-1,-3.283396363E-4,-1.260061145E0
7.998810364E0,2.692691684E-1,-4.675405473E-2,-1.272278428E0
8.001158177E0,3.462381363E-1,-1.139491722E-1,-1.278387070E0
8.003505208E0,4.244288206E-1,-1.909181178E-1,-1.279608846E0
8.005851510E0,5.038412213E-1,-2.617784441E-1,-1.275943637E0
8.008198646E0,5.930274725E-1,-3.497429788E-1,-1.263726354E0
8.010546458E0,6.834354401E-1,-4.364857674E-1,-1.245400429E0
8.012893489E0,7.836172581E-1,-5.256720185E-1,-1.219744086E0
8.015239791E0,8.825773597E-1,-6.099713445E-1,-1.190422535E0
8.017586927E0,9.864243269E-1,-6.893837452E-1,-1.158657670E0
8.019934739E0,1.090271354E0,-7.626875043E-1,-1.126892686E0
8.022281771E0,1.197783470E0,-8.396564722E-1,-1.093905926E0
8.024628073E0,1.306517363E0,-9.215123653E-1,-1.060919285E0
8.026975104E0,1.418916464E0,-1.008255124E0,-1.027932525E0
8.029323021E0,1.527650476E0,-1.086445808E0,-9.961676598E-1
8.031670000E0,1.631497502E0,-1.167079926E0,-9.692896008E-1
8.034016302E0,1.726792336E0,-1.258709669E0,-9.448550344E-1
8.036363437E0,1.812313437E0,-1.358891487E0,-9.240856171E-1
8.038711250E0,1.890504122E0,-1.459073305E0,-9.057596922E-1
8.041058281E0,1.949147105E0,-1.537263989E0,-8.984293342E-1
8.043404583E0,2.000459909E0,-1.613011241E0,-8.959858418E-1
8.045751719E0,2.049329042E0,-1.675319433E0,-8.996510506E-1
8.048099531E0,2.093311310E0,-1.713193059E0,-9.069814086E-1
8.050446562E0,2.143402100E0,-1.738849401E0,-9.155335426E-1
8.052792864E0,2.184941053E0,-1.740071058E0,-9.301942587E-1
8.055140000E0,2.224036455E0,-1.716858268E0,-9.460767508E-1
8.057487812E0,2.272905588E0,-1.686314940E0,-9.607375264E-1
8.059834844E0,2.318109512E0,-1.636224031E0,-9.815069437E-1
8.062181146E0,2.360870123E0,-1.567807198E0,-1.009606600E0
8.064528177E0,2.408517599E0,-1.493281722E0,-1.047480226E0
8.066876094E0,2.452499628E0,-1.402873755E0,-1.097571135E0
8.069223073E0,2.498925447E0,-1.316130996E0,-1.146440387E0
8.071569375E0,2.553903341E0,-1.230609894E0,-1.192866087E0
8.073916510E0,2.601550817E0,-1.126762867E0,-1.244178653E0
8.076264375E0,2.645533085E0,-1.015585542E0,-1.295491338E0
8.078611354E0,2.698067427E0,-8.946343064E-1,-1.349247456E0
8.080957656E0,2.748158216E0,-7.712396383E-1,-1.401781797E0
8.083304791E0,2.783588409E0,-6.454014778E-1,-1.459203124E0
8.085652604E0,2.820240259E0,-5.220068097E-1,-1.520289540E0
8.087999635E0,2.848340034E0,-4.132729173E-1,-1.583819509E0
8.090345937E0,2.876439810E0,-3.179780245E-1,-1.635132074E0
8.092693073E0,2.913091660E0,-2.324569523E-1,-1.684001327E0
8.095040885E0,2.926530838E0,-1.518227756E-1,-1.731648684E0
8.097387916E0,2.932639360E0,-9.073632210E-2,-1.770744085E0
8.099734219E0,2.927752495E0,-8.096248657E-2,-1.793956995E0
8.102081250E0,2.906983137E0,-1.115057245E-1,-1.800065637E0
8.104429166E0,2.871552944E0,-1.554879844E-1,-1.797622085E0
8.106776146E0,2.830014229E0,-2.239048183E-1,-1.771965861E0
8.109122448E0,2.770149469E0,-3.057607114E-1,-1.720653176E0
8.111469583E0,2.704175949E0,-3.973904252E-1,-1.640019059E0
8.113817448E0,2.644311190E0,-4.926853180E-1,-1.530063391E0
8.116164427E0,2.601550817E0,-5.623239279E-1,-1.405447006E0
8.118510729E0,2.569785833E0,-6.099713445E-1,-1.269834995E0
8.120857864E0,2.551459789E0,-6.246321201E-1,-1.131779552E0
8.123205677E0,2.544129372E0,-6.148582697E-1,-1.010828376E0
8.125552708E0,2.542907715E0,-6.014192700E-1,-9.179769754E-1
8.127899010E0,2.552681446E0,-5.794281363E-1,-8.434514999E-1
8.130246146E0,2.578337908E0,-5.317806602E-1,-7.872519493E-1
8.132593958E0,2.614989758E0,-4.535899758E-1,-7.493783236E-1
8.134940989E0,2.665080786E0,-3.680689335E-1,-7.249437571E-1
8.137287291E0,2.731054068E0,-3.057607114E-1,-7.127264142E-1
8.139634323E0,2.798249245E0,-2.544480860E-1,-7.188351154E-1
8.141982239E0,2.865444183E0,-2.116875350E-1,-7.420479655E-1
8.144329219E0,2.937526226E0,-1.750356555E-1,-7.835867405E-1
8.146675521E0,3.003499746E0,-1.493793130E-1,-8.446732163E-1
8.149022656E0,3.048703671E0,-1.530445218E-1,-9.204204679E-1
8.151370469E0,3.097572803E0,-2.068006098E-1,-9.998328090E-1
8.153717500E0,3.125672579E0,-3.033172488E-1,-1.091462493E0
8.156063802E0,3.143998623E0,-4.267119467E-1,-1.178205252E0
8.158410937E0,3.159881115E0,-5.501065850E-1,-1.261282921E0
8.160758750E0,3.175763607E0,-6.710578203E-1,-1.339473605E0
8.163105781E0,3.187980890E0,-7.871221304E-1,-1.420107722E0
8.165452083E0,3.191646099E0,-9.031864405E-1,-1.505628824E0
8.167799219E0,3.181872129E0,-1.042463541E0,-1.597258449E0
8.170147031E0,3.159881115E0,-1.204953551E0,-1.699883819E0
8.172494062E0,3.112233639E0,-1.357669711E0,-1.811061144E0
8.174840364E0,3.053590536E0,-1.494503498E0,-1.911242962E0
8.177187396E0,3.001056194E0,-1.611789465E0,-1.990655422E0
8.179535312E0,2.928974152E0,-1.689980149E0,-2.060293913E0
8.181882291E0,2.849561930E0,-1.768170834E0,-2.121380329E0
8.184228594E0,2.755488634E0,-1.818261743E0,-2.169027805E0
8.186575729E0,2.658972025E0,-1.821926951E0,-2.192240715E0
8.188923541E0,2.563677073E0,-1.790161967E0,-2.199571133E0
8.191270573E0,2.470825672E0,-1.746179700E0,-2.192240715E0
8.193616875E0,2.362091780E0,-1.682649851E0,-2.181245089E0
8.195964010E0,2.249692678E0,-1.611789465E0,-2.166584492E0
8.198311823E0,2.138515234E0,-1.528711915E0,-2.155588865E0
8.200658854E0,2.040776968E0,-1.451742887E0,-2.145815134E0
8.203005156E0,1.949147105E0,-1.368665338E0,-2.127489090E0
8.205352291E0,1.858739138E0,-1.258709669E0,-2.095724106E0
8.207700104E0,1.778105021E0,-1.137758493E0,-2.082285166E0
8.210047135E0,1.707244635E0,-1.011920333E0,-2.112828255E0
8.212393437E0,1.653488517E0,-8.677562475E-1,-2.172693014E0
8.214740469E0,1.640049577E0,-7.138183713E-1,-2.242331743E0
8.217088385E0,1.698692560E0,-5.452196598E-1,-2.303418159E0
8.219435364E0,1.828195930E0,-3.692906499E-1,-2.353508949E0
8.221781666E0,1.969916463E0,-1.787008345E-1,-2.406043291E0
8.224128802E0,2.109193802E0,1.921933144E-2,-2.454912663E0
8.226476614E0,2.239918709E0,2.195829749E-1,-2.484234095E0
8.228823646E0,2.351096153E0,4.113944769E-1,-2.490342617E0
8.231169948E0,2.435395479E0,5.861017704E-1,-2.467129946E0
8.233517083E0,2.487929821E0,7.534787059E-1,-2.414595604E0
8.235864896E0,2.505034208E0,9.245208502E-1,-2.330296278E0
8.238211927E0,2.494038582E0,1.101671576E0,-2.211788416E0
8.240558229E0,2.465938807E0,1.269048572E0,-2.066402674E0
8.242905364E0,2.412182570E0,1.440090656E0,-1.902690887E0
8.245253177E0,2.348652840E0,1.585476518E0,-1.723096609E0
8.247600208E0,2.261909962E0,1.714979768E0,-1.538615465E0
8.249946510E0,2.169058561E0,1.802944303E0,-1.349247456E0
8.252293541E0,2.078650475E0,1.843261361E0,-1.163544536E0
8.254641458E0,1.999238133E0,1.818826795E0,-9.925025105E-1
8.256988437E0,1.917382121E0,1.728418827E0,-8.642209172E-1
8.259334739E0,1.840413213E0,1.568372250E0,-7.762563825E-1
8.261681875E0,1.761000752E0,1.343574047E0,-7.127264142E-1
8.264029687E0,1.665705919E0,1.073571801E0,-6.601920724E-1
8.266376719E0,1.549641609E0,7.791350484E-1,-6.137663722E-1
8.268723021E0,1.410364389E0,4.883634448E-1,-5.722275376E-1
8.271070156E0,1.255204797E0,2.049221992E-1,-5.441277623E-1
8.273417969E0,1.100045085E0,-7.118865103E-2,-5.258018374E-1
8.275765000E0,9.497724771E-1,-3.363039494E-1,-5.135845542E-1
8.278111302E0,8.031649590E-1,-5.843150616E-1,-5.062541366E-1
8.280458437E0,6.638877988E-1,-8.152219057E-1,-4.977020621E-1
8.282806250E0,5.392713547E-1,-1.032689691E0,-4.891499281E-1
8.285153229E0,4.256505370E-1,-1.237940311E0,-4.781543612E-1
8.287499583E0,3.169166148E-1,-1.407760620E0,-4.696022570E-1
8.289846614E0,2.387259156E-1,-1.575137615E0,-4.524980485E-1
8.292194531E0,1.788611859E-1,-1.713193059E0,-4.341720939E-1
8.294541510E0,1.287702769E-1,-1.820705175E0,-4.121809602E-1
8.296887812E0,9.211840481E-2,-1.906226277E0,-3.889681101E-1
8.299234948E0,8.234456927E-2,-1.967312813E0,-3.645335138E-1
8.301582760E0,8.112283796E-2,-1.992968917E0,-3.400989175E-1
8.303929791E0,8.600975573E-2,-1.990525603E0,-3.181078136E-1
8.306276094E0,1.006705090E-1,-1.955095410E0,-2.997818589E-1
8.308623229E0,1.312137395E-1,-1.901339412E0,-2.826776505E-1
8.310971041E0,1.580917984E-1,-1.813374877E0,-2.692386210E-1
8.313318073E0,1.910784692E-1,-1.709527850E0,-2.570213377E-1
8.315664375E0,2.252869159E-1,-1.581246257E0,-2.472474724E-1
8.318011406E0,2.619388103E-1,-1.444412589E0,-2.374736518E-1
8.320359323E0,2.949254811E-1,-1.300248504E0,-2.276998162E-1
8.322706302E0,3.193600774E-1,-1.135315061E0,-2.179259807E-1
8.325052656E0,3.450163901E-1,-9.716032743E-1,-2.081521451E-1
8.327399687E0,3.670075238E-1,-8.066697717E-1,-1.959348619E-1
8.329747604E0,3.889986575E-1,-6.417363286E-1,-1.800523698E-1
8.332094583E0,4.048811495E-1,-4.792462885E-1,-1.617264301E-1
8.334440885E0,4.170984328E-1,-3.204214573E-1,-1.458439529E-1
8.336788021E0,4.158767164E-1,-1.640400887E-1,-1.311831921E-1
8.339135833E0,4.183201790E-1,-3.209330514E-2,-1.116355285E-1
8.341482864E0,4.085463285E-1,8.397098631E-2,-9.208785743E-2
8.343829166E0,3.926638365E-1,1.731572449E-1,-6.643154472E-2
8.346176302E0,3.706727028E-1,2.379088998E-1,-3.466657177E-2
8.348524114E0,3.352425694E-1,2.892215252E-1,-1.679877983E-3
8.350871146E0,2.912603021E-1,3.136561215E-1,3.741546348E-2
8.353217448E0,2.338390201E-1,3.173213005E-1,7.651080191E-2
8.355564479E0,1.678656191E-1,2.953301668E-1,1.143844128E-1
8.357912396E0,8.967494220E-2,2.537913918E-1,1.534797698E-1
8.360259375E0,-1.954764128E-3,1.829310954E-1,1.889099181E-1
8.362605677E0,-9.847138822E-2,9.618828446E-2,2.194531560E-1
8.364952812E0,-2.023183852E-1,-1.132390462E-2,2.487746477E-1
8.367300625E0,-3.147175014E-1,-1.286099255E-1,2.732092440E-1
8.369647656E0,-4.210079610E-1,-2.617784441E-1,2.976438403E-1
8.371993958E0,-5.285201669E-1,-3.949469626E-1,3.208566904E-1
8.374341094E0,-6.433627009E-1,-4.939070344E-1,3.440695703E-1
8.376688906E0,-7.582052946E-1,-5.708760023E-1,3.611737788E-1
8.379035937E0,-8.669391870E-1,-6.356276870E-1,3.794997036E-1
8.381382239E0,-9.720079303E-1,-6.844968200E-1,3.917170167E-1
8.383729271E0,-1.081963658E0,-7.223704457E-1,3.990473747E-1
8.386077187E0,-1.188254118E0,-7.675744295E-1,4.039342999E-1
8.388424219E0,-1.295766354E0,-8.005611300E-1,4.051560163E-1
8.390770521E0,-1.397169828E0,-8.396564722E-1,4.027125835E-1
8.393117552E0,-1.483912587E0,-8.640910983E-1,3.929387331E-1
8.395465469E0,-1.553551197E0,-8.494303226E-1,3.794997036E-1
8.397812448E0,-1.590203047E0,-8.005611300E-1,3.623954952E-1
8.400158750E0,-1.592646599E0,-7.162618041E-1,3.489564657E-1
8.402505885E0,-1.570655465E0,-5.940888524E-1,3.318522573E-1
8.404853698E0,-1.527894855E0,-4.279336631E-1,3.049742281E-1
8.407200729E0,-1.465586662E0,-2.361221313E-1,2.707657814E-1
8.409547031E0,-1.376400471E0,-4.308886826E-2,2.255617976E-1
8.411894166E0,-1.274996877E0,1.523878574E-1,1.730274409E-1
8.414241979E0,-1.157710910E0,3.356472254E-1,1.143844128E-1
8.416589010E0,-1.013546705E0,4.798113108E-1,5.818486586E-2
8.418935312E0,-8.596088290E-1,5.946539044E-1,5.650498904E-3
8.421282344E0,-6.958971024E-1,6.581838131E-1,-3.711003065E-2
8.423630260E0,-5.187463164E-1,6.569620967E-1,-7.254018635E-2
8.425977239E0,-3.367086351E-1,5.922104120E-1,-1.153007224E-1
8.428323541E0,-1.595578641E-1,4.614853859E-1,-1.690568030E-1
8.430670677E0,1.637117751E-2,2.721173167E-1,-2.338084728E-1
8.433018489E0,1.898567528E-1,2.899316698E-2,-3.022253215E-1
8.435365521E0,3.474598527E-1,-2.434525192E-1,-3.767508268E-1
8.437711823E0,4.965108931E-1,-5.427762270E-1,-4.512763023E-1
8.440058958E0,6.406749487E-1,-8.628693223E-1,-5.245801210E-1
8.442406771E0,7.567391992E-1,-1.181740761E0,-5.905535221E-1
8.444753802E0,8.483689427E-1,-1.492060065E0,-6.479747891E-1
8.447100104E0,9.106771350E-1,-1.771836042E0,-6.895135641E-1
8.449447239E0,9.461072683E-1,-2.035729408E0,-7.261654735E-1
8.451795052E0,9.485507607E-1,-2.264192820E0,-7.615956068E-1
8.454142031E0,9.228944182E-1,-2.451117516E0,-7.884736657E-1
8.456488385E0,8.654731512E-1,-2.587951183E0,-8.067995906E-1
8.458835416E0,8.056083918E-1,-2.680802584E0,-8.129082322E-1
8.461183281E0,7.274177074E-1,-2.689354658E0,-8.153517246E-1
8.463530312E0,6.614443064E-1,-2.647815943E0,-8.104647994E-1
8.465876614E0,5.942491889E-1,-2.561073065E0,-8.080213666E-1
8.468223750E0,5.319409966E-1,-2.435235023E0,-8.055778742E-1
8.470571562E0,4.806284010E-1,-2.254419088E0,-8.019126654E-1
8.472918594E0,4.354243875E-1,-2.030842543E0,-7.994692326E-1
8.475264896E0,3.853334785E-1,-1.771836042E0,-8.019126654E-1
8.477612031E0,3.450163901E-1,-1.488394856E0,-8.031344414E-1
8.479959844E0,3.132514358E-1,-1.200066686E0,-8.031344414E-1
8.482306875E0,2.937037647E-1,-9.105167985E-1,-7.982475162E-1
8.484653177E0,3.193600774E-1,-5.965323448E-1,-7.872519493E-1
8.487000208E0,3.865551949E-1,-2.862130404E-1,-7.652608156E-1
8.489348125E0,4.623024166E-1,-1.621082425E-2,-7.225002646E-1
8.491695104E0,5.233888626E-1,1.988135576E-1,-6.626355052E-1
8.494041406E0,5.527104139E-1,3.539731801E-1,-5.917752385E-1
8.496388541E0,5.588190556E-1,4.370507896E-1,-5.099193454E-1
8.498736354E0,5.417148471E-1,4.614853859E-1,-4.268417060E-1
8.501083385E0,5.197237134E-1,4.223900437E-1,-3.486510217E-1
8.503429687E0,4.830718338E-1,3.503080010E-1,-2.765690088E-1
8.505776823E0,4.366461039E-1,2.366871834E-1,-2.093738765E-1
8.508124635E0,3.877769411E-1,9.130137414E-2,-1.482874155E-1
8.510471666E0,3.266904652E-1,-7.729729265E-2,-9.941823781E-2
8.512817969E0,2.717126310E-1,-2.984303534E-1,-5.910116062E-2
8.515165104E0,2.008523196E-1,-5.330023766E-1,-3.466657177E-2
8.517512916E0,1.238833591E-1,-7.761265635E-1,-1.511890069E-2
8.519859896E0,4.935787618E-2,-1.024137616E0,-4.123336636E-3
8.522206198E0,-2.883281000E-2,-1.244048953E0,-5.345066078E-3
8.524553333E0,-9.724965692E-2,-1.429751754E0,-1.878409088E-2
8.526901146E0,-1.461188346E-1,-1.580024481E0,-4.199695215E-2
8.529248177E0,-1.864359230E-1,-1.674097657E0,-7.987056673E-2
8.531594479E0,-2.059835941E-1,-1.709527850E0,-1.226310953E-1
8.533941614E0,-2.120922357E-1,-1.678984642E0,-1.739437282E-1
8.536289427E0,-2.096487731E-1,-1.589798331E0,-2.289215475E-1
8.538636458E0,-1.937662810E-1,-1.455408096E0,-2.814559042E-1
8.540982760E0,-1.717751771E-1,-1.264818311E0,-3.327685595E-1
8.543329896E0,-1.473405808E-1,-1.030246258E0,-3.828594685E-1
8.545677708E0,-1.351232678E-1,-7.443615794E-1,-4.366155565E-1
8.548024687E0,-1.241277009E-1,-4.242684841E-1,-4.903716445E-1
8.550371041E0,-1.180190593E-1,-8.462766558E-2,-5.453494787E-1
8.552718073E0,-1.143538654E-1,2.501262128E-1,-5.991055965E-1
8.555065989E0,-1.131321490E-1,5.689975619E-1,-6.540834308E-1
8.557412969E0,-1.070234925E-1,8.512170911E-1,-7.053960562E-1
8.559759271E0,-1.058017612E-1,1.101671576E0,-7.579304576E-1
8.562106406E0,-1.143538654E-1,1.311809063E0,-8.092430830E-1
8.564454219E0,-1.326798201E-1,1.495068431E0,-8.617774248E-1
8.566801250E0,-1.607796103E-1,1.641676068E0,-9.045379758E-1
8.569147552E0,-1.974314898E-1,1.736970901E0,-9.314160347E-1
8.571494687E0,-2.365268320E-1,1.779731393E0,-9.326377511E-1
8.573842500E0,-2.744004130E-1,1.762627244E0,-9.020944834E-1
8.576189531E0,-3.098305762E-1,1.684436560E0,-8.458949327E-1
8.578535833E0,-3.477042019E-1,1.567150474E0,-7.689259648E-1
8.580882864E0,-3.806909025E-1,1.413212657E0,-6.711876392E-1
8.583230781E0,-4.246731400E-1,1.233618379E0,-5.600102544E-1
8.585577760E0,-4.735423326E-1,1.046693802E0,-4.390590191E-1
8.587924062E0,-5.309635997E-1,8.548822403E-1,-3.071122468E-1
8.590271198E0,-5.932717919E-1,6.435230374E-1,-1.629481614E-1
8.592619010E0,-6.641321182E-1,4.199465811E-1,-1.511890069E-2
8.594966041E0,-7.398793697E-1,1.902614534E-1,1.400407404E-1
8.597312344E0,-8.241786957E-1,-3.820195049E-2,2.976438403E-1
8.599659479E0,-9.109214544E-1,-2.715522945E-1,4.613555968E-1
8.602007291E0,-1.002551079E0,-4.987939596E-1,6.323976517E-1
8.604354323E0,-1.089294076E0,-7.150400877E-1,8.107701540E-1
8.606700625E0,-1.173593402E0,-9.251775742E-1,9.940295815E-1
8.609047656E0,-1.235901594E0,-1.118210793E0,1.188284636E0
8.611395573E0,-1.282327294E0,-1.281922579E0,1.388648272E0
8.613742552E0,-1.298209786E0,-1.426086664E0,1.592677116E0
8.616088854E0,-1.301874995E0,-1.525046706E0,1.794262409E0
8.618435989E0,-1.289657712E0,-1.567807198E0,1.989739180E0
8.620783802E0,-1.238345027E0,-1.573915839E0,2.183994055E0
8.623130833E0,-1.168706417E0,-1.518938065E0,2.369697094E0
8.625477135E0,-1.085628867E0,-1.417534471E0,2.549291134E0
8.627824271E0,-9.878904223E-1,-1.294139862E0,2.726442099E0
8.630172083E0,-8.925955296E-1,-1.137758493E0,2.898705959E0
8.632519114E0,-8.058527112E-1,-9.630511403E-1,3.061195850E0
8.634865416E0,-7.239968777E-1,-7.761265635E-1,3.207803488E0
8.637212448E0,-6.421409845E-1,-5.855367780E-1,3.328754663E0
8.639560364E0,-5.749458671E-1,-3.925035000E-1,3.413053989E0
8.641907344E0,-5.138593912E-1,-2.092440724E-1,3.455814362E0
8.644253646E0,-4.674336910E-1,-5.530615896E-2,3.455814362E0
8.646600781E0,-4.307817817E-1,5.098429695E-2,3.405723572E0
8.648948594E0,-4.087906778E-1,1.316184402E-1,3.293324471E0
8.651295625E0,-3.892430067E-1,1.865962744E-1,3.107621670E0
8.653641927E0,-3.709170520E-1,2.232481539E-1,2.865719080E0
8.655989062E0,-3.440389931E-1,2.269133329E-1,2.596938610E0
8.658336875E0,-3.305999935E-1,2.049221992E-1,2.323271275E0
8.660683906E0,-3.330434561E-1,1.719355285E-1,2.060599566E0
8.663030208E0,-3.354868889E-1,1.059621200E-1,1.826027393E0
8.665377239E0,-3.574780226E-1,2.166279033E-2,1.629328966E0
8.667725156E0,-4.002385736E-1,-7.974075526E-2,1.474169374E0
8.670072135E0,-4.466642737E-1,-2.019136846E-1,1.364213705E0
8.672418489E0,-5.138593912E-1,-3.094259202E-1,1.300683737E0
8.674765521E0,-5.920500755E-1,-4.181598425E-1,1.271362185E0
8.677113437E0,-6.787928939E-1,-5.366675854E-1,1.262810111E0
8.679460416E0,-7.753095031E-1,-6.539536119E-1,1.262810111E0
8.681806719E0,-8.669391870E-1,-7.736830711E-1,1.267697096E0
8.684153854E0,-9.585689306E-1,-8.958560228E-1,1.270140529E0
8.686501666E0,-1.051420450E0,-9.801553488E-1,1.270140529E0
8.688848698E0,-1.129611135E0,-1.062011242E0,1.276249170E0
8.691195000E0,-1.193140984E0,-1.120654225E0,1.278692603E0
8.693542135E0,-1.259114385E0,-1.141423702E0,1.277470827E0
8.695889948E0,-1.312870502E0,-1.137758493E0,1.278692603E0
8.698236979E0,-1.359296203E0,-1.113323927E0,1.284801245E0
8.700583281E0,-1.399613261E0,-1.064454675E0,1.290909886E0
8.702930312E0,-1.441152096E0,-9.887074232E-1,1.297018528E0
8.705278229E0,-1.471695304E0,-9.007429481E-1,1.304348946E0
8.707625208E0,-1.496129870E0,-7.993394136E-1,1.310457587E0
8.709971510E0,-1.515677571E0,-6.967141628E-1,1.315344453E0
8.712318646E0,-1.541333914E0,-5.757629275E-1,1.319009662E0
8.714666458E0,-1.558438182E0,-4.609203637E-1,1.325118303E0
8.717013489E0,-1.574320674E0,-3.472995162E-1,1.333670378E0
8.719359791E0,-1.596311688E0,-2.324569523E-1,1.341000795E0
8.721706927E0,-1.618302822E0,-1.188360974E-1,1.348331213E0
8.724054739E0,-1.643959165E0,-1.376736164E-2,1.358105063E0
8.726401771E0,-1.674502373E0,8.030579984E-2,1.366657138E0
8.728748073E0,-1.697715282E0,1.633834243E-1,1.378874421E0
8.731095104E0,-1.716041207E0,2.440175712E-1,1.394756913E0
8.733443021E0,-1.731923699E0,3.380906880E-1,1.417969823E0
8.735790000E0,-1.734367132E0,4.529332519E-1,1.443626046E0
8.738136302E0,-1.728258491E0,6.007625461E-1,1.469282389E0
8.740483437E0,-1.720928192E0,7.864654064E-1,1.501047373E0
8.742831250E0,-1.702602148E0,9.953811169E-1,1.534034014E0
8.745178281E0,-1.683054566E0,1.227509737E0,1.567020774E0
8.747524583E0,-1.664728642E0,1.471855640E0,1.595120549E0
8.749871719E0,-1.642737508E0,1.710092902E0,1.624442101E0
8.752219531E0,-1.620746374E0,1.922673821E0,1.643989682E0
8.754566562E0,-1.601198673E0,2.108376741E0,1.656206965E0
8.756912864E0,-1.585316181E0,2.263536453E0,1.667202592E0
8.759259896E0,-1.576764107E0,2.401591778E0,1.667202592E0
8.761607812E0,-1.577985764E0,2.501773596E0,1.659872174E0
8.763954791E0,-1.590203047E0,2.545755863E0,1.647654891E0
8.766301094E0,-1.620746374E0,2.511547565E0,1.624442101E0
8.768648229E0,-1.673280716E0,2.400370121E0,1.586568475E0
8.770996041E0,-1.727036834E0,2.287971020E0,1.552360058E0
8.773343073E0,-1.762466908E0,2.241545200E0,1.556025147E0
8.775689375E0,-1.793010235E0,2.286749363E0,1.574351192E0
8.778036510E0,-1.816223025E0,2.396704912E0,1.582903266E0
8.780384323E0,-1.817444801E0,2.538425446E0,1.578016281E0
8.782731354E0,-1.799118876E0,2.707024097E0,1.556025147E0
8.785077656E0,-1.782014608E0,2.882953167E0,1.519373298E0
8.787424687E0,-1.762466908E0,3.061325788E0,1.476612806E0
8.789772604E0,-1.740475774E0,3.209155083E0,1.435073972E0
8.792119583E0,-1.734367132E0,3.321554184E0,1.394756913E0
8.794465885E0,-1.727036834E0,3.388749123E0,1.360548496E0
8.796813021E0,-1.739254117E0,3.432731390E0,1.320231438E0
8.799160833E0,-1.760023475E0,3.447392225E0,1.277470827E0
8.801507864E0,-1.786901593E0,3.443727016E0,1.229823470E0
8.803854166E0,-1.834548950E0,3.436396599E0,1.182175994E0
8.806201302E0,-1.889526844E0,3.418070793E0,1.134528518E0
8.808549114E0,-1.939617753E0,3.392414331E0,1.091768026E0
8.810896146E0,-1.989708543E0,3.388749123E0,1.050229192E0
8.813242448E0,-2.049573183E0,3.409518719E0,1.005025268E0
8.815589479E0,-2.106994629E0,3.422957659E0,9.598211646E-1
8.817937396E0,-2.159528971E0,3.429066420E0,9.072868228E-1
8.820284375E0,-2.215728521E0,3.433953285E0,8.462003469E-1
8.822630677E0,-2.267041206E0,3.432731390E0,7.900007963E-1
8.824977812E0,-2.317131996E0,3.420514107E0,7.362446785E-1
8.827325625E0,-2.366001129E0,3.402188301E0,6.861537695E-1
8.829672656E0,-2.407540083E0,3.375310183E0,6.372845769E-1
8.832018958E0,-2.438083172E0,3.322775841E0,5.945240855E-1
8.834366094E0,-2.461296082E0,3.256802559E0,5.505418181E-1
8.836713906E0,-2.460074425E0,3.161507607E0,5.102247596E-1
8.839060937E0,-2.440526724E0,3.033226013E0,4.735728800E-1
8.841407239E0,-2.407540083E0,2.892727137E0,4.405861795E-1
8.843754271E0,-2.366001129E0,2.741232634E0,4.149298668E-1
8.846102187E0,-2.322018862E0,2.588516474E0,3.941604793E-1
8.848449166E0,-2.281701803E0,2.441908836E0,3.843866289E-1
8.850795469E0,-2.240163088E0,2.298966646E0,3.856083453E-1
8.853142604E0,-2.208398104E0,2.158467770E0,4.112646878E-1
8.855490416E0,-2.185185194E0,2.016746998E0,4.491382837E-1
8.857837448E0,-2.161972284E0,1.875026345E0,4.760163426E-1
8.860183750E0,-2.153420210E0,1.741857886E0,4.906770885E-1
8.862530885E0,-2.136316061E0,1.584254742E0,4.931205511E-1
8.864878698E0,-2.114324808E0,1.409547448E0,4.833467007E-1
8.867225729E0,-2.088668585E0,1.209183812E0,4.699077010E-1
8.869572031E0,-2.064234018E0,1.001489758E0,4.540252090E-1
8.871919062E0,-2.020251751E0,7.730264068E-1,4.234819710E-1
8.874266979E0,-1.983600020E0,5.873234868E-1,3.807214499E-1
8.876613958E0,-1.977491260E0,4.675940275E-1,3.355174363E-1
8.878960260E0,-1.977491260E0,3.515297174E-1,2.952003777E-1
8.881307396E0,-1.977491260E0,2.232481539E-1,2.671006024E-1
8.883655208E0,-1.977491260E0,9.374482185E-2,2.561050355E-1
8.886002239E0,-1.977491260E0,-2.109774202E-2,2.585484982E-1
8.888348541E0,-1.972604394E0,-1.053970680E-1,2.658788860E-1
8.890695677E0,-1.973826051E0,-1.652618051E-1,2.842048109E-1
8.893043489E0,-1.984821677E0,-1.823660135E-1,3.037524819E-1
8.895390521E0,-1.987265229E0,-1.994702220E-1,3.294087946E-1
8.897736823E0,-1.998260617E0,-2.080223262E-1,3.513999283E-1
8.900083854E0,-2.006812811E0,-2.300134599E-1,3.721693456E-1
8.902431771E0,-2.008034468E0,-2.654436529E-1,3.880518079E-1
8.904778750E0,-2.021473408E0,-2.935434282E-1,3.929387331E-1
8.907125052E0,-2.031247377E0,-3.216432035E-1,3.880518079E-1
8.909472187E0,-2.041021109E0,-3.460777998E-1,3.758345246E-1
8.911820000E0,-2.044686317E0,-3.558516204E-1,3.636172414E-1
8.914167031E0,-2.042242765E0,-3.570733666E-1,3.538433909E-1
8.916513333E0,-2.039799452E0,-3.375256956E-1,3.477347493E-1
8.918860469E0,-2.030025482E0,-3.082041740E-1,3.465130031E-1
8.921208281E0,-2.015364885E0,-2.666653693E-1,3.489564657E-1
8.923555312E0,-1.997038960E0,-2.129092515E-1,3.611737788E-1
8.925901614E0,-1.954278469E0,-1.640400887E-1,3.917170167E-1
8.928248646E0,-1.909074426E0,-1.139491722E-1,4.295906126E-1
8.930596562E0,-1.846766233E0,-7.729729265E-2,4.747945964E-1
8.932943541E0,-1.769797325E0,-6.019308418E-2,5.334376097E-1
8.935289844E0,-1.675724149E0,-7.363210618E-2,6.018544436E-1
8.937636979E0,-1.570655465E0,-7.485383004E-2,6.629409194E-1
8.939984791E0,-1.452147722E0,-5.897135288E-2,7.130318284E-1
8.942331823E0,-1.334861636E0,-2.771798521E-3,7.496836782E-1
8.944678125E0,-1.211467028E0,7.664062083E-2,7.777834535E-1
8.947025260E0,-1.086850524E0,1.694920659E-1,7.985528708E-1
8.949373073E0,-9.683427215E-1,2.770042121E-1,8.144353628E-1
8.951720104E0,-8.473915458E-1,3.808512390E-1,8.352047801E-1
8.954066406E0,-7.264403105E-1,4.712592065E-1,8.584176302E-1
8.956413437E0,-6.225933433E-1,5.689975619E-1,8.816304803E-1
8.958761354E0,-5.236332417E-1,6.581838131E-1,9.060650468E-1
8.961108333E0,-4.332252443E-1,7.437048554E-1,9.292779565E-1
8.963454635E0,-3.611432314E-1,8.365563154E-1,9.549342394E-1
8.965801771E0,-2.963915467E-1,9.342946410E-1,9.830340147E-1
8.968149583E0,-2.450789362E-1,1.034476519E0,1.012355566E0
8.970496614E0,-2.072053105E-1,1.144432187E0,1.038011909E0
8.972842916E0,-1.827707142E-1,1.261718154E0,1.062446475E0
8.975190052E0,-1.693317145E-1,1.380225897E0,1.081994176E0
8.977537864E0,-1.729968935E-1,1.502398849E0,1.097876668E0
8.979884896E0,-1.839924604E-1,1.607467532E0,1.106428742E0
8.982231198E0,-1.913228482E-1,1.685658216E0,1.108872175E0
8.984578229E0,-2.047618479E-1,1.734527469E0,1.106428742E0
8.986926146E0,-2.206443399E-1,1.754075170E0,1.096654892E0
8.989273125E0,-2.389702946E-1,1.738192677E0,1.080772400E0
8.991619427E0,-2.524093091E-1,1.688101768E0,1.057559609E0
8.993966562E0,-2.609614134E-1,1.616019726E0,1.020907640E0
8.996314375E0,-2.731786966E-1,1.539050698E0,9.757036567E-1
8.998661406E0,-2.744004130E-1,1.444977522E0,9.231692553E-1
9.001007708E0,-2.756221592E-1,1.346017480E0,8.608610630E-1
9.003354844E0,-2.756221592E-1,1.244613886E0,7.912225127E-1
9.005702656E0,-2.646265924E-1,1.139545202E0,7.154752612E-1
9.008049687E0,-2.524093091E-1,1.035698175E0,6.323976517E-1
9.010395937E0,-2.365268320E-1,9.404033422E-1,5.444331765E-1
9.012743073E0,-2.145356983E-1,8.475518823E-1,4.564686716E-1
9.015090937E0,-1.888793856E-1,7.534787059E-1,3.697258830E-1
9.017437916E0,-1.693317145E-1,6.642924547E-1,2.854265571E-1
9.019784219E0,-1.473405808E-1,5.738844872E-1,2.047923952E-1
9.022131354E0,-1.363449991E-1,4.932503104E-1,1.253799796E-1
9.024479166E0,-1.302363575E-1,4.089510143E-1,5.085448548E-2
9.026826198E0,-1.229059696E-1,3.307603300E-1,-2.122754976E-2
9.029172500E0,-1.204625219E-1,2.721173167E-1,-9.086613357E-2
9.031519635E0,-1.204625219E-1,2.049221992E-1,-1.556177884E-1
9.033867448E0,-1.314580888E-1,1.475009322E-1,-2.215911746E-1
9.036214427E0,-1.387884617E-1,9.618828446E-2,-2.863428295E-1
9.038560781E0,-1.497840434E-1,4.609737918E-2,-3.486510217E-1
9.040907812E0,-1.607796103E-1,-1.550069079E-3,-4.121809602E-1
9.043255677E0,-1.742186099E-1,-3.575849533E-2,-4.781543612E-1
9.045602708E0,-1.791055351E-1,-7.485383004E-2,-5.404626131E-1
9.047949010E0,-1.864359230E-1,-1.115057245E-1,-6.052142382E-1
9.050296146E0,-1.888793856E-1,-1.457141340E-1,-6.687442064E-1
9.052643958E0,-1.925445646E-1,-1.615966260E-1,-7.310523987E-1
9.054990989E0,-1.864359230E-1,-1.835877597E-1,-7.872519493E-1
9.057337291E0,-1.827707142E-1,-1.970267892E-1,-8.410080075E-1
9.059684323E0,-1.754403561E-1,-2.019136846E-1,-8.923206925E-1
9.062032239E0,-1.632230431E-1,-1.945833266E-1,-9.399681091E-1
9.064379219E0,-1.485622972E-1,-1.848094761E-1,-9.839503765E-1
9.066725521E0,-1.277928948E-1,-1.787008345E-1,-1.020602226E0
9.069072656E0,-1.033582985E-1,-1.628183424E-1,-1.054810643E0
9.071420469E0,-7.892371714E-2,-1.481575966E-1,-1.085353851E0
9.073767500E0,-5.204567313E-2,-1.444924176E-1,-1.112231851E0
9.076113802E0,-1.661551930E-2,-1.408272386E-1,-1.135444760E0
9.078460937E0,2.492328547E-2,-1.469358802E-1,-1.154992461E0
9.080808750E0,7.134900242E-2,-1.774791181E-1,-1.167209744E0
9.083155781E0,1.238833591E-1,-2.202396393E-1,-1.175761819E0
9.085502083E0,1.788611859E-1,-2.752174735E-1,-1.176983595E0
9.087849114E0,2.326172739E-1,-3.485212624E-1,-1.172096610E0
9.090197031E0,2.924820185E-1,-4.230467379E-1,-1.163544536E0
9.092544010E0,3.718944490E-1,-5.232285857E-1,-1.141553402E0
9.094890312E0,4.451982081E-1,-6.099713445E-1,-1.117118835E0
9.097237448E0,5.319409966E-1,-7.064879537E-1,-1.081688643E0
9.099585260E0,6.296793818E-1,-7.981176972E-1,-1.036484718E0
9.101932291E0,7.310829163E-1,-8.824170232E-1,-9.876155853E-1
9.104278594E0,8.373733759E-1,-9.581642151E-1,-9.314160347E-1
9.106625729E0,9.571028352E-1,-1.032689691E0,-8.727729917E-1
9.108973541E0,1.076832294E0,-1.102328300E0,-8.165734410E-1
9.111320573E0,1.197783470E0,-1.164636493E0,-7.615956068E-1
9.113666875E0,1.324843407E0,-1.224501252E0,-7.127264142E-1
9.116013906E0,1.447016239E0,-1.278257370E0,-6.675224304E-1
9.118361823E0,1.563080549E0,-1.330791712E0,-6.247619390E-1
9.120708802E0,1.670592785E0,-1.360113263E0,-5.905535221E-1
9.123055104E0,1.780548453E0,-1.393099904E0,-5.551233292E-1
9.125402239E0,1.881951928E0,-1.406538963E0,-5.245801210E-1
9.127750052E0,1.976025105E0,-1.405317187E0,-4.964802861E-1
9.130097083E0,2.067655087E0,-1.397986889E0,-4.769326150E-1
9.132443385E0,2.151954412E0,-1.375995755E0,-4.683805108E-1
9.134790521E0,2.232588530E0,-1.351561069E0,-4.659370482E-1
9.137138333E0,2.314444304E0,-1.332013488E0,-4.696022570E-1
9.139485364E0,2.395078421E0,-1.310022354E0,-4.842630029E-1
9.141831614E0,2.463495255E0,-1.277035594E0,-5.086976290E-1
9.144178750E0,2.550238132E0,-1.262374878E0,-5.306887627E-1
9.146526614E0,2.627207041E0,-1.230609894E0,-5.661188960E-1
9.148873594E0,2.698067427E0,-1.191514611E0,-6.125445962E-1
9.151219896E0,2.764040709E0,-1.141423702E0,-6.663007140E-1
9.153567031E0,2.832457542E0,-1.092554450E0,-7.237219810E-1
9.155914844E0,2.891100645E0,-1.020472407E0,-7.896953821E-1
9.158261875E0,2.955852270E0,-9.557207823E-1,-8.532253504E-1
9.160608177E0,3.021825552E0,-8.995212317E-1,-9.155335426E-1
9.162955208E0,3.086577415E0,-8.420999646E-1,-9.753982425E-1
9.165303125E0,3.148885489E0,-7.871221304E-1,-1.045036793E0
9.167650104E0,3.196532965E0,-7.370312214E-1,-1.122005701E0
9.169996406E0,3.240515232E0,-7.077097297E-1,-1.207526803E0
9.172343541E0,3.275945425E0,-7.028228045E-1,-1.304043412E0
9.174691354E0,3.304045200E0,-7.248139381E-1,-1.404225230E0
9.177038385E0,3.345583916E0,-7.651309967E-1,-1.499520183E0
9.179384687E0,3.381014109E0,-7.907872796E-1,-1.582597733E0
9.181731823E0,3.420109510E0,-7.944524884E-1,-1.655901551E0
9.184079635E0,3.435992002E0,-7.846786380E-1,-1.729205251E0
9.186426666E0,3.426218033E0,-7.883438468E-1,-1.804952502E0
9.188772969E0,3.387122869E0,-8.115566969E-1,-1.866038918E0
9.191120000E0,3.318706036E0,-8.604258895E-1,-1.896582246E0
9.193467916E0,3.220967531E0,-9.239557981E-1,-1.897803903E0
9.195814896E0,3.122007370E0,-1.005811691E0,-1.880699754E0
9.198161198E0,3.019382238E0,-1.063233018E0,-1.855043411E0
9.200508333E0,2.916756868E0,-1.075450301E0,-1.813504577E0
9.202856146E0,2.825127125E0,-1.037576675E0,-1.747531176E0
9.205203177E0,2.753045082E0,-9.300644398E-1,-1.652236342E0
9.207549479E0,2.707841158E0,-7.810134888E-1,-1.531285048E0
9.209896614E0,2.700510740E0,-6.124148369E-1,-1.394451380E0
9.212244427E0,2.726167202E0,-4.108294547E-1,-1.256395936E0
9.214591458E0,2.773814678E0,-1.774791181E-1,-1.128114343E0
9.216937760E0,2.834901094E0,8.885791153E-2,-1.012050152E0
9.219284791E0,2.904539585E0,3.564166427E-1,-9.191986918E-1
9.221632656E0,2.970513105E0,5.836583376E-1,-8.581122160E-1
9.223979687E0,3.031599522E0,7.485917807E-1,-8.336776495E-1
9.226325989E0,3.095129490E0,8.561039567E-1,-8.336776495E-1
9.228673125E0,3.151329041E0,9.245208502E-1,-8.593339920E-1
9.231020937E0,3.202641726E0,9.538423419E-1,-8.984293342E-1
9.233367969E0,3.250288963E0,9.428467751E-1,-9.472984672E-1
9.235714271E0,3.288162708E0,8.817602992E-1,-1.002276182E0
9.238061302E0,3.317484140E0,7.754698396E-1,-1.060919285E0
9.240409219E0,3.341918707E0,6.594055295E-1,-1.115897059E0
9.242756198E0,3.366353273E0,5.384543538E-1,-1.162322760E0
9.245102500E0,3.382235765E0,4.065075517E-1,-1.200196385E0
9.247449635E0,3.389566183E0,2.647869587E-1,-1.231961370E0
9.249797448E0,3.393231392E0,1.181794181E-1,-1.266169786E0
9.252144479E0,3.390787840E0,-2.354119718E-2,-1.299156547E0
9.254490781E0,3.376127243E0,-1.640400887E-1,-1.329699755E0
9.256837916E0,3.366353273E0,-3.314170241E-1,-1.366351604E0
9.259185729E0,3.339475393E0,-4.694724679E-1,-1.420107722E0
9.261532760E0,3.311375618E0,-6.075279117E-1,-1.488524556E0
9.263879062E0,3.280832291E0,-7.406964302E-1,-1.577710867E0
9.266226094E0,3.231963158E0,-8.604258895E-1,-1.685222983E0
9.268574010E0,3.184315681E0,-9.862639904E-1,-1.798843861E0
9.270920989E0,3.134224892E0,-1.105993509E0,-1.914908171E0
9.273267291E0,3.081690311E0,-1.208618760E0,-2.022420406E0
9.275614427E0,3.024269104E0,-1.286809444E0,-2.123823881E0
9.277962239E0,2.960739136E0,-1.351561069E0,-2.216675282E0
9.280309271E0,2.899652719E0,-1.408982396E0,-2.293644190E0
9.282655573E0,2.834901094E0,-1.444412589E0,-2.360839367E0
9.285002708E0,2.772592783E0,-1.457851529E0,-2.415817261E0
9.287350521E0,2.701732635E0,-1.445634246E0,-2.465908051E0
9.289697500E0,2.625985384E0,-1.430973530E0,-2.522107601E0
9.292043802E0,2.586889982E0,-1.375995755E0,-2.555094481E0
9.294390937E0,2.595442057E0,-1.263596654E0,-2.558759451E0
9.296738750E0,2.649198294E0,-1.090111017E0,-2.546542168E0
9.299085781E0,2.731054068E0,-8.469868898E-1,-2.523329496E0
9.301432083E0,2.845896721E0,-5.427762270E-1,-2.487899303E0
9.303779219E0,2.983952045E0,-2.153527141E-1,-2.445138693E0
9.306127031E0,3.100016356E0,1.389488280E-1,-2.398713112E0
9.308474062E0,3.189202547E0,4.883634448E-1,-2.335183144E0
9.310820364E0,3.234406710E0,8.328911066E-1,-2.267987967E0
9.313167396E0,3.242958784E0,1.140766978E0,-2.198349476E0
9.315515312E0,3.206306696E0,1.425429940E0,-2.131154299E0
9.317862291E0,3.141555071E0,1.683214784E0,-2.060293913E0
9.320208594E0,3.041373253E0,1.900682688E0,-1.993098855E0
9.322555729E0,2.920422077E0,2.044846773E0,-1.923460245E0
9.324903541E0,2.789697170E0,2.118150711E0,-1.852599978E0
9.327250573E0,2.655306816E0,2.115707159E0,-1.778074503E0
9.329596875E0,2.516029596E0,2.033851385E0,-1.692553401E0
9.331944010E0,2.370643854E0,1.883578420E0,-1.597258449E0
9.334291823E0,2.221592903E0,1.655115008E0,-1.490967989E0
9.336638854E0,2.071320057E0,1.363121748E0,-1.372460246E0
9.338985156E0,1.912495255E0,1.023480892E0,-1.247843862E0
9.341332187E0,1.734122753E0,6.606272459E-1,-1.113453627E0
9.343680104E0,1.556971908E0,2.672304213E-1,-9.705113769E-1
9.346027083E0,1.376155972E0,-1.383837759E-1,-8.214603662E-1
9.348373385E0,1.196561813E0,-5.684325695E-1,-6.724093556E-1
9.350720521E0,1.021854520E0,-9.972594976E-1,-5.429060459E-1
9.353068333E0,8.556993008E-1,-1.401651978E0,-4.586066902E-1
9.355415364E0,6.968744993E-1,-1.755953550E0,-4.280634522E-1
9.357761666E0,5.539321303E-1,-2.061385870E0,-4.317286313E-1
9.360108698E0,4.342026412E-1,-2.331387997E0,-4.524980485E-1
9.362456614E0,3.205818236E-1,-2.552520990E0,-4.867064655E-1
9.364803594E0,2.216217071E-1,-2.738224030E0,-5.160279870E-1
9.367149896E0,1.348789185E-1,-2.882387877E0,-5.380191207E-1
9.369497031E0,6.157516688E-2,-3.002117395E0,-5.502364039E-1
9.371844844E0,-4.398221150E-3,-3.088860273E0,-5.563450456E-1
9.374191875E0,-4.715874791E-2,-3.148725033E0,-5.575668216E-1
9.376538177E0,-7.403679937E-2,-3.185376883E0,-5.490146875E-1
9.378885312E0,-9.480620176E-2,-3.178046465E0,-5.392408371E-1
9.381233125E0,-1.021365821E-1,-3.143838167E0,-5.282452703E-1
9.383580156E0,-1.009148508E-1,-3.081529856E0,-5.160279870E-1
9.385926458E0,-8.625409007E-2,-2.998452187E0,-5.001454949E-1
9.388273489E0,-7.281506807E-2,-2.889718294E0,-4.830412865E-1
9.390621406E0,-4.471529275E-2,-2.782206297E0,-4.573849440E-1
9.392968385E0,-1.905897446E-2,-2.641707182E0,-4.305069149E-1
9.395314687E0,1.710424200E-3,-2.474330425E0,-4.060723186E-1
9.397661823E0,2.858847193E-2,-2.295957804E0,-3.804160058E-1
9.400009635E0,6.646208465E-2,-2.111476660E0,-3.510944843E-1
9.402356666E0,9.700532258E-2,-1.908669710E0,-3.229947090E-1
9.404702969E0,1.312137395E-1,-1.697310567E0,-2.936732173E-1
9.407050104E0,1.678656191E-1,-1.487173080E0,-2.643516958E-1
9.409397916E0,1.984088570E-1,-1.272148728E0,-2.374736518E-1
9.411744896E0,2.277303785E-1,-1.064454675E0,-2.142608017E-1
9.414091198E0,2.582736015E-1,-8.604258895E-1,-1.910479367E-1
9.416438333E0,2.949254811E-1,-6.686143875E-1,-1.690568030E-1
9.418786146E0,3.242470026E-1,-4.792462885E-1,-1.482874155E-1
9.421133177E0,3.499033153E-1,-2.972086072E-1,-1.287397295E-1
9.423479479E0,3.743379116E-1,-1.396054924E-1,-1.055268869E-1
9.425826614E0,3.975507617E-1,-1.010217518E-2,-7.864883542E-2
9.428174427E0,4.097680449E-1,9.618828446E-2,-4.932732508E-2
9.430521406E0,4.085463285E-1,1.804876328E-1,-1.878409088E-2
9.432867760E0,4.012159407E-1,2.256916165E-1,1.664606296E-2
9.435214791E0,3.804465532E-1,2.256916165E-1,5.696313456E-2
9.437562708E0,3.474598527E-1,1.890397370E-1,9.728020430E-2
9.439909687E0,2.998124063E-1,1.218446121E-1,1.400407404E-1
9.442255989E0,2.436128408E-1,1.555414125E-2,1.864664555E-1
9.444603125E0,1.776394695E-1,-1.090622619E-1,2.365573645E-1
9.446950937E0,1.018922403E-1,-2.397873104E-1,2.817613482E-1
9.449297969E0,2.125809528E-2,-3.717341125E-1,3.208566904E-1
9.451644271E0,-5.571085960E-2,-4.926853180E-1,3.636172414E-1
9.453991302E0,-1.290146261E-1,-5.794281363E-1,4.149298668E-1
9.456339219E0,-1.937662810E-1,-6.356276870E-1,4.735728800E-1
9.458686198E0,-2.621831298E-1,-6.637274623E-1,5.346593261E-1
9.461032500E0,-3.330434561E-1,-6.771664619E-1,5.920805931E-1
9.463379635E0,-4.051254690E-1,-6.881620288E-1,6.495018601E-1
9.465727448E0,-4.967551827E-1,-6.783881783E-1,6.922624111E-1
9.468074479E0,-5.932717919E-1,-6.796099544E-1,7.362446785E-1
9.470420781E0,-6.971188188E-1,-6.893837452E-1,7.728965878E-1
9.472767916E0,-8.058527112E-1,-7.040445209E-1,7.985528708E-1
9.475115729E0,-9.109214544E-1,-7.187052965E-1,8.107701540E-1
9.477462760E0,-1.014768362E0,-7.162618041E-1,8.095484376E-1
9.479809062E0,-1.101511359E0,-6.918272376E-1,8.022180796E-1
9.482156094E0,-1.169928193E0,-6.319624782E-1,7.875573039E-1
9.484504010E0,-1.206580043E0,-5.452196598E-1,7.716748118E-1
9.486850989E0,-1.218797326E0,-4.279336631E-1,7.521271706E-1
9.489197291E0,-1.207801819E0,-2.813261151E-1,7.203621864E-1
9.491544427E0,-1.177258492E0,-1.176143661E-1,6.763799191E-1
9.493892239E0,-1.128389359E0,6.075813249E-2,6.165152192E-1
9.496239271E0,-1.072189808E0,2.672304213E-1,5.371027589E-1
9.498585573E0,-9.939990640E-1,4.639288187E-1,4.466948211E-1
9.500932708E0,-8.999258876E-1,6.484099627E-1,3.465130031E-1
9.503280521E0,-7.850833535E-1,7.986826897E-1,2.438877523E-1
9.505627500E0,-6.506931186E-1,8.988645077E-1,1.388190091E-1
9.507973802E0,-5.065290332E-1,9.330729246E-1,4.108064994E-2
9.510320937E0,-3.684735894E-1,9.232990742E-1,-5.177078769E-2
9.512668750E0,-2.255312651E-1,8.561039567E-1,-1.385135651E-1
9.515015781E0,-9.969311953E-2,7.437048554E-1,-2.276998162E-1
9.517362083E0,2.370155416E-2,5.812148452E-1,-3.266599178E-1
9.519709219E0,1.446527690E-1,3.796294928E-1,-4.329503775E-1
9.522057031E0,2.546084225E-1,1.389488280E-1,-5.331321955E-1
9.524404062E0,3.511250615E-1,-1.261664629E-1,-6.284270883E-1
9.526750364E0,4.305374622E-1,-4.047208130E-1,-7.115046978E-1
9.529097396E0,4.952891171E-1,-7.077097297E-1,-7.725911736E-1
9.531445312E0,5.331627131E-1,-1.007033348E0,-8.177951574E-1
9.533792291E0,5.478234887E-1,-1.290474653E0,-8.532253504E-1
9.536138594E0,5.490452051E-1,-1.566585541E0,-8.752164841E-1
9.538485729E0,5.258323550E-1,-1.812153101E0,-8.874337673E-1
9.540833541E0,4.916239679E-1,-2.028399229E0,-8.898772001E-1
9.543180573E0,4.488633871E-1,-2.194554329E0,-8.849902749E-1
9.545526875E0,4.097680449E-1,-2.317949057E0,-8.691077828E-1
9.547873906E0,3.608988822E-1,-2.370483398E0,-8.507818580E-1
9.550221823E0,3.193600774E-1,-2.369261742E0,-8.275690079E-1
9.552568802E0,2.827081978E-1,-2.314283848E0,-8.043561578E-1
9.554915104E0,2.399476618E-1,-2.216545343E0,-7.860302329E-1
9.557262239E0,1.971871406E-1,-2.068716288E0,-7.774780989E-1
9.559610052E0,1.617569774E-1,-1.864687443E0,-7.725911736E-1
9.561957083E0,1.348789185E-1,-1.604459167E0,-7.677042484E-1
9.564303385E0,1.409875751E-1,-1.280700803E0,-7.579304576E-1
9.566650521E0,1.971871406E-1,-8.934125900E-1,-7.334958315E-1
9.568998333E0,2.839299142E-1,-4.963505268E-1,-6.956222057E-1
9.571345312E0,3.608988822E-1,-1.664835513E-1,-6.430878639E-1
9.573691666E0,4.170984328E-1,7.664062083E-2,-5.783361793E-1
9.576038698E0,4.500851333E-1,2.391306460E-1,-5.013672113E-1
9.578386562E0,4.794066250E-1,3.136561215E-1,-4.072940648E-1
9.580733594E0,4.977326095E-1,3.112126589E-1,-3.071122468E-1
9.583079896E0,5.026195049E-1,2.440175712E-1,-2.081521451E-1
9.585427031E0,4.940674007E-1,1.377270818E-1,-1.262962818E-1
9.587774844E0,4.671893418E-1,9.445495903E-3,-7.498364896E-2
9.590121875E0,4.268722832E-1,-1.188360974E-1,-5.421424285E-2
9.592468177E0,3.792248368E-1,-2.397873104E-1,-6.276635081E-2
9.594815208E0,3.230252564E-1,-3.472995162E-1,-9.941823781E-2
9.597163125E0,2.765995562E-1,-4.548117220E-1,-1.556177884E-1
9.599510104E0,2.423911244E-1,-5.647673607E-1,-2.215911746E-1
9.601856406E0,2.118478864E-1,-6.722795367E-1,-2.936732173E-1
9.604203541E0,2.008523196E-1,-7.846786380E-1,-3.681987226E-1
9.606551354E0,2.057392448E-1,-8.921908736E-1,-4.463894069E-1
9.608898385E0,2.203999907E-1,-9.752684832E-1,-5.294670463E-1
9.611244687E0,2.472780496E-1,-1.027802825E0,-6.149880886E-1
9.613591823E0,2.863733768E-1,-1.035133243E0,-7.066177726E-1
9.615939635E0,3.303556442E-1,-9.838205576E-1,-8.080213666E-1
9.618286666E0,3.792248368E-1,-8.714214563E-1,-9.155335426E-1
9.620632916E0,4.390895665E-1,-6.906055212E-1,-1.029154301E0
9.622980052E0,5.013977289E-1,-4.340423048E-1,-1.148883820E0
9.625327864E0,5.600407720E-1,-1.261664629E-1,-1.269834995E0
9.627674896E0,6.125751734E-1,1.988135576E-1,-1.396894813E0
9.630021198E0,6.541139483E-1,5.115762949E-1,-1.525176406E0
9.632368333E0,6.761050820E-1,8.108999729E-1,-1.629023433E0
9.634716146E0,6.687747240E-1,1.094341278E0,-1.701105475E0
9.637063177E0,6.345662475E-1,1.322804570E0,-1.734092236E0
9.639409479E0,5.685929060E-1,1.443755865E0,-1.740200877E0
9.641756510E0,4.769631922E-1,1.426651597E0,-1.729205251E0
9.644104427E0,3.608988822E-1,1.306922197E0,-1.713322759E0
9.646451406E0,2.191782445E-1,1.143210411E0,-1.697440267E0
9.648797708E0,6.035343558E-2,9.648379087E-1,-1.670562267E0
9.651144844E0,-1.143538654E-1,8.011261821E-1,-1.625358224E0
9.653492656E0,-3.012784719E-1,6.704010963E-1,-1.555719733E0
9.655839687E0,-4.857596159E-1,5.592237115E-1,-1.457981348E0
9.658185989E0,-6.604669094E-1,4.517115355E-1,-1.341917038E0
9.660533021E0,-8.156265616E-1,3.283168674E-1,-1.222187519E0
9.662880937E0,-9.463516474E-1,1.756007075E-1,-1.103679776E0
9.665227916E0,-1.056307316E0,8.223766461E-3,-9.888373017E-1
9.667574219E0,-1.149158716E0,-1.787008345E-1,-8.739947081E-1
9.669921354E0,-1.224905968E0,-3.668471873E-1,-7.615956068E-1
9.672269166E0,-1.293322802E0,-5.415545106E-1,-6.443095803E-1
9.674616198E0,-1.343413711E0,-6.967141628E-1,-5.135845542E-1
9.676962500E0,-1.377622128E0,-8.347695470E-1,-3.681987226E-1
9.679309531E0,-1.417939305E0,-9.312862158E-1,-2.105956078E-1
9.681657448E0,-1.443595529E0,-1.004589915E0,-3.466657177E-2
9.684004427E0,-1.471695304E0,-1.051015735E0,1.522580385E-1
9.686350729E0,-1.472917080E0,-1.103550076E0,3.489564657E-1
9.688697864E0,-1.457034588E0,-1.151197553E0,5.529852509E-1
9.691045677E0,-1.411830544E0,-1.204953551E0,7.619010210E-1
9.693392708E0,-1.340970278E0,-1.263596654E0,9.695950150E-1
9.695739010E0,-1.246897101E0,-1.328348279E0,1.171180367E0
9.698086146E0,-1.154045701E0,-1.404095531E0,1.355661511E0
9.700433958E0,-1.064859390E0,-1.471290588E0,1.516929865E0
9.702780989E0,-9.756731391E-1,-1.487173080E0,1.658650517E0
9.705127291E0,-8.815999627E-1,-1.435860395E0,1.797927618E0
9.707474323E0,-7.838615775E-1,-1.358891487E0,1.940869927E0
9.709822239E0,-7.044491768E-1,-1.322239637E0,2.083812237E0
9.712169219E0,-6.677973270E-1,-1.289252877E0,2.213315725E0
9.714515521E0,-6.665755510E-1,-1.250157595E0,2.322049618E0
9.716862656E0,-6.751276851E-1,-1.228166461E0,2.397796869E0
9.719210469E0,-6.995622516E-1,-1.203731894E0,2.436892033E0
9.721557500E0,-7.325489521E-1,-1.201288342E0,2.449109316E0
9.723903802E0,-7.740877867E-1,-1.208618760E0,2.434448719E0
9.726250833E0,-8.156265616E-1,-1.229388118E0,2.399018526E0
9.728598750E0,-8.461698294E-1,-1.273370385E0,2.351371050E0
9.730945729E0,-8.828216791E-1,-1.313687563E0,2.289062977E0
9.733292031E0,-9.182518721E-1,-1.346674204E0,2.210872173E0
9.735639166E0,-9.561254382E-1,-1.383326054E0,2.113133907E0
9.737986979E0,-9.939990640E-1,-1.429751754E0,2.010508537E0
9.740334010E0,-1.025764108E0,-1.479842663E0,1.899331212E0
9.742680312E0,-1.058750749E0,-1.518938065E0,1.779601693E0
9.745027448E0,-1.085628867E0,-1.558033347E0,1.659872174E0
9.747375260E0,-1.119837284E0,-1.570250750E0,1.543807864E0
9.749722291E0,-1.141828418E0,-1.582468033E0,1.447291255E0
9.752068541E0,-1.165041208E0,-1.566585541E0,1.364213705E0
9.754415677E0,-1.182145476E0,-1.554368258E0,1.301905513E0
9.756763489E0,-1.190697551E0,-1.538485765E0,1.257923245E0
9.759110521E0,-1.187032342E0,-1.529933572E0,1.232266903E0
9.761456823E0,-1.189475894E0,-1.506720781E0,1.216384411E0
9.763803958E0,-1.178480268E0,-1.489616513E0,1.211497545E0
9.766151771E0,-1.169928193E0,-1.454186440E0,1.207832336E0
9.768498802E0,-1.156489134E0,-1.421199679E0,1.211497545E0
9.770845104E0,-1.140606642E0,-1.378439188E0,1.218827844E0
9.773192135E0,-1.122280717E0,-1.318574429E0,1.228601694E0
9.775540052E0,-1.107620001E0,-1.248935819E0,1.245705962E0
9.777887031E0,-1.088072300E0,-1.182962418E0,1.272583961E0
9.780233333E0,-1.062415957E0,-1.112102151E0,1.304348946E0
9.782580469E0,-1.041646600E0,-1.019250751E0,1.328783512E0
9.784928281E0,-1.051420450E0,-8.811953068E-1,1.354439855E0
9.787275312E0,-1.072189808E0,-7.235921621E-1,1.382539630E0
9.789621614E0,-1.095402718E0,-5.439979434E-1,1.410639405E0
9.791968646E0,-1.133276343E0,-3.387474120E-1,1.432630539E0
9.794316562E0,-1.169928193E0,-1.347185671E-1,1.449734688E0
9.796663541E0,-1.221240759E0,9.007964283E-2,1.447291255E0
9.799009844E0,-1.276218653E0,3.002170920E-1,1.436295748E0
9.801356979E0,-1.322644353E0,4.810330272E-1,1.435073972E0
9.803704791E0,-1.342192054E0,6.056494713E-1,1.464395523E0
9.806051823E0,-1.360517979E0,7.143833637E-1,1.498603940E0
9.808398125E0,-1.389839411E0,8.451083899E-1,1.534034014E0
9.810745156E0,-1.415495753E0,9.904942513E-1,1.567020774E0
9.813093073E0,-1.427713037E0,1.157871127E0,1.602450967E0
9.815440052E0,-1.435043454E0,1.317917705E0,1.642768025E0
9.817786354E0,-1.438708663E0,1.453529716E0,1.679419875E0
9.820133489E0,-1.444817305E0,1.564707041E0,1.722180367E0
9.822481302E0,-1.458256364E0,1.664888859E0,1.769827843E0
9.824828333E0,-1.475360513E0,1.766292453E0,1.824805617E0
9.827174635E0,-1.494908214E0,1.882356763E0,1.878561735E0
9.829521771E0,-1.514455914E0,1.998421073E0,1.927430987E0
9.831869583E0,-1.531560063E0,2.123037577E0,1.981186986E0
9.834216614E0,-1.563325047E0,2.248875618E0,2.031277895E0
9.836562916E0,-1.579207540E0,2.325844526E0,2.087477446E0
9.838909948E0,-1.610972524E0,2.391818047E0,2.135124922E0
9.841257812E0,-1.643959165E0,2.433356762E0,2.182772398E0
9.843604844E0,-1.678167582E0,2.462678432E0,2.223089457E0
9.845951146E0,-1.718484640E0,2.485891104E0,2.249967575E0
9.848298281E0,-1.755136609E0,2.474895716E0,2.267071724E0
9.850646094E0,-1.799118876E0,2.444352388E0,2.273180485E0
9.852993125E0,-1.846766233E0,2.397926569E0,2.268293381E0
9.855339427E0,-1.888305068E0,2.331953287E0,2.251189232E0
9.857686458E0,-1.934730768E0,2.263536453E0,2.221867800E0
9.860034375E0,-1.964052320E0,2.180458784E0,2.175441980E0
9.862381354E0,-1.992152095E0,2.098603010E0,2.113133907E0
9.864727656E0,-2.017808199E0,2.037516356E0,2.034943104E0
9.867074791E0,-2.031247377E0,1.970321178E0,1.943313479E0
9.869422604E0,-2.058125257E0,1.932447672E0,1.844353318E0
9.871769635E0,-2.082559824E0,1.911678195E0,1.744171500E0
9.874115937E0,-2.108216286E0,1.910456538E0,1.637881041E0
9.876462969E0,-2.143646479E0,1.930004120E0,1.525481939E0
9.878810885E0,-2.181519985E0,1.970321178E0,1.416748047E0
9.881157864E0,-2.225502253E0,2.039959908E0,1.316566229E0
9.883504166E0,-2.264597654E0,2.135254860E0,1.226158261E0
9.885851302E0,-2.300027847E0,2.232993126E0,1.145524144E0
9.888199114E0,-2.341566563E0,2.335618496E0,1.078328967E0
9.890546146E0,-2.381883621E0,2.434578657E0,1.020907640E0
9.892892448E0,-2.420979023E0,2.535982132E0,9.732601643E-1
9.895239583E0,-2.457630873E0,2.611729383E0,9.402735233E-1
9.897587396E0,-2.491839409E0,2.671594143E0,9.182823896E-1
9.899934375E0,-2.526047707E0,2.711911201E0,9.085085392E-1
9.902280677E0,-2.556591034E0,2.732680559E0,9.133954644E-1
9.904627812E0,-2.590799332E0,2.743676186E0,9.280561805E-1
9.906975625E0,-2.605460167E0,2.753449917E0,9.317213893E-1
9.909322656E0,-2.600573301E0,2.743676186E0,9.133954644E-1
9.911668958E0,-2.592021227E0,2.703359127E0,8.791870475E-1
9.914016094E0,-2.587134123E0,2.641050816E0,8.388699293E-1
9.916363906E0,-2.585912466E0,2.581186056E0,7.936659455E-1
9.918710937E0,-2.579803944E0,2.496886730E0,7.472402453E-1
9.921057239E0,-2.576138735E0,2.404035330E0,7.057014704E-1
9.923404271E0,-2.562699556E0,2.302631855E0,6.690495610E-1
9.925752187E0,-2.550482273E0,2.184123993E0,6.421715021E-1
9.928099166E0,-2.540708542E0,2.066838026E0,6.323976517E-1
9.930445469E0,-2.523604155E0,1.938556314E0,6.446149945E-1
9.932792604E0,-2.502834797E0,1.789505243E0,6.580539942E-1
9.935140416E0,-2.478400230E0,1.629458666E0,6.543887854E-1
9.937487448E0,-2.452744007E0,1.468190432E0,6.311759353E-1
9.939833750E0,-2.425865889E0,1.306922197E0,5.945240855E-1
9.942180781E0,-2.394100904E0,1.141988635E0,5.517635345E-1
9.944528646E0,-2.352562189E0,9.697248340E-1,5.090029836E-1
9.946875677E0,-2.298805952E0,7.962392569E-1,4.540252090E-1
9.949221979E0,-2.273149729E0,6.948357224E-1,3.733910620E-1
9.951569114E0,-2.249936819E0,6.105363369E-1,2.890917361E-1
9.953916927E0,-2.230389118E0,5.103545189E-1,2.170096934E-1
9.956263958E0,-2.220615387E0,3.991771638E-1,1.522580385E-1
9.958610260E0,-2.207176447E0,2.855563164E-1,1.107192263E-1
9.960957291E0,-2.186406851E0,1.719355285E-1,8.261945099E-2
9.963305208E0,-2.160750628E0,7.175369561E-2,6.918042153E-2
9.965652187E0,-2.132650852E0,8.933898062E-4,6.795869768E-2
9.967998489E0,-2.097220659E0,-6.019308418E-2,8.017598838E-2
9.970345625E0,-2.059347153E0,-1.212795600E-1,9.972365946E-2
9.972693437E0,-2.020251751E0,-1.945833266E-1,1.217147931E-1
9.975040469E0,-1.976269603E0,-2.764392197E-1,1.473711133E-1
9.977386771E0,-1.934730768E0,-3.509646952E-1,1.669187844E-1
9.979733906E0,-1.891970277E0,-4.120511711E-1,1.852447242E-1
9.982081719E0,-1.851653218E0,-4.584769011E-1,1.962402910E-1
9.984428698E0,-1.807670951E0,-4.890201092E-1,2.035706639E-1
9.986775000E0,-1.764910460E0,-4.987939596E-1,2.096793205E-1
9.989122135E0,-1.716041207E0,-5.000156760E-1,2.182314247E-1
9.991469948E0,-1.673280716E0,-4.963505268E-1,2.304487228E-1
9.993816979E0,-1.628076673E0,-4.841331840E-1,2.438877523E-1
9.996163281E0,-1.588981390E0,-4.621420801E-1,2.585484982E-1
9.998510416E0,-1.549885988E0,-4.401509464E-1,2.780961692E-1
1.000085823E1,-1.504682064E0,-3.961687088E-1,3.037524819E-1
1.000320521E1,-1.459478021E0,-3.253083825E-1,3.355174363E-1
1.000555151E1,-1.413052320E0,-2.605567276E-1,3.770562410E-1
1.000789865E1,-1.369070053E0,-2.153527141E-1,4.222602546E-1
1.001024646E1,-1.320200920E0,-1.823660135E-1,4.699077010E-1
1.001259349E1,-1.279883862E0,-1.506010592E-1,5.199985504E-1
1.001493979E1,-1.243231893E0,-1.151709035E-1,5.713111758E-1
1.001728693E1,-1.204136610E0,-8.462766558E-2,6.262890100E-1
1.001963474E1,-1.168706417E0,-3.453676403E-2,6.837103367E-1
1.002198177E1,-1.132054567E0,1.677587256E-2,7.362446785E-1
1.002432807E1,-1.095402718E0,7.541888952E-2,7.838921547E-1
1.002667510E1,-1.056307316E0,1.328401864E-1,8.266526461E-1
1.002902297E1,-1.017211914E0,1.939266324E-1,8.645262718E-1
1.003137000E1,-9.695644975E-1,2.550131381E-1,9.036216140E-1
1.003371630E1,-9.268039465E-1,3.222082257E-1,9.390517473E-1
1.003606344E1,-8.791565299E-1,3.796294928E-1,9.744819403E-1
1.003841125E1,-8.376176953E-1,4.480463564E-1,1.007468700E0
1.004075828E1,-7.960789204E-1,5.189066529E-1,1.040455341E0
1.004310458E1,-7.618705034E-1,5.983190536E-1,1.066111684E0
1.004545161E1,-7.301055193E-1,6.777314544E-1,1.086881042E0
1.004779953E1,-6.873449683E-1,7.375962138E-1,1.106428742E0
1.005014651E1,-6.494713426E-1,8.121217489E-1,1.122311234E0
1.005249281E1,-6.225933433E-1,8.951992989E-1,1.134528518E0
1.005483995E1,-5.993804336E-1,9.746117592E-1,1.144302368E0
1.005718776E1,-5.663937926E-1,1.034476519E0,1.157741427E0
1.005953479E1,-5.444026589E-1,1.093119502E0,1.167515278E0
1.006188109E1,-5.272984505E-1,1.148097277E0,1.178510785E0
1.006422813E1,-5.114159584E-1,1.174975395E0,1.189506412E0
1.006657604E1,-5.114159584E-1,1.183527470E0,1.199280143E0
1.006892302E1,-5.150811076E-1,1.163979769E0,1.206610560E0
1.007126932E1,-5.187463164E-1,1.134658337E0,1.206610560E0
1.007361646E1,-5.163028836E-1,1.094341278E0,1.204167128E0
1.007596427E1,-5.150811076E-1,1.045472026E0,1.194393277E0
1.007831130E1,-5.138593912E-1,9.843856096E-1,1.178510785E0
1.008065760E1,-5.150811076E-1,9.074166417E-1,1.158963084E0
1.008300464E1,-5.163028836E-1,8.170086145E-1,1.132085085E0
1.008535255E1,-5.114159584E-1,7.253789306E-1,1.092989683E0
1.008769953E1,-5.053073168E-1,6.520751715E-1,1.042898774E0
1.009004583E1,-4.918682575E-1,5.934321284E-1,9.842557311E-1
1.009239297E1,-4.735423326E-1,5.482281446E-1,9.158388972E-1
1.009474078E1,-4.503294826E-1,5.189066529E-1,8.400917053E-1
1.009708781E1,-4.161210358E-1,4.871416688E-1,7.606792450E-1
1.009943411E1,-3.831343353E-1,4.700374901E-1,6.727147698E-1
1.010178125E1,-3.501476645E-1,4.590419233E-1,5.786415935E-1
1.010412906E1,-3.147175014E-1,4.480463564E-1,4.784598053E-1
1.010647604E1,-2.731786966E-1,4.321638644E-1,3.758345246E-1
1.010882234E1,-2.304181904E-1,4.077292681E-1,2.683223188E-1
1.011116948E1,-1.913228482E-1,3.710773885E-1,1.656970531E-1
1.011351729E1,-1.546709388E-1,3.332037926E-1,6.673696637E-2
1.011586432E1,-1.253494322E-1,2.953301668E-1,-2.489273623E-2
1.011821063E1,-9.114101529E-2,2.440175712E-1,-1.116355285E-1
1.012055776E1,-6.670641899E-2,1.951483786E-1,-1.983783096E-1
1.012290557E1,-4.960221052E-2,1.389488280E-1,-2.863428295E-1
1.012525255E1,-2.028070576E-2,6.320159137E-2,-3.743073642E-1
1.012759885E1,2.932153642E-3,-2.109774202E-2,-4.622718692E-1
1.012994599E1,2.125809528E-2,-9.806669503E-2,-5.490146875E-1
1.013229380E1,5.546652526E-2,-2.006919682E-1,-6.272053719E-1
1.013464083E1,9.089667350E-2,-2.947651446E-1,-6.992874146E-1
1.013698714E1,1.336572021E-1,-3.900600374E-1,-7.603738904E-1
1.013933427E1,1.715307981E-1,-4.682507217E-1,-8.214603662E-1
1.014168208E1,2.142913491E-1,-5.354458690E-1,-8.739947081E-1
1.014402906E1,2.533867061E-1,-5.769846439E-1,-9.228639007E-1
1.014637536E1,2.998124063E-1,-6.258538365E-1,-9.631809592E-1
1.014872250E1,3.376860321E-1,-6.478449702E-1,-1.001054525E0
1.015107031E1,3.706727028E-1,-6.515101790E-1,-1.041371584E0
1.015341734E1,4.073246121E-1,-6.551753283E-1,-1.073136568E0
1.015576365E1,4.403112829E-1,-6.527318954E-1,-1.104901552E0
1.015811078E1,4.659676254E-1,-6.441797614E-1,-1.130557895E0
1.016045859E1,4.928456843E-1,-6.356276870E-1,-1.145218611E0
1.016280562E1,5.331627131E-1,-6.466232538E-1,-1.145218611E0
1.016515193E1,5.722580552E-1,-6.515101790E-1,-1.134222984E0
1.016749896E1,6.101316810E-1,-6.563970447E-1,-1.112231851E0
1.016984682E1,6.614443064E-1,-6.649491787E-1,-1.076801777E0
1.017219385E1,7.200873494E-1,-6.759447455E-1,-1.034041166E0
1.017454016E1,7.836172581E-1,-6.881620288E-1,-9.851720929E-1
1.017688729E1,8.508123755E-1,-6.942706704E-1,-9.314160347E-1
1.017923510E1,9.338899851E-1,-7.089314461E-1,-8.715512753E-1
1.018158214E1,1.027963161E0,-7.272573709E-1,-8.067995906E-1
1.018392844E1,1.118371129E0,-7.309225798E-1,-7.469348907E-1
1.018627547E1,1.233213663E0,-7.455832958E-1,-6.809614897E-1
1.018862333E1,1.341947556E0,-7.455832958E-1,-6.235401630E-1
1.019097036E1,1.447016239E0,-7.419181466E-1,-5.710058212E-1
1.019331667E1,1.561858892E0,-7.455832958E-1,-5.233584046E-1
1.019566380E1,1.671814561E0,-7.382529378E-1,-4.818195403E-1
1.019801161E1,1.768331170E0,-7.174835205E-1,-4.500545859E-1
1.020035865E1,1.870956421E0,-7.016010284E-1,-4.207330644E-1
1.020270495E1,1.958920956E0,-6.576188207E-1,-4.048506021E-1
1.020505198E1,2.040776968E0,-6.075279117E-1,-3.926332891E-1
1.020739990E1,2.107972145E0,-5.391110182E-1,-3.853029311E-1
1.020974688E1,2.164171696E0,-4.584769011E-1,-3.804160058E-1
1.021209318E1,2.221592903E0,-3.753992915E-1,-3.730856180E-1
1.021444031E1,2.257023096E0,-2.739957571E-1,-3.755290806E-1
1.021678812E1,2.297340155E0,-1.823660135E-1,-3.730856180E-1
1.021913516E1,2.343765736E0,-9.928842634E-2,-3.706421554E-1
1.022148146E1,2.380417824E0,-1.010217518E-2,-3.718639016E-1
1.022382849E1,2.418291330E0,5.831466988E-2,-3.743073642E-1
1.022617641E1,2.452499628E0,1.218446121E-1,-3.779725432E-1
1.022852338E1,2.483042955E0,1.560530365E-1,-3.828594685E-1
1.023086969E1,2.500147104E0,1.597182155E-1,-3.889681101E-1
1.023321682E1,2.509921074E0,1.181794181E-1,-3.938550353E-1
1.023556464E1,2.518473148E0,4.365392029E-2,-3.889681101E-1
1.023791167E1,2.530690432E0,-3.820195049E-2,-3.853029311E-1
1.024025797E1,2.557568550E0,-1.249447390E-1,-3.828594685E-1
1.024260500E1,2.591776848E0,-1.933615804E-1,-3.865246475E-1
1.024495292E1,2.632093906E0,-2.483394146E-1,-3.914115727E-1
1.024729990E1,2.673632860E0,-2.837695777E-1,-4.060723186E-1
1.024964620E1,2.727388859E0,-3.179780245E-1,-4.256199896E-1
1.025199333E1,2.781144857E0,-3.436343372E-1,-4.561632276E-1
1.025434115E1,2.838566303E0,-3.582950830E-1,-5.001454949E-1
1.025668818E1,2.893543959E0,-3.521864414E-1,-5.502364039E-1
1.025903448E1,2.942413330E0,-3.326387703E-1,-6.064359546E-1
1.026138151E1,2.988838911E0,-3.033172488E-1,-6.540834308E-1
1.026372943E1,3.032821178E0,-2.678871155E-1,-6.809614897E-1
1.026607641E1,3.048703671E0,-2.141309977E-1,-6.944004893E-1
1.026842271E1,3.054812431E0,-1.615966260E-1,-6.956222057E-1
1.027076984E1,3.047482014E0,-1.139491722E-1,-6.797397733E-1
1.027311766E1,3.021825552E0,-6.752345711E-2,-6.504182220E-1
1.027546469E1,3.002278090E0,-5.530615896E-2,-6.101011634E-1
1.027781099E1,2.983952045E0,-7.118865103E-2,-5.722275376E-1
1.028015802E1,2.969291210E0,-1.029536054E-1,-5.258018374E-1
1.028250594E1,2.953408718E0,-1.151709035E-1,-4.732674360E-1
1.028485292E1,2.939969778E0,-9.073632210E-2,-4.121809602E-1
1.028719922E1,2.932639360E0,-3.698022291E-2,-3.547596931E-1
1.028954635E1,2.925308943E0,5.587121472E-2,-3.083339632E-1
1.029189417E1,2.936304569E0,1.633834243E-1,-2.790124714E-1
1.029424120E1,2.954630613E0,2.757824957E-1,-2.741255462E-1
1.029658750E1,2.965626001E0,4.065075517E-1,-2.924514711E-1
1.029893453E1,2.982730389E0,5.360108614E-1,-3.119991422E-1
1.030128245E1,2.994947672E0,6.435230374E-1,-3.339902759E-1
1.030362943E1,3.007164955E0,7.119399309E-1,-3.596465886E-1
1.030597573E1,3.019382238E0,7.644742727E-1,-3.865246475E-1
1.030832286E1,3.035264730E0,8.060130477E-1,-4.182896018E-1
1.031067068E1,3.053590536E0,8.292259574E-1,-4.524980485E-1
1.031301771E1,3.070694923E0,8.463301659E-1,-4.977020621E-1
1.031536401E1,3.092685938E0,8.389997482E-1,-5.477929711E-1
1.031771104E1,3.112233639E0,8.072348237E-1,-5.991055965E-1
1.032005896E1,3.139111757E0,7.571439147E-1,-6.528617144E-1
1.032240594E1,3.168433189E0,7.058312893E-1,-7.053960562E-1
1.032475224E1,3.202641726E0,6.508534551E-1,-7.579304576E-1
1.032709938E1,3.234406710E0,6.093146205E-1,-8.153517246E-1
1.032944719E1,3.262506485E0,5.665541291E-1,-8.752164841E-1
1.033179422E1,3.288162708E0,5.091328025E-1,-9.338594675E-1
1.033414052E1,3.296714783E0,4.346073270E-1,-1.002276182E0
1.033648755E1,3.299158335E0,3.429776132E-1,-1.073136568E0
1.033883547E1,3.290606260E0,2.391306460E-1,-1.147662044E0
1.034118245E1,3.288162708E0,1.267315149E-1,-1.217300653E0
1.034352875E1,3.286941051E0,1.555414125E-2,-1.284495711E0
1.034587588E1,3.288162708E0,-1.090622619E-1,-1.349247456E0
1.034822370E1,3.284497499E0,-2.214613557E-1,-1.411555648E0
1.035057073E1,3.277167082E0,-3.191997409E-1,-1.472642064E0
1.035291703E1,3.258841276E0,-4.230467379E-1,-1.545945883E0
1.035526417E1,3.208750248E0,-5.525500774E-1,-1.647349358E0
1.035761198E1,3.141555071E0,-6.979358792E-1,-1.752418160E0
1.035995896E1,3.062142849E0,-8.140001893E-1,-1.855043411E0
1.036230526E1,2.980286837E0,-9.031864405E-1,-1.945451379E0
1.036465240E1,2.893543959E0,-9.630511403E-1,-2.023642063E0
1.036700021E1,2.812909842E0,-9.960378408E-1,-2.078619957E0
1.036934724E1,2.740827799E0,-9.862639904E-1,-2.103054523E0
1.037169354E1,2.689515352E0,-9.569424987E-1,-2.100610971E0
1.037404068E1,2.649198294E0,-9.031864405E-1,-2.068845987E0
1.037638849E1,2.623541832E0,-8.152219057E-1,-2.011424780E0
1.037873547E1,2.608881235E0,-6.893837452E-1,-1.936899304E0
1.038108177E1,2.617433310E0,-5.696542859E-1,-1.859930277E0
1.038342891E1,2.617433310E0,-4.144946337E-1,-1.782961369E0
1.038577672E1,2.614989758E0,-2.324569523E-1,-1.707214117E0
1.038812375E1,2.607659340E0,-2.354119718E-2,-1.643684268E0
1.039047005E1,2.578337908E0,2.134743035E-1,-1.591149807E0
1.039281719E1,2.530690432E0,4.553767145E-1,-1.547167540E0
1.039516500E1,2.464717150E0,6.642924547E-1,-1.509294033E0
1.039751198E1,2.373087406E0,8.536605239E-1,-1.476307273E0
1.039985828E1,2.264353514E0,1.019815683E0,-1.434768438E0
1.040220542E1,2.143402100E0,1.167644978E0,-1.367573380E0
1.040455323E1,1.994351029E0,1.272713780E0,-1.308930397E0
1.040690026E1,1.834304571E0,1.320361137E0,-1.279608846E0
1.040924656E1,1.682810068E0,1.328913331E0,-1.278387070E0
1.041159359E1,1.534980774E0,1.317917705E0,-1.294269562E0
1.041394151E1,1.405477524E0,1.261718154E0,-1.310152054E0
1.041628849E1,1.285748005E0,1.165201545E0,-1.321147680E0
1.041863479E1,1.175792336E0,1.013707042E0,-1.311373830E0
1.042098193E1,1.085384369E0,8.023478985E-1,-1.277165413E0
1.042332974E1,9.998633862E-1,5.506716371E-1,-1.217300653E0
1.042567677E1,9.180074930E-1,2.782259583E-1,-1.134222984E0
1.042802307E1,8.459254503E-1,-1.498909295E-2,-1.032819510E0
1.043037010E1,7.689565420E-1,-3.191997409E-1,-9.204204679E-1
1.043271802E1,6.858789325E-1,-6.270755529E-1,-8.104647994E-1
1.043506500E1,6.076882482E-1,-9.325079322E-1,-7.273871899E-1
1.043741130E1,5.270540714E-1,-1.206175327E0,-6.809614897E-1
1.043975844E1,4.415330291E-1,-1.444412589E0,-6.577486396E-1
1.044210625E1,3.560119569E-1,-1.642332673E0,-6.467530727E-1
1.044445328E1,2.802647352E-1,-1.818261743E0,-6.443095803E-1
1.044679958E1,1.947436780E-1,-1.939213037E0,-6.479747891E-1
1.044914672E1,1.128878072E-1,-2.025955677E0,-6.528617144E-1
1.045149453E1,4.324922711E-2,-2.089485645E0,-6.553051472E-1
1.045384151E1,-3.176493570E-3,-2.150572062E0,-6.479747891E-1
1.045618781E1,-4.471529275E-2,-2.187223911E0,-6.357575059E-1
1.045853495E1,-6.670641899E-2,-2.206771612E0,-6.174315214E-1
1.046088276E1,-8.136717975E-2,-2.206771612E0,-5.991055965E-1
1.046322979E1,-8.014544845E-2,-2.190889120E0,-5.746710300E-1
1.046557609E1,-6.059777737E-2,-2.154237270E0,-5.465712547E-1
1.046792312E1,-3.371972591E-2,-2.099259377E0,-5.172497034E-1
1.047027104E1,-3.176493570E-3,-2.019846916E0,-4.891499281E-1
1.047261802E1,3.469712287E-2,-1.930660844E0,-4.634936154E-1
1.047496432E1,7.623592019E-2,-1.834144235E0,-4.402807355E-1
1.047731146E1,1.177747175E-1,-1.729075551E0,-4.219548106E-1
1.047965927E1,1.642004400E-1,-1.619119883E0,-4.085157812E-1
1.048200630E1,2.094044238E-1,-1.501833797E0,-3.950767517E-1
1.048435260E1,2.472780496E-1,-1.372330546E0,-3.877463639E-1
1.048669964E1,2.937037647E-1,-1.250157595E0,-3.767508268E-1
1.048904755E1,3.352425694E-1,-1.121876001E0,-3.645335138E-1
1.049139453E1,3.767813742E-1,-9.997030497E-1,-3.449858427E-1
1.049374083E1,4.158767164E-1,-8.738648891E-1,-3.266599178E-1
1.049608797E1,4.476416707E-1,-7.541354299E-1,-3.022253215E-1
1.049843578E1,4.781849086E-1,-6.405146122E-1,-2.753472626E-1
1.050078281E1,5.038412213E-1,-5.366675854E-1,-2.496909350E-1
1.050312911E1,5.197237134E-1,-4.303771257E-1,-2.264780998E-1
1.050547615E1,5.380496383E-1,-3.387474120E-1,-2.057086974E-1
1.050782406E1,5.490452051E-1,-2.532263398E-1,-1.861610264E-1
1.051017104E1,5.551538467E-1,-1.811442971E-1,-1.678350866E-1
1.051251734E1,5.527104139E-1,-1.237230077E-1,-1.482874155E-1
1.051486448E1,5.429365635E-1,-7.729729265E-2,-1.250745505E-1
1.051721229E1,5.233888626E-1,-4.553233087E-2,-9.941823781E-2
1.051955932E1,5.001760125E-1,-3.087157756E-2,-6.887499988E-2
1.052190562E1,4.708545208E-1,-2.598465979E-2,-3.466657177E-2
1.052425266E1,4.329809248E-1,-3.942368180E-2,3.207039787E-3
1.052660057E1,3.877769411E-1,-5.652789026E-2,4.352411255E-2
1.052894755E1,3.315773606E-1,-6.507999450E-2,8.017598838E-2
1.053129385E1,2.875951231E-1,-1.066187993E-1,1.217147931E-1
1.053364099E1,2.301738113E-1,-1.359403133E-1,1.583666801E-1
1.053598880E1,1.715307981E-1,-1.603748798E-1,1.937968433E-1
1.053833583E1,1.080008969E-1,-1.799225509E-1,2.243400663E-1
1.054068214E1,4.569268972E-2,-2.006919682E-1,2.536615729E-1
1.054302917E1,-1.539378799E-2,-2.190178931E-1,2.829830945E-1
1.054537708E1,-7.648025453E-2,-2.251265645E-1,3.110828698E-1
1.054772406E1,-1.412319243E-1,-2.251265645E-1,3.391826451E-1
1.055007036E1,-2.035401314E-1,-2.202396393E-1,3.660606742E-1
1.055241750E1,-2.658483088E-1,-2.043571472E-1,3.917170167E-1
1.055476531E1,-3.269347847E-1,-1.958050430E-1,4.185950458E-1
1.055711234E1,-3.892430067E-1,-1.701487303E-1,4.442513585E-1
1.055945865E1,-4.491077363E-1,-1.408272386E-1,4.662424922E-1
1.056180568E1,-5.126376748E-1,-1.053970680E-1,4.845684469E-1
1.056415359E1,-5.773892999E-1,-7.118865103E-2,5.028944016E-1
1.056650057E1,-6.470279098E-1,-4.431059957E-2,5.224420428E-1
1.056884688E1,-7.142230272E-1,-2.476292849E-2,5.371027589E-1
1.057119401E1,-7.899702787E-1,-8.880445734E-3,5.505418181E-1
1.057354182E1,-8.693826795E-1,-7.658716291E-3,5.603156686E-1
1.057588885E1,-9.475733638E-1,-2.476292849E-2,5.676460266E-1
1.057823516E1,-1.029429317E0,-6.019308418E-2,5.676460266E-1
1.058058219E1,-1.112506866E0,-1.090622619E-1,5.676460266E-1
1.058293010E1,-1.185810685E0,-1.762573719E-1,5.664243102E-1
1.058527708E1,-1.251784086E0,-2.581132650E-1,5.603156686E-1
1.058762338E1,-1.303096652E0,-3.338604867E-1,5.493201017E-1
1.058997052E1,-1.329974771E0,-3.876166046E-1,5.334376097E-1
1.059231833E1,-1.327531219E0,-4.096077085E-1,5.114464760E-1
1.059466536E1,-1.295766354E0,-3.839513958E-1,4.821249843E-1
1.059701167E1,-1.240788460E0,-3.179780245E-1,4.466948211E-1
1.059935870E1,-1.152823925E0,-2.434525192E-1,4.063777626E-1
1.060170661E1,-1.052642107E0,-1.506010592E-1,3.513999283E-1
1.060405359E1,-9.329125881E-1,-6.019308418E-2,2.854265571E-1
1.060639990E1,-7.911919951E-1,9.445495903E-3,2.084575891E-1
1.060874703E1,-6.409192681E-1,6.075813249E-2,1.217147931E-1
1.061109484E1,-4.820944071E-1,7.664062083E-2,3.008508682E-2
1.061344188E1,-3.257130682E-1,7.175369561E-2,-7.009673119E-2
1.061578818E1,-1.668882519E-1,3.021489456E-2,-1.776089072E-1
1.061813521E1,-1.417205669E-2,-3.575849533E-2,-2.961166799E-1
1.062048312E1,1.336572021E-1,-1.225012764E-1,-4.158461690E-1
1.062283010E1,2.704909146E-1,-2.275699973E-1,-5.270235538E-1
1.062517641E1,3.963290453E-1,-3.497429788E-1,-6.272053719E-1
1.062752354E1,5.062846541E-1,-4.816897511E-1,-7.115046978E-1
1.062987135E1,5.905840397E-1,-6.173017025E-1,-7.762563825E-1
1.063221838E1,6.541139483E-1,-7.578006387E-1,-8.275690079E-1
1.063456469E1,6.907658577E-1,-9.019646645E-1,-8.654426336E-1
1.063691172E1,7.029831409E-1,-1.040020108E0,-8.898772001E-1
1.063925964E1,6.871006489E-1,-1.165858269E0,-9.082031250E-1
1.064160661E1,6.651095152E-1,-1.288031220E0,-9.204204679E-1
1.064395292E1,6.394531727E-1,-1.388213038E0,-9.326377511E-1
1.064630005E1,6.137968898E-1,-1.465181947E0,-9.460767508E-1
1.064864786E1,5.869188309E-1,-1.509164214E0,-9.717330933E-1
1.065099490E1,5.685929060E-1,-1.531155348E0,-1.002276182E0
1.065334120E1,5.490452051E-1,-1.510385990E0,-1.038928151E0
1.065568823E1,5.270540714E-1,-1.430973530E0,-1.076801777E0
1.065803609E1,5.062846541E-1,-1.305135369E0,-1.117118835E0
1.066038313E1,4.830718338E-1,-1.135315061E0,-1.148883820E0
1.066272943E1,4.659676254E-1,-8.982995152E-1,-1.164766312E0
1.066507656E1,4.635241628E-1,-5.989757776E-1,-1.152549028E0
1.066742438E1,4.965108931E-1,-2.715522945E-1,-1.091462493E0
1.066977141E1,5.600407720E-1,8.274926990E-2,-9.949459434E-1
1.067211771E1,6.382314563E-1,4.431594312E-1,-8.752164841E-1
1.067446474E1,7.139787078E-1,7.498134971E-1,-7.444913983E-1
1.067681260E1,7.836172581E-1,9.636161923E-1,-6.113228798E-1
1.067915964E1,8.398168087E-1,1.077237010E0,-4.964802861E-1
1.068150594E1,8.801338673E-1,1.107780218E0,-4.158461690E-1
1.068385307E1,9.057902098E-1,1.076015234E0,-3.633117974E-1
1.068620088E1,8.972381353E-1,1.018594027E0,-3.388772011E-1
1.068854792E1,8.691383004E-1,9.294077754E-1,-3.278816342E-1
1.069089422E1,8.275995255E-1,8.096782565E-1,-3.217729926E-1
1.069324125E1,7.713999748E-1,6.594055295E-1,-3.205512464E-1
1.069558911E1,7.115352154E-1,4.822547734E-1,-3.242164552E-1
1.069793615E1,6.406749487E-1,2.867780626E-1,-3.291033804E-1
1.070028245E1,5.783666968E-1,6.197986379E-2,-3.364337385E-1
1.070262958E1,5.148367882E-1,-1.628183424E-1,-3.559814095E-1
1.070497740E1,4.525285959E-1,-3.912817836E-1,-3.853029311E-1
1.070732438E1,3.999942243E-1,-6.160799861E-1,-4.231765270E-1
1.070967068E1,3.535684943E-1,-8.201088309E-1,-4.732674360E-1
1.071201781E1,3.230252564E-1,-1.011920333E0,-5.306887627E-1
1.071436563E1,2.875951231E-1,-1.163414836E0,-6.027708054E-1
1.071671266E1,2.594953477E-1,-1.285587788E0,-6.870701313E-1
1.071905896E1,2.521649599E-1,-1.379660845E0,-7.786998153E-1
1.072140609E1,2.436128408E-1,-1.401651978E0,-8.874337673E-1
1.072375391E1,2.594953477E-1,-1.372330546E0,-1.003497958E0
1.072610089E1,2.888168395E-1,-1.292918086E0,-1.112231851E0
1.072844719E1,3.218035400E-1,-1.176853776E0,-1.208748579E0
1.073079432E1,3.608988822E-1,-1.019250751E0,-1.286939263E0
1.073314214E1,3.938855827E-1,-8.311043978E-1,-1.352912664E0
1.073548917E1,4.207636118E-1,-6.270755529E-1,-1.405447006E0
1.073783547E1,4.390895665E-1,-4.279336631E-1,-1.439655423E0
1.074018260E1,4.342026412E-1,-2.312352061E-1,-1.460424781E0
1.074253042E1,4.122115076E-1,-8.096248657E-2,-1.468976855E0
1.074487740E1,3.755596280E-1,3.336848691E-3,-1.468976855E0
1.074722370E1,3.352425694E-1,3.021489456E-2,-1.465311766E0
1.074957083E1,2.839299142E-1,1.555414125E-2,-1.461646557E0
1.075191865E1,2.106261402E-1,-1.010217518E-2,-1.450650930E0
1.075426568E1,1.214399114E-1,-2.476292849E-2,-1.431103349E0
1.075661198E1,2.003636770E-2,-2.476292849E-2,-1.388342738E0
1.075895901E1,-1.106886864E-1,1.311068423E-2,-1.322369337E0
1.076130693E1,-2.609614134E-1,7.541888952E-2,-1.242956996E0
1.076365391E1,-4.148993194E-1,1.450574696E-1,-1.157435894E0
1.076600021E1,-5.688372254E-1,2.012570202E-1,-1.068249702E0
1.076834734E1,-7.105578184E-1,2.232481539E-1,-9.802851677E-1
1.077069516E1,-8.376176953E-1,1.951483786E-1,-8.959858418E-1
1.077304219E1,-9.585689306E-1,1.389488280E-1,-8.092430830E-1
1.077538849E1,-1.066081166E0,5.098429695E-2,-7.225002646E-1
1.077773552E1,-1.161376119E0,-6.263654679E-2,-6.369792223E-1
1.078008344E1,-1.251784086E0,-1.811442971E-1,-5.429060459E-1
1.078243042E1,-1.327531219E0,-3.143128157E-1,-4.341720939E-1
1.078477672E1,-1.404500246E0,-4.425944090E-1,-3.132208884E-1
1.078712385E1,-1.479025722E0,-5.782063603E-1,-1.727219969E-1
1.078947167E1,-1.544999123E0,-6.991575956E-1,-2.122754976E-2
1.079181870E1,-1.591424823E0,-8.164436221E-1,1.388190091E-1
1.079416500E1,-1.599976897E0,-9.300644398E-1,3.049742281E-1
1.079651203E1,-1.566990256E0,-1.021694183E0,4.650207758E-1
1.079885995E1,-1.492464781E0,-1.097441435E0,6.214020848E-1
1.080120693E1,-1.383730769E0,-1.159749627E0,7.704530954E-1
1.080355323E1,-1.249340534E0,-1.208618760E0,9.121736884E-1
1.080590036E1,-1.100289583E0,-1.239161968E0,1.045342326E0
1.080824818E1,-9.500167966E-1,-1.241605520E0,1.174845576E0
1.081059521E1,-8.046309948E-1,-1.220836043E0,1.299461961E0
1.081294151E1,-6.726842523E-1,-1.171966910E0,1.420413256E0
1.081528854E1,-5.688372254E-1,-1.104771733E0,1.534034014E0
1.081763646E1,-4.943117499E-1,-1.013141990E0,1.635437608E0
1.081998344E1,-4.503294826E-1,-9.129602313E-1,1.722180367E0
1.082232974E1,-4.368904531E-1,-8.152219057E-1,1.786932111E0
1.082467688E1,-4.539946616E-1,-7.272573709E-1,1.835801244E0
1.082702469E1,-4.930899739E-1,-6.588405371E-1,1.860235810E0
1.082937172E1,-5.541764498E-1,-6.282972693E-1,1.861457586E0
1.083171802E1,-6.372540593E-1,-6.124148369E-1,1.839466453E0
1.083406505E1,-7.215533853E-1,-6.173017025E-1,1.804036260E0
1.083641292E1,-8.046309948E-1,-6.344059110E-1,1.753945351E0
1.083875995E1,-8.852651715E-1,-6.759447455E-1,1.691637158E0
1.084110625E1,-9.585689306E-1,-7.333660126E-1,1.613446474E0
1.084345338E1,-1.028207541E0,-7.956742048E-1,1.516929865E0
1.084580120E1,-1.092959166E0,-8.530955315E-1,1.405752420E0
1.084814823E1,-1.156489134E0,-8.958560228E-1,1.286023021E0
1.085049448E1,-1.213910460E0,-9.325079322E-1,1.162628293E0
1.085284161E1,-1.254227519E0,-9.679380655E-1,1.044120550E0
1.085518943E1,-1.287214160E0,-1.011920333E0,9.439386725E-1
1.085753646E1,-1.310427070E0,-1.059567809E0,8.657479882E-1
1.085988276E1,-1.318979144E0,-1.108436942E0,8.083267212E-1
1.086222990E1,-1.320200920E0,-1.152419209E0,7.594575286E-1
1.086457771E1,-1.316535711E0,-1.189071059E0,7.215839028E-1
1.086692469E1,-1.305540085E0,-1.215949178E0,6.922624111E-1
1.086927099E1,-1.300653219E0,-1.222057819E0,6.604974270E-1
1.087161813E1,-1.289657712E0,-1.214727402E0,6.348411441E-1
1.087396594E1,-1.283548951E0,-1.185405970E0,6.091848016E-1
1.087631297E1,-1.283548951E0,-1.125541210E0,5.859719515E-1
1.087865927E1,-1.290879369E0,-1.048572183E0,5.700894594E-1
1.088100630E1,-1.307983637E0,-9.520555735E-1,5.615373850E-1
1.088335422E1,-1.318979144E0,-8.592041731E-1,5.639808178E-1
1.088570120E1,-1.327531219E0,-7.724613547E-1,5.823067427E-1
1.088804750E1,-1.336083412E0,-6.967141628E-1,6.079630852E-1
1.089039464E1,-1.344635487E0,-6.234103441E-1,6.446149945E-1
1.089274245E1,-1.359296203E0,-5.635456443E-1,6.898189783E-1
1.089508948E1,-1.375178695E0,-5.061243176E-1,7.386881113E-1
1.089743578E1,-1.389839411E0,-4.523682594E-1,7.924442291E-1
1.089978281E1,-1.405721903E0,-3.900600374E-1,8.449785709E-1
1.090213073E1,-1.430156589E0,-3.106476367E-1,8.938477635E-1
1.090447771E1,-1.447260737E0,-2.129092515E-1,9.366083145E-1
1.090682401E1,-1.470473647E0,-9.562323242E-2,9.732601643E-1
1.090917115E1,-1.494908214E0,4.731911048E-2,1.007468700E0
1.091151896E1,-1.509568930E0,2.000353038E-1,1.036790133E0
1.091386599E1,-1.526673198E0,3.490862548E-1,1.066111684E0
1.091621229E1,-1.548664331E0,4.969155192E-1,1.085659385E0
1.091855932E1,-1.553551197E0,6.080929041E-1,1.106428742E0
1.092090724E1,-1.560881615E0,7.180485725E-1,1.130863309E0
1.092325422E1,-1.571877122E0,8.304476738E-1,1.160184860E0
1.092560052E1,-1.577985764E0,9.281859994E-1,1.187062860E0
1.092794766E1,-1.591424823E0,1.000268102E0,1.210275769E0
1.093029547E1,-1.614637733E0,1.044250369E0,1.223714828E0
1.093264250E1,-1.642737508E0,1.067463160E0,1.234710336E0
1.093498880E1,-1.674502373E0,1.076015234E0,1.244484186E0
1.093733583E1,-1.712375998E0,1.091897726E0,1.251814604E0
1.093968370E1,-1.745362759E0,1.101671576E0,1.259144902E0
1.094203073E1,-1.783236384E0,1.123662710E0,1.267697096E0
1.094437703E1,-1.822331667E0,1.146875620E0,1.277470827E0
1.094672417E1,-1.861427069E0,1.166423202E0,1.290909886E0
1.094907198E1,-1.906630993E0,1.198188186E0,1.314122796E0
1.095141901E1,-1.953056693E0,1.236061811E0,1.350774646E0
1.095376526E1,-2.004369259E0,1.264161587E0,1.395978689E0
1.095611240E1,-2.050795078E0,1.272713780E0,1.442404389E0
1.095846021E1,-2.097220659E0,1.273935437E0,1.491273522E0
1.096080724E1,-2.138759613E0,1.265383363E0,1.531590581E0
1.096315354E1,-2.177854776E0,1.258052945E0,1.560912132E0
1.096550068E1,-2.204732895E0,1.266605020E0,1.581681490E0
1.096784849E1,-2.221837044E0,1.277600646E0,1.592677116E0
1.097019547E1,-2.236497879E0,1.289817929E0,1.596342325E0
1.097254177E1,-2.245049953E0,1.335021973E0,1.584124923E0
1.097488891E1,-2.241384745E0,1.402217031E0,1.565798998E0
1.097723672E1,-2.237719536E0,1.475520849E0,1.537699223E0
1.097958375E1,-2.225502253E0,1.541494250E0,1.507156014E0
1.098193005E1,-2.207176447E0,1.585476518E0,1.477834463E0
1.098427708E1,-2.196180820E0,1.619684935E0,1.449734688E0
1.098662500E1,-2.180298328E0,1.635567307E0,1.430187106E0
1.098897198E1,-2.174189568E0,1.653893352E0,1.405752420E0
1.099131828E1,-2.176633120E0,1.670997500E0,1.381317854E0
1.099366542E1,-2.181519985E0,1.695432067E0,1.353218079E0
1.099601323E1,-2.187628746E0,1.712536335E0,1.327561736E0
1.099836026E1,-2.201067686E0,1.723531842E0,1.299461961E0
1.100070656E1,-2.214506626E0,1.730862260E0,1.273805737E0
1.100305359E1,-2.227945805E0,1.728418827E0,1.251814604E0
1.100540151E1,-2.246271610E0,1.728418827E0,1.226158261E0
1.100774849E1,-2.263375998E0,1.724753618E0,1.200501919E0
1.101009479E1,-2.273149729E0,1.718644977E0,1.174845576E0
1.101244193E1,-2.287810564E0,1.730862260E0,1.147967577E0
1.101478974E1,-2.304914713E0,1.752853394E0,1.123533010E0
1.101713677E1,-2.320797205E0,1.776066303E0,1.099098325E0
1.101948307E1,-2.336679697E0,1.785840034E0,1.073442101E0
1.102183010E1,-2.356227398E0,1.785840034E0,1.042898774E0
1.102417802E1,-2.367222786E0,1.767514110E0,1.014798999E0
1.102652500E1,-2.378218412E0,1.747966528E0,9.818122983E-1
1.102887130E1,-2.385548830E0,1.719866753E0,9.488255978E-1
1.103121844E1,-2.392879248E0,1.684436560E0,9.146171808E-1
1.103356625E1,-2.398987770E0,1.634345651E0,8.779652715E-1
1.103591328E1,-2.403874874E0,1.565928817E0,8.425351381E-1
1.103825958E1,-2.408761740E0,1.484072924E0,8.095484376E-1
1.104060661E1,-2.413648605E0,1.389999747E0,7.790052295E-1
1.104295448E1,-2.411205053E0,1.280044079E0,7.521271706E-1
1.104530151E1,-2.411205053E0,1.165201545E0,7.313577533E-1
1.104764781E1,-2.405096531E0,1.058911085E0,7.154752612E-1
1.104999495E1,-2.401431322E0,9.868290424E-1,6.983710527E-1
1.105234276E1,-2.394100904E0,9.330729246E-1,6.824885607E-1
1.105468974E1,-2.384327173E0,9.013079405E-1,6.653843522E-1
1.105703604E1,-2.374553204E0,8.951992989E-1,6.458367109E-1
1.105938318E1,-2.366001129E0,9.049731493E-1,6.287325025E-1
1.106173099E1,-2.355005503E0,9.245208502E-1,6.226238608E-1
1.106407802E1,-2.346453428E0,9.452902079E-1,5.920805931E-1
1.106642432E1,-2.362335920E0,9.318512082E-1,5.322158337E-1
1.106877135E1,-2.413648605E0,8.218955398E-1,4.784598053E-1
1.107111927E1,-2.462517738E0,6.203101873E-1,4.515817463E-1
1.107346625E1,-2.496726274E0,3.588601053E-1,4.564686716E-1
1.107581255E1,-2.508943558E0,9.374482185E-2,4.796815217E-1
1.107815969E1,-2.494282722E0,-1.567097008E-1,5.016726851E-1
1.108050750E1,-2.449078798E0,-3.839513958E-1,5.175551176E-1
1.108285453E1,-2.389214039E0,-5.574370027E-1,5.175551176E-1
1.108520083E1,-2.333014488E0,-6.551753283E-1,5.004509687E-1
1.108754786E1,-2.273149729E0,-6.771664619E-1,4.784598053E-1
1.108989578E1,-2.207176447E0,-6.637274623E-1,4.552469254E-1
1.109224276E1,-2.137537718E0,-6.295190454E-1,4.344775379E-1
1.109458906E1,-2.063012362E0,-5.818715692E-1,4.198167920E-1
1.109693620E1,-1.989708543E0,-5.281154513E-1,4.063777626E-1
1.109928401E1,-1.921291828E0,-4.841331840E-1,3.953821957E-1
1.110163104E1,-1.855318427E0,-4.499247968E-1,3.917170167E-1
1.110397734E1,-1.791788459E0,-4.218250215E-1,3.978256583E-1
1.110632438E1,-1.727036834E0,-4.181598425E-1,4.149298668E-1
1.110867224E1,-1.665950298E0,-4.364857674E-1,4.418079257E-1
1.111101927E1,-1.604863882E0,-4.633638263E-1,4.760163426E-1
1.111336557E1,-1.540112138E0,-4.951287508E-1,5.126681924E-1
1.111571271E1,-1.475360513E0,-5.183416605E-1,5.542069674E-1
1.111806052E1,-1.417939305E0,-5.305589437E-1,5.981892347E-1
1.112040755E1,-1.361739635E0,-5.378893018E-1,6.348411441E-1
1.112275380E1,-1.307983637E0,-5.268937349E-1,6.714929938E-1
1.112510094E1,-1.260336161E0,-5.024591684E-1,7.057014704E-1
1.112744875E1,-1.220019102E0,-4.621420801E-1,7.350229621E-1
1.112979578E1,-1.182145476E0,-4.083859921E-1,7.619010210E-1
1.113214208E1,-1.154045701E0,-3.301953077E-1,7.875573039E-1
1.113448922E1,-1.128389359E0,-2.434525192E-1,8.144353628E-1
1.113683703E1,-1.102733016E0,-1.506010592E-1,8.388699293E-1
1.113918401E1,-1.085628867E0,-5.164097995E-2,8.608610630E-1
1.114153031E1,-1.066081166E0,4.243219271E-2,8.816304803E-1
1.114387745E1,-1.040424824E0,1.279532611E-1,9.036216140E-1
1.114622526E1,-1.014768362E0,2.122525871E-1,9.219475389E-1
1.114857229E1,-9.793383479E-1,2.806694210E-1,9.378300309E-1
1.115091859E1,-9.463516474E-1,3.600818217E-1,9.524908066E-1
1.115326563E1,-9.060345292E-1,4.248334765E-1,9.671515226E-1
1.115561354E1,-8.632740378E-1,4.859199524E-1,9.805905819E-1
1.115796052E1,-8.156265616E-1,5.433412194E-1,9.940295815E-1
1.116030682E1,-7.740877867E-1,5.970973372E-1,1.005025268E0
1.116265396E1,-7.337706685E-1,6.520751715E-1,1.011133909E0
1.116500177E1,-6.922318935E-1,7.009443641E-1,1.018464208E0
1.116734880E1,-6.580234766E-1,7.534787059E-1,1.025794625E0
1.116969510E1,-6.323671341E-1,8.060130477E-1,1.030681491E0
1.117204214E1,-6.067108512E-1,8.597691655E-1,1.034346700E0
1.117439005E1,-5.847197175E-1,9.086383581E-1,1.036790133E0
1.117673703E1,-5.725024343E-1,9.611726999E-1,1.039233685E0
1.117908333E1,-5.639503002E-1,1.007598400E0,1.041677117E0
1.118143047E1,-5.541764498E-1,1.040585160E0,1.044120550E0
1.118377828E1,-5.492895246E-1,1.052802444E0,1.047785759E0
1.118612531E1,-5.480678082E-1,1.055245876E0,1.051450968E0
1.118847161E1,-5.541764498E-1,1.052802444E0,1.049007416E0
1.119081865E1,-5.541764498E-1,1.024702668E0,1.047785759E0
1.119316651E1,-5.566199422E-1,9.856072664E-1,1.035568476E0
1.119551354E1,-5.578416586E-1,9.465119839E-1,1.013577342E0
1.119785984E1,-5.505113006E-1,8.976427913E-1,9.818122983E-1
1.120020698E1,-5.407374501E-1,8.524388075E-1,9.390517473E-1
1.120255479E1,-5.297418833E-1,8.096782565E-1,8.828521967E-1
1.120490177E1,-5.126376748E-1,7.693611979E-1,8.254309297E-1
1.120724807E1,-4.857596159E-1,7.278223634E-1,7.631227374E-1
1.120959521E1,-4.552163780E-1,6.850618720E-1,7.008145452E-1
1.121194302E1,-4.197862446E-1,6.435230374E-1,6.360628605E-1
1.121429005E1,-3.806909025E-1,5.922104120E-1,5.713111758E-1
1.121663635E1,-3.379303515E-1,5.372325778E-1,5.053378344E-1
1.121898339E1,-2.902829051E-1,4.883634448E-1,4.381427169E-1
1.122133130E1,-2.353050858E-1,4.248334765E-1,3.770562410E-1
1.122367828E1,-1.864359230E-1,3.588601053E-1,3.135263324E-1
1.122602458E1,-1.363449991E-1,2.782259583E-1,2.536615729E-1
1.122837172E1,-9.847138822E-2,2.085874081E-1,1.925751120E-1
1.123071953E1,-6.548469514E-2,1.450574696E-1,1.363755465E-1
1.123306656E1,-4.105010629E-2,9.496655315E-2,8.261945099E-2
1.123541286E1,-2.150243707E-2,3.998873010E-2,2.886335924E-2
1.123775990E1,-9.285138920E-3,-7.658716291E-3,-2.122754976E-2
1.124010781E1,-6.841683760E-3,-5.041924864E-2,-7.254018635E-2
1.124245479E1,-9.285138920E-3,-8.829285949E-2,-1.214093640E-1
1.124480109E1,-1.539378799E-2,-1.249447390E-1,-1.739437282E-1
1.124714823E1,-2.761108242E-2,-1.518227756E-1,-2.252563685E-1
1.124949604E1,-3.982837498E-2,-1.701487303E-1,-2.716820836E-1
1.125184307E1,-5.693258345E-2,-1.848094761E-1,-3.181078136E-1
1.125418938E1,-7.403679937E-2,-1.921398640E-1,-3.608683348E-1
1.125653641E1,-9.358447045E-2,-1.970267892E-1,-3.975202143E-1
1.125888427E1,-1.204625219E-1,-1.933615804E-1,-4.329503775E-1
1.126123130E1,-1.424536407E-1,-1.860312223E-1,-4.659370482E-1
1.126357760E1,-1.656665057E-1,-1.640400887E-1,-5.038107038E-1
1.126592474E1,-1.852141768E-1,-1.334968507E-1,-5.502364039E-1
1.126827255E1,-2.023183852E-1,-8.462766558E-2,-6.125445962E-1
1.127061953E1,-2.120922357E-1,-2.598465979E-2,-6.919570565E-1
1.127296583E1,-2.145356983E-1,3.876700252E-2,-7.811433077E-1
1.127531297E1,-2.084270567E-1,9.863174707E-2,-8.752164841E-1
1.127766078E1,-1.974314898E-1,1.426140070E-1,-9.705113769E-1
1.128000781E1,-1.766620725E-1,1.658268571E-1,-1.064584494E0
1.128235411E1,-1.546709388E-1,1.792658865E-1,-1.152549028E0
1.128470115E1,-1.253494322E-1,1.817093492E-1,-1.235626578E0
1.128704906E1,-8.381063491E-2,1.621616781E-1,-1.301599979E0
1.128939604E1,-4.105010629E-2,1.340619028E-1,-1.356577754E0
1.129174234E1,7.819071412E-3,8.641444892E-2,-1.396894813E0
1.129408948E1,5.790998042E-2,2.777143940E-2,-1.423772931E0
1.129643729E1,1.128878072E-1,-4.308886826E-2,-1.438433647E0
1.129878432E1,1.715307981E-1,-1.237230077E-1,-1.440877080E0
1.130113062E1,2.350607365E-1,-2.116875350E-1,-1.434768438E0
1.130347766E1,3.010341525E-1,-3.045389950E-1,-1.422551155E0
1.130582557E1,3.657858074E-1,-3.802862167E-1,-1.409112215E0
1.130817255E1,4.390895665E-1,-4.535899758E-1,-1.388342738E0
1.131051885E1,5.148367882E-1,-5.134547353E-1,-1.362686396E0
1.131286599E1,5.954709649E-1,-5.635456443E-1,-1.334586620E0
1.131521380E1,6.822137237E-1,-6.124148369E-1,-1.301599979E0
1.131756083E1,7.799521089E-1,-6.661708951E-1,-1.267391562E0
1.131990708E1,8.813556433E-1,-7.199270129E-1,-1.228296161E0
1.132225422E1,9.864243269E-1,-7.700179219E-1,-1.189200878E0
1.132460203E1,1.104932070E0,-8.164436221E-1,-1.142775178E0
1.132694906E1,1.235657096E0,-8.628693223E-1,-1.095127702E0
1.132929536E1,1.373712540E0,-9.031864405E-1,-1.049923658E0
1.133164250E1,1.515433192E0,-9.361730814E-1,-1.009606600E0
1.133399031E1,1.663262367E0,-9.691597819E-1,-9.729548097E-1
1.133633729E1,1.811091661E0,-1.000924706E0,-9.363029003E-1
1.133868359E1,1.947925329E0,-1.020472407E0,-9.020944834E-1
1.134103073E1,2.077428818E0,-1.024137616E0,-8.629991412E-1
1.134337854E1,2.192271471E0,-1.014363766E0,-8.263472915E-1
1.134572557E1,2.292453289E0,-9.825987816E-1,-7.958040237E-1
1.134807188E1,2.381639481E0,-9.325079322E-1,-7.713694572E-1
1.135041891E1,2.464717150E0,-8.530955315E-1,-7.554869652E-1
1.135276682E1,2.542907715E0,-7.602440715E-1,-7.481566072E-1
1.135511380E1,2.616211414E0,-6.661708951E-1,-7.469348907E-1
1.135746010E1,2.683406591E0,-5.806498528E-1,-7.493783236E-1
1.135980724E1,2.746936560E0,-5.036808848E-1,-7.542652488E-1
1.136215505E1,2.809244633E0,-4.303771257E-1,-7.652608156E-1
1.136450208E1,2.866666079E0,-3.631820083E-1,-7.799215317E-1
1.136684838E1,2.924087286E0,-2.947651446E-1,-7.994692326E-1
1.136919542E1,2.988838911E0,-2.287917435E-1,-8.226820827E-1
1.137154328E1,3.045038462E0,-1.518227756E-1,-8.434514999E-1
1.137389031E1,3.097572803E0,-5.774962157E-2,-8.568904996E-1
1.137623661E1,3.150107145E0,4.854083434E-2,-8.605557084E-1
1.137858375E1,3.194089413E0,1.719355285E-1,-8.581122160E-1
1.138093156E1,3.233184814E0,2.965518832E-1,-8.422297835E-1
1.138327854E1,3.271058559E0,4.236117601E-1,-8.116865158E-1
1.138562484E1,3.304045200E0,5.457847118E-1,-7.640390992E-1
1.138797198E1,3.326036215E0,6.594055295E-1,-6.968439817E-1
1.139031979E1,3.344362259E0,7.290441394E-1,-6.137663722E-1
1.139266682E1,3.350470781E0,7.327092886E-1,-5.111410618E-1
1.139501312E1,3.339475393E0,7.131616473E-1,-3.938550353E-1
1.139736016E1,3.324814558E0,6.960574389E-1,-2.692386210E-1
1.139970807E1,3.318706036E0,6.887270212E-1,-1.446222216E-1
1.140205505E1,3.335810184E0,6.899487972E-1,-2.611446753E-2
1.140440135E1,3.360244751E0,7.156050801E-1,8.261945099E-2
1.140674849E1,3.381014109E0,7.571439147E-1,1.852447242E-1
1.140909630E1,3.388344526E0,7.913523316E-1,2.768744528E-1
1.141144333E1,3.378570557E0,8.133434653E-1,3.587303162E-1
1.141378964E1,3.343140602E0,8.353345990E-1,4.283688962E-1
1.141613667E1,3.293049574E0,8.463301659E-1,4.772380590E-1
1.141848458E1,3.234406710E0,8.512170911E-1,5.016726851E-1
1.142083156E1,3.165989637E0,8.438866735E-1,5.077812672E-1
1.142317786E1,3.102459908E0,8.194521070E-1,4.943422973E-1
1.142552500E1,3.040151596E0,7.815784812E-1,4.723511636E-1
1.142787281E1,2.983952045E0,7.363744974E-1,4.369210005E-1
1.143021984E1,2.941191435E0,6.875053048E-1,3.941604793E-1
1.143256615E1,2.905761480E0,6.276406050E-1,3.440695703E-1
1.143491318E1,2.871552944E0,5.604454279E-1,2.805396318E-1
1.143726104E1,2.837344408E0,5.091328025E-1,2.109010518E-1
1.143960807E1,2.801914454E0,4.504898190E-1,1.327103674E-1
1.144195438E1,2.761597395E0,4.175031185E-1,4.718929902E-2
1.144430151E1,2.720058441E0,4.236117601E-1,-3.833176196E-2
1.144664932E1,2.680963039E0,4.529332519E-1,-1.201876402E-1
1.144899630E1,2.635759115E0,4.895851612E-1,-1.922696680E-1
1.145134260E1,2.586889982E0,5.250152946E-1,-2.557995915E-1
1.145368974E1,2.547794580E0,5.408977866E-1,-3.083339632E-1
1.145603755E1,2.522138357E0,5.531150699E-1,-3.449858427E-1
1.145838458E1,2.509921074E0,5.763279200E-1,-3.730856180E-1
1.146073088E1,2.528246880E0,5.518933535E-1,-3.865246475E-1
1.146307792E1,2.556346655E0,4.969155192E-1,-4.060723186E-1
1.146542583E1,2.586889982E0,4.175031185E-1,-4.390590191E-1
1.146777281E1,2.622320175E0,3.283168674E-1,-4.928151071E-1
1.147011911E1,2.668745756E0,2.305785418E-1,-5.600102544E-1
1.147246625E1,2.710284710E0,1.426140070E-1,-6.369792223E-1
1.147481406E1,2.755488634E0,5.587121472E-2,-7.151699066E-1
1.147716109E1,2.799470901E0,-3.942368180E-2,-7.958040237E-1
1.147950734E1,2.832457542E0,-1.603748798E-1,-8.825468421E-1
1.148185448E1,2.856892109E0,-3.069824576E-1,-9.729548097E-1
1.148420229E1,2.869109392E0,-4.645855427E-1,-1.063362718E0
1.148654932E1,2.865444183E0,-6.148582697E-1,-1.151327252E0
1.148889563E1,2.853226900E0,-7.541354299E-1,-1.238070011E0
1.149124276E1,2.841009617E0,-8.714214563E-1,-1.316260695E0
1.149359057E1,2.833679438E0,-9.606077075E-1,-1.374903679E0
1.149593755E1,2.831235886E0,-1.019250751E0,-1.416442513E0
1.149828385E1,2.836122751E0,-1.036354899E0,-1.448207498E0
1.150063099E1,2.866666079E0,-1.027802825E0,-1.454316139E0
1.150297880E1,2.917978764E0,-9.935944080E-1,-1.427438140E0
1.150532583E1,3.005943298E0,-9.373948574E-1,-1.384677529E0
1.150767214E1,3.111011982E0,-8.530955315E-1,-1.343138814E0
1.151001917E1,3.230741501E0,-7.345877290E-1,-1.313817263E0
1.151236708E1,3.350470781E0,-5.611021519E-1,-1.290604353E0
1.151471406E1,3.462869883E0,-3.326387703E-1,-1.263726354E0
1.151706036E1,3.547169447E0,-6.507999450E-2,-1.238070011E0
1.151940750E1,3.586264610E0,2.146960497E-1,-1.217300653E0
1.152175531E1,3.588708162E0,5.005807281E-1,-1.198974729E0
1.152410234E1,3.556943178E0,8.157868981E-1,-1.174540162E0
1.152644865E1,3.488526344E0,1.143210411E0,-1.142775178E0
1.152879568E1,3.383457661E0,1.486516356E0,-1.106123209E0
1.153114354E1,3.239293575E0,1.827378869E0,-1.071914792E0
1.153349057E1,3.068251371E0,2.134033203E0,-1.040149927E0
1.153583688E1,2.882548571E0,2.363718271E0,-1.010828376E0
1.153818391E1,2.702954292E0,2.455348015E0,-9.802851677E-1
1.154053182E1,2.529468775E0,2.412587404E0,-9.497419596E-1
1.154287880E1,2.365756989E0,2.230549812E0,-9.204204679E-1
1.154522510E1,2.204488754E0,1.927560687E0,-8.996510506E-1
1.154757224E1,2.044442177E0,1.508507490E0,-8.825468421E-1
1.154992005E1,1.884395480E0,1.014928818E0,-8.727729917E-1
1.155226708E1,1.718240261E0,4.871416688E-1,-8.642209172E-1
1.155461339E1,1.533759117E0,-2.720638737E-2,-8.605557084E-1
1.155696042E1,1.352943182E0,-5.158981681E-1,-8.544470668E-1
1.155930833E1,1.180679321E0,-9.569424987E-1,-8.544470668E-1
1.156165531E1,1.012080669E0,-1.351561069E0,-8.581122160E-1
1.156400161E1,8.581427932E-1,-1.694867134E0,-8.605557084E-1
1.156634875E1,7.274177074E-1,-1.988082051E0,-8.642209172E-1
1.156869656E1,6.064664721E-1,-2.231206179E0,-8.654426336E-1
1.157104359E1,5.001760125E-1,-2.437678576E0,-8.617774248E-1
1.157338990E1,4.170984328E-1,-2.603833675E0,-8.471166492E-1
1.157573693E1,3.535684943E-1,-2.745554209E0,-8.287907243E-1
1.157808479E1,2.961472273E-1,-2.845736027E0,-8.092430830E-1
1.158043182E1,2.619388103E-1,-2.915374756E0,-7.896953821E-1
1.158277812E1,2.399476618E-1,-2.953248262E0,-7.725911736E-1
1.158512526E1,2.228434533E-1,-2.956913471E0,-7.542652488E-1
1.158747307E1,2.265086323E-1,-2.945917845E0,-7.371610403E-1
1.158982005E1,2.350607365E-1,-2.893383503E0,-7.200568318E-1
1.159216635E1,2.484997660E-1,-2.816414595E0,-7.041743398E-1
1.159451349E1,2.704909146E-1,-2.717454433E0,-6.858484149E-1
1.159686130E1,2.961472273E-1,-2.592838049E0,-6.638572812E-1
1.159920833E1,3.218035400E-1,-2.442565441E0,-6.406444311E-1
1.160155464E1,3.523467779E-1,-2.275188446E0,-6.149880886E-1
1.160390167E1,3.804465532E-1,-2.094372511E0,-5.881100297E-1
1.160624958E1,4.012159407E-1,-1.896452427E0,-5.624537468E-1
1.160859656E1,4.293157458E-1,-1.699754000E0,-5.331321955E-1
1.161094286E1,4.500851333E-1,-1.494503498E0,-5.001454949E-1
1.161329000E1,4.708545208E-1,-1.296583295E0,-4.647153318E-1
1.161563781E1,4.867370427E-1,-1.096219659E0,-4.280634522E-1
1.161798479E1,5.001760125E-1,-9.117385149E-1,-3.877463639E-1
1.162033115E1,5.038412213E-1,-7.297008634E-1,-3.510944843E-1
1.162267818E1,5.148367882E-1,-5.818715692E-1,-3.107774258E-1
1.162502604E1,5.111715794E-1,-4.413726926E-1,-2.753472626E-1
1.162737307E1,5.038412213E-1,-3.216432035E-1,-2.386953831E-1
1.162971938E1,4.855153263E-1,-2.153527141E-1,-2.044869661E-1
1.163206651E1,4.659676254E-1,-1.334968507E-1,-1.690568030E-1
1.163441432E1,4.366461039E-1,-6.630172580E-2,-1.324049234E-1
1.163676130E1,4.012159407E-1,-2.598465979E-2,-9.330958873E-2
1.163910760E1,3.608988822E-1,-6.436986849E-3,-5.177078769E-2
1.164145474E1,3.120297194E-1,-3.283396363E-4,-1.511890069E-2
1.164380255E1,2.656039894E-1,-1.376736164E-2,2.519816905E-2
1.164614958E1,2.155130655E-1,-3.453676403E-2,6.673696637E-2
1.164849588E1,1.690873653E-1,-6.630172580E-2,1.107192263E-1
1.165084292E1,1.202181801E-1,-9.684496373E-2,1.559232175E-1
1.165319083E1,8.600975573E-2,-1.334968507E-1,2.023489475E-1
1.165553781E1,4.935787618E-2,-1.591531634E-1,2.499963939E-1
1.165788411E1,1.026253030E-2,-1.567097008E-1,2.939786613E-1
1.166023125E1,-2.883281000E-2,-1.432706714E-1,3.367391825E-1
1.166257906E1,-7.281506807E-2,-1.139491722E-1,3.721693456E-1
1.166492609E1,-1.204625219E-1,-8.584939688E-2,4.039342999E-1
1.166727240E1,-1.827707142E-1,-6.263654679E-2,4.308123589E-1
1.166961943E1,-2.438572198E-1,-5.774962157E-2,4.552469254E-1
1.167196729E1,-3.171609640E-1,-6.874518842E-2,4.760163426E-1
1.167431432E1,-4.051254690E-1,-8.462766558E-2,4.882336259E-1
1.167666062E1,-4.857596159E-1,-1.127274409E-1,4.967857301E-1
1.167900776E1,-5.725024343E-1,-1.322751045E-1,4.955640137E-1
1.168135557E1,-6.543582678E-1,-1.469358802E-1,4.870119095E-1
1.168370255E1,-7.252185941E-1,-1.310533881E-1,4.723511636E-1
1.168604885E1,-7.838615775E-1,-8.951459080E-2,4.552469254E-1
1.168839599E1,-8.254004121E-1,-2.109774202E-2,4.344775379E-1
1.169074380E1,-8.449480534E-1,7.419715822E-2,4.088212252E-1
1.169309083E1,-8.547219038E-1,2.000353038E-1,3.782779872E-1
1.169543714E1,-8.412829041E-1,3.478645384E-1,3.428478241E-1
1.169778417E1,-8.046309948E-1,5.079110861E-1,3.049742281E-1
1.170013208E1,-7.557618022E-1,6.789532304E-1,2.573267519E-1
1.170247906E1,-6.849015355E-1,8.402215242E-1,2.047923952E-1
1.170482536E1,-5.908283591E-1,9.746117592E-1,1.449276507E-1
1.170717250E1,-4.772075415E-1,1.073571801E0,7.895425707E-2
1.170952031E1,-3.403738141E-1,1.121219277E0,8.093957789E-3
1.171186729E1,-1.839924604E-1,1.117554069E0,-6.032289192E-2
1.171421365E1,-1.783724688E-2,1.054024100E0,-1.275179982E-1
1.171656068E1,1.544265896E-1,9.318512082E-1,-1.922696680E-1
1.171890854E1,3.205818236E-1,7.571439147E-1,-2.667951584E-1
1.172125557E1,4.818501174E-1,5.262370110E-1,-3.449858427E-1
1.172360188E1,6.296793818E-1,2.635652423E-1,-4.195113480E-1
1.172594891E1,7.555174828E-1,-8.880445734E-3,-4.842630029E-1
1.172829682E1,8.569210172E-1,-2.923216820E-1,-5.367974043E-1
1.173064380E1,9.265596271E-1,-5.696542859E-1,-5.722275376E-1
1.173299010E1,9.644332528E-1,-8.384347558E-1,-5.893317461E-1
1.173533724E1,9.705418944E-1,-1.092554450E0,-5.929969549E-1
1.173768505E1,9.436638355E-1,-1.313687563E0,-5.905535221E-1
1.174003208E1,8.984598517E-1,-1.512829423E0,-5.868883133E-1
1.174237838E1,8.434820175E-1,-1.682649851E0,-5.820013881E-1
1.174472542E1,7.848389745E-1,-1.809709668E0,-5.795579553E-1
1.174707328E1,7.261959910E-1,-1.902561069E0,-5.795579553E-1
1.174942031E1,6.687747240E-1,-1.963647604E0,-5.807796717E-1
1.175176661E1,6.137968898E-1,-1.981973529E0,-5.807796717E-1
1.175411375E1,5.575973392E-1,-1.955095410E0,-5.807796717E-1
1.175646156E1,5.136150718E-1,-1.909891486E0,-5.795579553E-1
1.175880854E1,4.696328044E-1,-1.826813817E0,-5.856665969E-1
1.176115490E1,4.366461039E-1,-1.724188566E0,-5.868883133E-1
1.176350193E1,4.183201790E-1,-1.565363765E0,-5.881100297E-1
1.176584979E1,4.537503123E-1,-1.317352653E0,-5.783361793E-1
1.176819682E1,5.612624884E-1,-1.004589915E0,-5.551233292E-1
1.177054313E1,7.029831409E-1,-6.857185960E-1,-5.172497034E-1
1.177289016E1,8.007214665E-1,-4.230467379E-1,-4.757108986E-1
1.177523807E1,8.556993008E-1,-2.568915486E-1,-4.207330644E-1
1.177758505E1,8.874642849E-1,-1.713704467E-1,-3.608683348E-1
1.177993135E1,9.131205678E-1,-1.677052677E-1,-2.924514711E-1
1.178227849E1,9.228944182E-1,-2.116875350E-1,-2.191477120E-1
1.178462630E1,9.253379107E-1,-2.874347866E-1,-1.421787590E-1
1.178697333E1,9.192292094E-1,-3.827296793E-1,-7.131846249E-2
1.178931964E1,8.960163593E-1,-4.792462885E-1,-2.367100865E-2
1.179166667E1,8.654731512E-1,-5.757629275E-1,1.985310344E-3
1.179401453E1,8.129387498E-1,-6.502884030E-1,-4.581485409E-4
1.179636156E1,7.555174828E-1,-7.321442962E-1,-1.511890069E-2
1.179870786E1,6.895440817E-1,-8.152219057E-1,-3.588830307E-2
1.180105500E1,6.260141730E-1,-9.202906489E-1,-5.787943304E-2
1.180340281E1,5.612624884E-1,-1.027802825E0,-8.842267096E-2
1.180574979E1,4.977326095E-1,-1.129206419E0,-1.262962818E-1
1.180809609E1,4.342026412E-1,-1.208618760E0,-1.776089072E-1
1.181044323E1,3.853334785E-1,-1.269705296E0,-2.374736518E-1
1.181279104E1,3.425729275E-1,-1.283144236E0,-3.071122468E-1
1.181513807E1,3.108079731E-1,-1.256266236E0,-3.804160058E-1
1.181748438E1,2.863733768E-1,-1.189071059E0,-4.586066902E-1
1.181983141E1,2.680474520E-1,-1.085224152E0,-5.343539119E-1
1.182217927E1,2.533867061E-1,-9.520555735E-1,-6.125445962E-1
1.182452630E1,2.350607365E-1,-7.944524884E-1,-6.907352805E-1
1.182687260E1,2.142913491E-1,-6.258538365E-1,-7.713694572E-1
1.182921974E1,1.874132901E-1,-4.425944090E-1,-8.581122160E-1
1.183156755E1,1.605352312E-1,-2.715522945E-1,-9.460767508E-1
1.183391453E1,1.361006647E-1,-1.310533881E-1,-1.032819510E0
1.183626083E1,1.116660759E-1,-2.720638737E-2,-1.119562268E0
1.183860797E1,9.334013611E-2,1.677587256E-2,-1.194087744E0
1.184095578E1,7.012727112E-2,1.799760386E-2,-1.255174279E0
1.184330281E1,3.347539157E-2,-2.771798521E-3,-1.300378203E0
1.184564911E1,-1.417205669E-2,-4.064541310E-2,-1.321147680E0
1.184799615E1,-7.281506807E-2,-7.363210618E-2,-1.323591113E0
1.185034406E1,-1.363449991E-1,-1.127274409E-1,-1.313817263E0
1.185269104E1,-1.962097436E-1,-1.542662382E-1,-1.289382696E0
1.185503734E1,-2.560744882E-1,-1.848094761E-1,-1.253952503E0
1.185738448E1,-3.073871136E-1,-2.177961767E-1,-1.202639937E0
1.185973229E1,-3.599214852E-1,-2.251265645E-1,-1.136666536E0
1.186207932E1,-4.124558568E-1,-2.129092515E-1,-1.049923658E0
1.186442562E1,-4.772075415E-1,-1.738139093E-1,-9.546288848E-1
1.186677266E1,-5.566199422E-1,-1.127274409E-1,-8.581122160E-1
1.186912052E1,-6.311454177E-1,-5.286271125E-2,-7.640390992E-1
1.187146755E1,-7.154447436E-1,5.780307576E-3,-6.785179973E-1
1.187381385E1,-7.936354280E-1,5.342775956E-2,-5.917752385E-1
1.187616089E1,-8.681609631E-1,1.010752097E-1,-5.025889874E-1
1.187850880E1,-9.439081550E-1,1.487226486E-1,-4.072940648E-1
1.188085578E1,-1.012324929E0,1.890397370E-1,-3.034470379E-1
1.188320208E1,-1.080741882E0,2.379088998E-1,-1.947131306E-1
1.188554922E1,-1.144271851E0,2.684521079E-1,-6.520981342E-2
1.188789703E1,-1.195584536E0,2.537913918E-1,8.628463745E-2
1.189024406E1,-1.237123251E0,2.220264375E-1,2.438877523E-1
1.189259036E1,-1.243231893E0,1.560530365E-1,4.100429416E-1
1.189493740E1,-1.222462535E0,1.035186574E-1,5.823067427E-1
1.189728526E1,-1.172371626E0,3.876700252E-2,7.655661702E-1
1.189963229E1,-1.106398225E0,-2.476292849E-2,9.561559558E-1
1.190197859E1,-1.028207541E0,-1.188360974E-1,1.150411010E0
1.190432573E1,-9.610123634E-1,-2.385655940E-1,1.339779139E0
1.190667354E1,-8.987041712E-1,-3.937252462E-1,1.518151522E0
1.190902052E1,-8.412829041E-1,-5.720977187E-1,1.674532890E0
1.191136682E1,-7.985223532E-1,-7.492485046E-1,1.795484185E0
1.191371396E1,-7.667573690E-1,-8.921908736E-1,1.883448720E0
1.191606177E1,-7.288838029E-1,-9.997030497E-1,1.937204838E0
1.191840880E1,-6.958971024E-1,-1.075450301E0,1.959195852E0
1.192075510E1,-6.677973270E-1,-1.125541210E0,1.951865554E0
1.192310214E1,-6.396975517E-1,-1.143867135E0,1.926209211E0
1.192545005E1,-6.079325676E-1,-1.145088792E0,1.881005168E0
1.192779703E1,-5.871631503E-1,-1.119432569E0,1.816253543E0
1.193014333E1,-5.615068674E-1,-1.103550076E0,1.740506291E0
1.193249047E1,-5.468460917E-1,-1.086445808E0,1.654985309E0
1.193483828E1,-5.505113006E-1,-1.068119884E0,1.559690356E0
1.193718531E1,-5.492895246E-1,-1.082780600E0,1.472947598E0
1.193953161E1,-5.566199422E-1,-1.103550076E0,1.394756913E0
1.194187865E1,-5.834980011E-1,-1.120654225E0,1.320231438E0
1.194422651E1,-6.054891348E-1,-1.145088792E0,1.255479693E0
1.194657354E1,-6.287019849E-1,-1.163414836E0,1.198058486E0
1.194891984E1,-6.580234766E-1,-1.176853776E0,1.149189234E0
1.195126688E1,-6.897884607E-1,-1.174410343E0,1.107650518E0
1.195361479E1,-7.166664600E-1,-1.163414836E0,1.081994176E0
1.195596177E1,-7.398793697E-1,-1.140201926E0,1.063668251E0
1.195830807E1,-7.569835782E-1,-1.107215285E0,1.045342326E0
1.196065521E1,-7.863050699E-1,-1.038798332E0,1.024572849E0
1.196300302E1,-8.217352033E-1,-9.606077075E-1,1.013577342E0
1.196535005E1,-8.657174706E-1,-8.787518144E-1,1.014798999E0
1.196769635E1,-9.158083797E-1,-7.920090556E-1,1.025794625E0
1.197004338E1,-9.683427215E-1,-7.052662373E-1,1.049007416E0
1.197239125E1,-1.019655347E0,-6.270755529E-1,1.083215952E0
1.197473828E1,-1.070968032E0,-5.598804355E-1,1.124754667E0
1.197708458E1,-1.111285210E0,-5.110112429E-1,1.177289009E0
1.197943161E1,-1.158932567E0,-4.682507217E-1,1.229823470E0
1.198177953E1,-1.204136610E0,-4.389292300E-1,1.278692603E0
1.198412651E1,-1.244453669E0,-4.279336631E-1,1.325118303E0
1.198647281E1,-1.288435936E0,-4.096077085E-1,1.362991929E0
1.198881995E1,-1.327531219E0,-3.876166046E-1,1.397200346E0
1.199116776E1,-1.361739635E0,-3.546299040E-1,1.424078465E0
1.199351479E1,-1.403278470E0,-2.959868908E-1,1.438739181E0
1.199586109E1,-1.447260737E0,-2.153527141E-1,1.442404389E0
1.199820813E1,-1.502238631E0,-1.139491722E-1,1.435073972E0
1.200055599E1,-1.568211913E0,-6.436986849E-3,1.424078465E0
1.200290302E1,-1.640293956E0,1.120707765E-1,1.416748047E0
1.200524932E1,-1.718484640E0,2.366871834E-1,1.421634912E0
1.200759646E1,-1.801562309E0,3.613035679E-1,1.439960957E0
1.200994427E1,-1.884639859E0,4.908068776E-1,1.468060732E0
1.201229125E1,-1.961608887E0,6.105363369E-1,1.499825597E0
1.201463755E1,-2.034912586E0,7.168267965E-1,1.532812357E0
1.201698469E1,-2.109437943E0,8.218955398E-1,1.562133789E0
1.201933250E1,-2.170524359E0,9.086383581E-1,1.589011908E0
1.202167953E1,-2.225502253E0,9.794986248E-1,1.617111683E0
1.202402583E1,-2.276814938E0,1.033254743E0,1.646433115E0
1.202637286E1,-2.318353653E0,1.078458786E0,1.669646025E0
1.202872078E1,-2.357449055E0,1.118775845E0,1.687971950E0
1.203106776E1,-2.402652979E0,1.159092903E0,1.705076218E0
1.203341406E1,-2.439304829E0,1.199409962E0,1.728289008E0
1.203576120E1,-2.471069813E0,1.240948796E0,1.756388783E0
1.203810901E1,-2.497947931E0,1.284931064E0,1.788153768E0
1.204045599E1,-2.523604155E0,1.338687062E0,1.823583961E0
1.204280229E1,-2.545595407E0,1.392443180E0,1.862679243E0
1.204514943E1,-2.572473526E0,1.462081790E0,1.901774645E0
1.204749724E1,-2.609125376E0,1.562263608E0,1.921322346E0
1.204984427E1,-2.632338285E0,1.667332292E0,1.924987435E0
1.205219057E1,-2.651885748E0,1.763848901E0,1.916435361E0
1.205453760E1,-2.646998882E0,1.864030719E0,1.898109436E0
1.205688552E1,-2.632338285E0,1.986203790E0,1.859014153E0
1.205923250E1,-2.614012241E0,2.121815920E0,1.800371051E0
1.206157880E1,-2.599351406E0,2.224441051E0,1.728289008E0
1.206392594E1,-2.592021227E0,2.284305811E0,1.636659384E0
1.206627375E1,-2.581025600E0,2.345392227E0,1.559690356E0
1.206862078E1,-2.556591034E0,2.448017597E0,1.499825597E0
1.207096703E1,-2.524826050E0,2.572633982E0,1.446069598E0
1.207331417E1,-2.485730648E0,2.693585157E0,1.398422122E0
1.207566198E1,-2.441748381E0,2.799875736E0,1.358105063E0
1.207800901E1,-2.408761740E0,2.929378986E0,1.320231438E0
1.208035531E1,-2.375775099E0,3.056438923E0,1.284801245E0
1.208270234E1,-2.350118637E0,3.133407831E0,1.239597321E0
1.208505026E1,-2.344010115E0,3.115081787E0,1.174845576E0
1.208739724E1,-2.370887995E0,3.040556431E0,1.091768026E0
1.208974354E1,-2.397766113E0,2.926935434E0,1.006246924E0
1.209209068E1,-2.423422575E0,2.818201542E0,9.158388972E-1
1.209443849E1,-2.460074425E0,2.753449917E0,8.303178549E-1
1.209678552E1,-2.511386871E0,2.724128485E0,7.435750365E-1
1.209913182E1,-2.556591034E0,2.689919949E0,6.690495610E-1
1.210147885E1,-2.601794958E0,2.660598516E0,6.091848016E-1
1.210382672E1,-2.653107643E0,2.638607264E0,5.542069674E-1
1.210617375E1,-2.695868015E0,2.620281458E0,5.090029836E-1
1.210852005E1,-2.730076551E0,2.612951040E0,4.711294174E-1
1.211086719E1,-2.753289461E0,2.609285831E0,4.405861795E-1
1.211321500E1,-2.766728401E0,2.610507488E0,4.185950458E-1
1.211556198E1,-2.758176327E0,2.614172697E0,4.027125835E-1
1.211790828E1,-2.742293835E0,2.606842279E0,3.953821957E-1
1.212025542E1,-2.730076551E0,2.590960026E0,3.929387331E-1
1.212260323E1,-2.705641985E0,2.551864624E0,3.966039121E-1
1.212495026E1,-2.672655344E0,2.499330282E0,4.100429416E-1
1.212729656E1,-2.637225151E0,2.438243628E0,4.295906126E-1
1.212964359E1,-2.601794958E0,2.352722645E0,4.552469254E-1
1.213199151E1,-2.561477900E0,2.231771469E0,4.894553721E-1
1.213433849E1,-2.533378124E0,2.093715906E0,5.261071920E-1
1.213668479E1,-2.502834797E0,1.939777970E0,5.529852509E-1
1.213903193E1,-2.462517738E0,1.756518602E0,5.590938926E-1
1.214137974E1,-2.407540083E0,1.534163833E0,5.566504598E-1
1.214372672E1,-2.374553204E0,1.352126122E0,5.468766093E-1
1.214607302E1,-2.352562189E0,1.217735887E0,5.248854756E-1
1.214842016E1,-2.336679697E0,1.105336785E0,4.943422973E-1
1.215076797E1,-2.318353653E0,9.990463257E-1,4.650207758E-1
1.215311500E1,-2.295140982E0,8.927558661E-1,4.418079257E-1
1.215546130E1,-2.273149729E0,7.950174809E-1,4.247036874E-1
1.215780833E1,-2.248715162E0,7.119399309E-1,4.088212252E-1
1.216015620E1,-2.225502253E0,6.410796046E-1,3.966039121E-1
1.216250323E1,-2.213284969E0,5.897669792E-1,3.868300915E-1
1.216484953E1,-2.198624134E0,5.360108614E-1,3.709475994E-1
1.216719667E1,-2.194959164E0,4.810330272E-1,3.526216745E-1
1.216954448E1,-2.179076672E0,3.918468058E-1,3.526216745E-1
1.217189146E1,-2.161972284E0,3.026605546E-1,3.746127784E-1
1.217423776E1,-2.153420210E0,2.159177661E-1,4.014908373E-1
1.217658490E1,-2.133872509E0,1.047403887E-1,4.320340753E-1
1.217893271E1,-2.113103151E0,-3.993527964E-3,4.515817463E-1
1.218127974E1,-2.082559824E0,-1.188360974E-1,4.625773132E-1
1.218362604E1,-2.055681944E0,-2.239048183E-1,4.613555968E-1
1.218597307E1,-2.027582169E0,-3.240866661E-1,4.576903880E-1
1.218832099E1,-2.001925707E0,-4.193815589E-1,4.479165673E-1
1.219066797E1,-1.981156468E0,-5.061243176E-1,4.344775379E-1
1.219301427E1,-1.967717528E0,-5.843150616E-1,4.222602546E-1
1.219536141E1,-1.957943678E0,-6.515101790E-1,4.063777626E-1
1.219770922E1,-1.960387111E0,-6.869403124E-1,3.843866289E-1
1.220005625E1,-1.959165335E0,-7.187052965E-1,3.623954952E-1
1.220240250E1,-1.964052320E0,-7.284790874E-1,3.404043615E-1
1.220474964E1,-1.968939185E0,-7.272573709E-1,3.208566904E-1
1.220709745E1,-1.970160961E0,-7.113748789E-1,3.074176610E-1
1.220944448E1,-1.970160961E0,-6.820533872E-1,2.988655567E-1
1.221179078E1,-1.976269603E0,-6.331841946E-1,2.988655567E-1
1.221413781E1,-1.966495752E0,-5.867584944E-1,3.110828698E-1
1.221648573E1,-1.954278469E0,-5.330023766E-1,3.330740035E-1
1.221883271E1,-1.937174201E0,-4.829114676E-1,3.648389578E-1
1.222117901E1,-1.910296202E0,-4.450378716E-1,4.075994790E-1
1.222352615E1,-1.884639859E0,-4.108294547E-1,4.564686716E-1
1.222587396E1,-1.830883741E0,-4.132729173E-1,5.163334012E-1
1.222822099E1,-1.763688684E0,-4.291553795E-1,5.749763846E-1
1.223056724E1,-1.700158715E0,-4.047208130E-1,6.214020848E-1
1.223291438E1,-1.636628866E0,-3.582950830E-1,6.629409194E-1
1.223526219E1,-1.579207540E0,-2.862130404E-1,7.008145452E-1
1.223760922E1,-1.512012362E0,-2.080223262E-1,7.423533201E-1
1.223995552E1,-1.448482513E0,-1.078405306E-1,7.851138711E-1
1.224230255E1,-1.386174321E0,8.223766461E-3,8.193222880E-1
1.224465047E1,-1.310427070E0,1.181794181E-1,8.547524214E-1
1.224699745E1,-1.237123251E0,2.366871834E-1,8.840739131E-1
1.224934375E1,-1.163819551E0,3.613035679E-1,9.072868228E-1
1.225169088E1,-1.078298450E0,4.688157439E-1,9.341648221E-1
1.225403870E1,-9.891121984E-1,5.641106367E-1,9.598211646E-1
1.225638573E1,-9.011476040E-1,6.569620967E-1,9.830340147E-1
1.225873198E1,-7.997440696E-1,7.241572142E-1,1.011133909E0
1.226107911E1,-7.032274604E-1,7.828001976E-1,1.041677117E0
1.226342693E1,-6.189281344E-1,8.341128230E-1,1.075885534E0
1.226577396E1,-5.248549581E-1,8.646560907E-1,1.121089458E0
1.226812026E1,-4.625467658E-1,9.135252833E-1,1.162628293E0
1.227046729E1,-4.087906778E-1,9.513988495E-1,1.205388784E0
1.227281521E1,-3.611432314E-1,9.868290424E-1,1.244484186E0
1.227516219E1,-3.342651725E-1,1.007598400E0,1.284801245E0
1.227750849E1,-3.232696056E-1,1.024702668E0,1.316566229E0
1.227985563E1,-3.037219346E-1,1.001489758E0,1.351996422E0
1.228220344E1,-2.951698303E-1,9.550640583E-1,1.380096197E0
1.228455047E1,-2.951698303E-1,8.890906572E-1,1.400865555E0
1.228689677E1,-2.890611887E-1,7.913523316E-1,1.417969823E0
1.228924380E1,-2.927263677E-1,6.960574389E-1,1.424078465E0
1.229159167E1,-2.902829051E-1,6.080929041E-1,1.419191480E0
1.229393870E1,-2.768438756E-1,5.176849365E-1,1.402087331E0
1.229628500E1,-2.670700550E-1,4.627071023E-1,1.362991929E0
1.229863203E1,-2.560744882E-1,4.333855808E-1,1.306792378E0
1.230097995E1,-2.365268320E-1,4.113944769E-1,1.237153769E0
1.230332693E1,-2.133139521E-1,4.003989100E-1,1.156519651E0
1.230567323E1,-1.876576394E-1,3.906250596E-1,1.068555117E0
1.230802036E1,-1.595578641E-1,3.796294928E-1,9.720384479E-1
1.231036818E1,-1.302363575E-1,3.686339259E-1,8.694131970E-1
1.231271521E1,-9.724965692E-2,3.515297174E-1,7.557923198E-1
1.231506151E1,-6.304123253E-2,3.270951211E-1,6.385063529E-1
1.231740854E1,-3.127627075E-2,3.038822711E-1,5.163334012E-1
1.231975641E1,-1.954764128E-3,2.770042121E-1,3.978256583E-1
1.232210344E1,2.125809528E-2,2.550131381E-1,2.805396318E-1
1.232444974E1,5.057960004E-2,2.122525871E-1,1.803578138E-1
1.232679677E1,7.623592019E-2,1.572747529E-1,9.117155522E-2
1.232914469E1,9.456185997E-2,9.130137414E-2,9.315687232E-3
1.233149167E1,1.116660759E-1,2.777143940E-2,-7.009673119E-2
1.233383797E1,1.263268143E-1,-4.064541310E-2,-1.434004903E-1
1.233618510E1,1.434310228E-1,-1.127274409E-1,-2.118173391E-1
1.233853292E1,1.666439027E-1,-1.835877597E-1,-2.765690088E-1
1.234087995E1,1.849698275E-1,-2.410090566E-1,-3.400989175E-1
1.234322625E1,2.094044238E-1,-2.947651446E-1,-3.987419307E-1
1.234557328E1,2.362824827E-1,-3.472995162E-1,-4.598284066E-1
1.234792115E1,2.643822730E-1,-4.022773504E-1,-5.209149122E-1
1.235026818E1,2.912603021E-1,-4.487030506E-1,-5.820013881E-1
1.235261448E1,3.193600774E-1,-4.926853180E-1,-6.382009387E-1
1.235496161E1,3.499033153E-1,-5.342241526E-1,-6.956222057E-1
1.235730943E1,3.804465532E-1,-5.794281363E-1,-7.506000400E-1
1.235965641E1,4.170984328E-1,-6.234103441E-1,-7.994692326E-1
1.236200271E1,4.488633871E-1,-6.722795367E-1,-8.410080075E-1
1.236434984E1,4.830718338E-1,-7.174835205E-1,-8.776599169E-1
1.236669766E1,5.233888626E-1,-7.626875043E-1,-9.057596922E-1
1.236904469E1,5.698146224E-1,-7.993394136E-1,-9.228639007E-1
1.237139099E1,6.174620390E-1,-8.249957561E-1,-9.326377511E-1
1.237373802E1,6.638877988E-1,-8.323261142E-1,-9.326377511E-1
1.237608588E1,7.225307822E-1,-8.469868898E-1,-9.179769754E-1
1.237843292E1,7.958345413E-1,-8.653128147E-1,-8.935424089E-1
1.238077922E1,8.728035092E-1,-8.921908736E-1,-8.581122160E-1
1.238312625E1,9.497724771E-1,-9.178471565E-1,-8.177951574E-1
1.238547417E1,1.034071803E0,-9.544990659E-1,-7.738128901E-1
1.238782115E1,1.125701427E0,-9.960378408E-1,-7.261654735E-1
1.239016745E1,1.230770230E0,-1.043685317E0,-6.760745645E-1
1.239251458E1,1.352943182E0,-1.096219659E0,-6.284270883E-1
1.239486240E1,1.470229149E0,-1.132871509E0,-5.929969549E-1
1.239720943E1,1.596067309E0,-1.178075552E0,-5.624537468E-1
1.239955573E1,1.723127127E0,-1.217170835E0,-5.429060459E-1
1.240190276E1,1.846521854E0,-1.246492386E0,-5.306887627E-1
1.240425063E1,1.957699180E0,-1.264818311E0,-5.319104791E-1
1.240659766E1,2.062767982E0,-1.261153102E0,-5.392408371E-1
1.240894396E1,2.155619383E0,-1.247714162E0,-5.514581800E-1
1.241129109E1,2.232588530E0,-1.207397103E0,-5.722275376E-1
1.241363891E1,2.305892229E0,-1.154862642E0,-5.954403877E-1
1.241598589E1,2.369422197E0,-1.084002376E0,-6.223184466E-1
1.241833219E1,2.421956539E0,-9.887074232E-1,-6.516399980E-1
1.242067932E1,2.481821299E0,-8.995212317E-1,-6.748528481E-1
1.242302714E1,2.525803566E0,-7.907872796E-1,-6.992874146E-1
1.242537417E1,2.567342281E0,-6.857185960E-1,-7.225002646E-1
1.242772047E1,2.610102892E0,-5.806498528E-1,-7.457131147E-1
1.243006750E1,2.640645981E0,-4.841331840E-1,-7.689259648E-1
1.243241536E1,2.660193682E0,-4.120511711E-1,-7.896953821E-1
1.243476240E1,2.685850143E0,-3.570733666E-1,-8.055778742E-1
1.243710870E1,2.711506367E0,-3.240866661E-1,-8.190168738E-1
1.243945583E1,2.729832411E0,-3.045389950E-1,-8.300124407E-1
1.244180365E1,2.759153843E0,-2.996520698E-1,-8.434514999E-1
1.244415062E1,2.788475275E0,-3.033172488E-1,-8.617774248E-1
1.244649693E1,2.814131737E0,-3.155345619E-1,-8.813251257E-1
1.244884406E1,2.842231512E0,-3.289735913E-1,-9.106466174E-1
1.245119188E1,2.864222527E0,-3.375256956E-1,-9.448550344E-1
1.245353891E1,2.884991884E0,-3.509646952E-1,-9.876155853E-1
1.245588521E1,2.909426451E0,-3.644037247E-1,-1.036484718E0
1.245823224E1,2.924087286E0,-3.619602621E-1,-1.095127702E0
1.246058010E1,2.944856644E0,-3.582950830E-1,-1.167209744E0
1.246292714E1,2.963182688E0,-3.607385457E-1,-1.249065638E0
1.246527344E1,2.983952045E0,-3.509646952E-1,-1.345582247E0
1.246762047E1,2.993725777E0,-3.253083825E-1,-1.450650930E0
1.246996839E1,2.990060806E0,-2.898782492E-1,-1.561828375E0
1.247231536E1,2.979065180E0,-2.471176982E-1,-1.668118834E0
1.247466167E1,2.961961031E0,-2.092440724E-1,-1.764635444E0
1.247700880E1,2.933861256E0,-1.615966260E-1,-1.836717486E0
1.247935661E1,2.913091660E0,-1.139491722E-1,-1.883143187E0
1.248170365E1,2.887435436E0,-5.652789026E-2,-1.907577753E0
1.248404995E1,2.848340034E0,1.433241367E-2,-1.913686395E0
1.248639698E1,2.798249245E0,9.496655315E-2,-1.892917037E0
1.248874484E1,2.740827799E0,1.780441701E-1,-1.848934770E0
1.249109188E1,2.683406591E0,2.745607793E-1,-1.781739593E0
1.249343818E1,2.652863264E0,3.710773885E-1,-1.687666416E0
1.249578521E1,2.647976398E0,4.565984607E-1,-1.582597733E0
1.249813312E1,2.672410965E0,5.201283693E-1,-1.467755198E0
1.250048010E1,2.717615128E0,5.470064282E-1,-1.356577754E0
1.250282641E1,2.765262365E0,5.421195030E-1,-1.252730846E0
1.250517354E1,2.817796946E0,5.225718617E-1,-1.159879327E0
1.250752135E1,2.882548571E0,4.969155192E-1,-1.076801777E0
1.250986838E1,2.935082912E0,5.103545189E-1,-1.007163167E0
1.251221464E1,2.999834538E0,5.457847118E-1,-9.460767508E-1
1.251456177E1,3.065807819E0,5.995407701E-1,-9.094249010E-1
1.251690958E1,3.128116131E0,6.300840378E-1,-8.947641253E-1
1.251925661E1,3.175763607E0,6.361926794E-1,-8.959858418E-1
1.252160292E1,3.212415457E0,6.166450381E-1,-9.094249010E-1
1.252394995E1,3.239293575E0,5.836583376E-1,-9.301942587E-1
1.252629786E1,3.255176067E0,5.641106367E-1,-9.485202432E-1
1.252864484E1,3.264949799E0,5.799931288E-1,-9.607375264E-1
1.253099115E1,3.282053947E0,6.459665298E-1,-9.631809592E-1
1.253333828E1,3.297936440E0,7.693611979E-1,-9.570723176E-1
1.253568609E1,3.300379992E0,8.927558661E-1,-9.766200185E-1
1.253803312E1,3.284497499E0,9.904942513E-1,-1.008384943E0
1.254037938E1,3.258841276E0,1.041806817E0,-1.041371584E0
1.254272651E1,3.208750248E0,1.036919951E0,-1.075580001E0
1.254507432E1,3.145220280E0,9.880508184E-1,-1.106123209E0
1.254742135E1,3.089020729E0,8.988645077E-1,-1.128114343E0
1.254976766E1,3.024269104E0,7.693611979E-1,-1.161101103E0
1.255211469E1,2.957073927E0,6.105363369E-1,-1.195309520E0
1.255446260E1,2.903317928E0,4.480463564E-1,-1.222187519E0
1.255680958E1,2.855670452E0,3.185430169E-1,-1.246622205E0
1.255915589E1,2.822683811E0,2.061439455E-1,-1.280830622E0
1.256150302E1,2.801914454E0,1.120707765E-1,-1.313817263E0
1.256385083E1,2.775036335E0,4.121046141E-2,-1.349247456E0
1.256619781E1,2.759153843E0,5.780307576E-3,-1.379790664E0
1.256854411E1,2.757932186E0,3.876700252E-2,-1.388342738E0
1.257089125E1,2.771371126E0,1.413922906E-1,-1.383455873E0
1.257323906E1,2.799470901E0,3.026605546E-1,-1.376125455E0
1.257558609E1,2.839787960E0,5.189066529E-1,-1.373682022E0
1.257793240E1,2.871552944E0,7.962392569E-1,-1.382234097E0
1.258027943E1,2.913091660E0,1.065019727E0,-1.389564514E0
1.258262734E1,2.947300196E0,1.335021973E0,-1.396894813E0
1.258497432E1,2.969291210E0,1.576924324E0,-1.395673156E0
1.258732062E1,2.977843523E0,1.779731393E0,-1.392007947E0
1.258966776E1,2.963182688E0,1.953217030E0,-1.392007947E0
1.259201557E1,2.931417704E0,2.094937801E0,-1.393229723E0
1.259436255E1,2.881326675E0,2.209780216E0,-1.394451380E0
1.259670885E1,2.811688185E0,2.302631855E0,-1.396894813E0
1.259905599E1,2.724945307E0,2.369826794E0,-1.398116589E0
1.260140380E1,2.627207041E0,2.407700539E0,-1.396894813E0
1.260375083E1,2.513586283E0,2.424804688E0,-1.394451380E0
1.260609714E1,2.399965286E0,2.390596390E0,-1.379790664E0
1.260844417E1,2.258244753E0,2.339283705E0,-1.354134321E0
1.261079203E1,2.111637115E0,2.230549812E0,-1.302821755E0
1.261313906E1,1.960142612E0,2.076611757E0,-1.231961370E0
1.261548536E1,1.807426453E0,1.861587286E0,-1.151327252E0
1.261783250E1,1.668149352E0,1.559820175E0,-1.076801777E0
1.262018031E1,1.521541834E0,1.201853395E0,-1.018158793E0
1.262252729E1,1.388373256E0,7.974609733E-1,-9.766200185E-1
1.262487359E1,1.253983021E0,3.759643137E-1,-9.485202432E-1
1.262722073E1,1.128144860E0,-3.820195049E-2,-9.314160347E-1
1.262956854E1,1.013302326E0,-4.340423048E-1,-9.204204679E-1
1.263191557E1,9.009032845E-1,-7.968959808E-1,-9.204204679E-1
1.263426182E1,7.836172581E-1,-1.105993509E0,-9.277508259E-1
1.263660896E1,6.785485148E-1,-1.388213038E0,-9.387463927E-1
1.263895677E1,5.759232640E-1,-1.637445807E0,-9.521853924E-1
1.264130380E1,4.781849086E-1,-1.846361518E0,-9.644027352E-1
1.264365010E1,3.865551949E-1,-2.012516499E0,-9.778417349E-1
1.264599714E1,3.034775853E-1,-2.144463301E0,-9.876155853E-1
1.264834505E1,2.411693782E-1,-2.262971163E0,-9.876155853E-1
1.265069203E1,1.776394695E-1,-2.338718414E0,-9.863938093E-1
1.265303833E1,1.263268143E-1,-2.387587547E0,-9.827286601E-1
1.265538547E1,8.478803188E-2,-2.413243771E0,-9.692896008E-1
1.265773328E1,5.668824911E-2,-2.423017740E0,-9.521853924E-1
1.266008031E1,3.225366026E-2,-2.402248383E0,-9.363029003E-1
1.266242656E1,2.492328547E-2,-2.381479025E0,-9.155335426E-1
1.266477370E1,2.736674063E-2,-2.339940071E0,-8.947641253E-1
1.266712151E1,3.225366026E-2,-2.278853655E0,-8.715512753E-1
1.266946854E1,4.813614488E-2,-2.206771612E0,-8.495601416E-1
1.267181484E1,7.134900242E-2,-2.123693943E0,-8.263472915E-1
1.267416188E1,1.092226133E-1,-2.033286095E0,-8.031344414E-1
1.267650979E1,1.397658437E-1,-1.920886993E0,-7.848084569E-1
1.267885677E1,1.788611859E-1,-1.801157594E0,-7.652608156E-1
1.268120307E1,2.179565281E-1,-1.671654224E0,-7.493783236E-1
1.268355021E1,2.582736015E-1,-1.532377124E0,-7.359393239E-1
1.268589802E1,2.949254811E-1,-1.389434695E0,-7.237219810E-1
1.268824505E1,3.340208232E-1,-1.247714162E0,-7.115046978E-1
1.269059130E1,3.682292700E-1,-1.098663092E0,-7.005091310E-1
1.269293844E1,3.963290453E-1,-9.496121407E-1,-6.870701313E-1
1.269528625E1,4.256505370E-1,-8.127784133E-1,-6.724093556E-1
1.269763328E1,4.439764917E-1,-6.722795367E-1,-6.589703560E-1
1.269997958E1,4.598589540E-1,-5.403327942E-1,-6.430878639E-1
1.270232661E1,4.684110880E-1,-4.181598425E-1,-6.272053719E-1
1.270467453E1,4.720762670E-1,-3.057607114E-1,-6.088794470E-1
1.270702151E1,4.806284010E-1,-2.153527141E-1,-5.881100297E-1
1.270936781E1,4.696328044E-1,-1.249447390E-1,-5.710058212E-1
1.271171495E1,4.500851333E-1,-5.164097995E-2,-5.477929711E-1
1.271406276E1,4.293157458E-1,2.115119249E-3,-5.196931958E-1
1.271640974E1,4.073246121E-1,2.532797679E-2,-4.879281819E-1
1.271875604E1,3.731161654E-1,4.731911048E-2,-4.524980485E-1
1.272110318E1,3.376860321E-1,5.220602825E-2,-4.146244228E-1
1.272345099E1,2.961472273E-1,4.243219271E-2,-3.743073642E-1
1.272579802E1,2.521649599E-1,2.044105902E-2,-3.291033804E-1
1.272814432E1,2.130696028E-1,-1.743255183E-2,-2.851211131E-1
1.273049135E1,1.629786938E-1,-4.919751734E-2,-2.423605770E-1
1.273283922E1,1.104443446E-1,-9.440150112E-2,-1.947131306E-1
1.273518625E1,6.035343558E-2,-1.530445218E-1,-1.470656842E-1
1.273753255E1,2.932153642E-3,-2.055788934E-1,-1.006399691E-1
1.273987958E1,-4.960221052E-2,-2.691088319E-1,-5.177078769E-2
1.274222750E1,-1.070234925E-1,-3.240866661E-1,-5.345066078E-3
1.274457448E1,-1.681099683E-1,-3.631820083E-1,3.741546348E-2
1.274692078E1,-2.267529815E-1,-3.986121416E-1,8.017598838E-2
1.274926792E1,-2.792873383E-1,-4.279336631E-1,1.204930618E-1
1.275161573E1,-3.342651725E-1,-4.425944090E-1,1.547015011E-1
1.275396276E1,-3.880212605E-1,-4.499247968E-1,1.815795451E-1
1.275630906E1,-4.454425573E-1,-4.474813342E-1,2.072358578E-1
1.275865609E1,-5.089724660E-1,-4.254902005E-1,2.316704541E-1
1.276100396E1,-5.737241507E-1,-4.022773504E-1,2.524398565E-1
1.276335099E1,-6.470279098E-1,-3.631820083E-1,2.634354234E-1
1.276569729E1,-7.142230272E-1,-3.375256956E-1,2.756527066E-1
1.276804432E1,-7.911919951E-1,-3.191997409E-1,2.829830945E-1
1.277039224E1,-8.706043959E-1,-3.130910993E-1,2.903134525E-1
1.277273922E1,-9.475733638E-1,-3.326387703E-1,2.988655567E-1
1.277508552E1,-1.036759615E0,-3.619602621E-1,3.025307655E-1
1.277743266E1,-1.122280717E0,-4.108294547E-1,3.025307655E-1
1.277978047E1,-1.201693177E0,-4.670290053E-1,2.903134525E-1
1.278212750E1,-1.268888235E0,-5.256720185E-1,2.646571398E-1
1.278447375E1,-1.328752995E0,-5.647673607E-1,2.231183350E-1
1.278682089E1,-1.375178695E0,-5.720977187E-1,1.705839783E-1
1.278916870E1,-1.393504620E0,-5.672107935E-1,1.192713305E-1
1.279151573E1,-1.392282963E0,-5.403327942E-1,6.673696637E-2
1.279386203E1,-1.372735262E0,-4.731376469E-1,1.298087556E-2
1.279620906E1,-1.326309562E0,-3.851731420E-1,-3.588830307E-2
1.279855698E1,-1.265223026E0,-2.776609361E-1,-9.208785743E-2
1.280090396E1,-1.179702044E0,-1.652618051E-1,-1.556177884E-1
1.280325026E1,-1.079520226E0,-5.041924864E-2,-2.203694433E-1
1.280559740E1,-9.658992887E-1,5.220602825E-2,-2.900080383E-1
1.280794521E1,-8.376176953E-1,1.352836192E-1,-3.559814095E-1
1.281029219E1,-6.983405352E-1,1.963700950E-1,-4.158461690E-1
1.281263849E1,-5.566199422E-1,2.391306460E-1,-4.696022570E-1
1.281498562E1,-4.063472152E-1,2.611217797E-1,-5.111410618E-1
1.281733344E1,-2.536310256E-1,2.708955705E-1,-5.367974043E-1
1.281968047E1,-1.106886864E-1,2.623434961E-1,-5.600102544E-1
1.282202677E1,4.202749580E-2,2.195829749E-1,-5.673406124E-1
1.282437380E1,1.849698275E-1,1.682703197E-1,-5.685623884E-1
1.282672167E1,3.083645105E-1,1.010752097E-1,-5.661188960E-1
1.282906870E1,4.109897912E-1,1.677587256E-2,-5.661188960E-1
1.283141500E1,5.038412213E-1,-9.928842634E-2,-5.624537468E-1
1.283376203E1,5.722580552E-1,-2.251265645E-1,-5.563450456E-1
1.283610995E1,6.247924566E-1,-3.692906499E-1,-5.380191207E-1
1.283845693E1,6.626660824E-1,-5.305589437E-1,-5.013672113E-1
1.284080323E1,6.944310069E-1,-7.113748789E-1,-4.415024817E-1
1.284315036E1,7.200873494E-1,-8.982995152E-1,-3.620900512E-1
1.284549818E1,7.359698415E-1,-1.082780600E0,-2.716820836E-1
1.284784521E1,7.469654083E-1,-1.247714162E0,-1.873827577E-1
1.285019146E1,7.518523335E-1,-1.394321680E0,-1.189659089E-1
1.285253859E1,7.408567667E-1,-1.498168707E0,-7.254018635E-2
1.285488641E1,7.139787078E-1,-1.550703049E0,-5.665770546E-2
1.285723344E1,6.724398732E-1,-1.537263989E0,-6.032289192E-2
1.285957974E1,6.211272478E-1,-1.477399230E0,-6.765326858E-2
1.286192677E1,5.612624884E-1,-1.355226278E0,-7.620538026E-2
1.286427469E1,4.940674007E-1,-1.200066686E0,-7.498364896E-2
1.286662167E1,4.207636118E-1,-1.016807199E0,-7.009673119E-2
1.286896797E1,3.474598527E-1,-8.225522637E-1,-5.910116062E-2
1.287131510E1,2.875951231E-1,-6.063061357E-1,-4.688386992E-2
1.287366292E1,2.619388103E-1,-3.888383210E-1,-3.711003065E-2
1.287600990E1,2.729343772E-1,-1.933615804E-1,-2.855792642E-2
1.287835620E1,3.108079731E-1,-3.820195049E-2,-2.122754976E-2
1.288070333E1,3.804465532E-1,5.587121472E-2,-1.511890069E-2
1.288305115E1,4.671893418E-1,8.152753860E-2,-5.345066078E-3
1.288539818E1,5.453800559E-1,4.731911048E-2,9.315687232E-3
1.288774448E1,6.064664721E-1,-3.942368180E-2,2.764162794E-2
1.289009151E1,6.406749487E-1,-1.640400887E-1,4.596756771E-2
1.289243938E1,6.443400979E-1,-3.082041740E-1,5.818486586E-2
1.289478641E1,6.296793818E-1,-4.816897511E-1,7.528907061E-2
1.289713271E1,5.930274725E-1,-6.478449702E-1,8.261945099E-2
1.289947984E1,5.294975638E-1,-8.066697717E-1,7.895425707E-2
1.290182766E1,4.647458792E-1,-9.703815579E-1,6.551523507E-2
1.290417464E1,4.012159407E-1,-1.121876001E0,3.741546348E-2
1.290652094E1,3.169166148E-1,-1.239161968E0,-7.788524963E-3
1.290886807E1,2.387259156E-1,-1.350339413E0,-6.765326858E-2
1.291121588E1,1.751960069E-1,-1.452964664E0,-1.385135651E-1
1.291356292E1,1.055574343E-1,-1.526268482E0,-2.240346372E-1
1.291590922E1,4.935787618E-2,-1.572694182E0,-3.181078136E-1
1.291825625E1,1.881463639E-2,-1.591020107E0,-4.182896018E-1
1.292060411E1,4.153883085E-3,-1.573915839E0,-5.306887627E-1
1.292295115E1,1.148425974E-2,-1.511607647E0,-6.516399980E-1
1.292529745E1,4.202749580E-2,-1.402873755E0,-7.738128901E-1
1.292764448E1,8.845321834E-2,-1.248935819E0,-8.874337673E-1
1.292999240E1,1.446527690E-1,-1.075450301E0,-9.753982425E-1
1.293233938E1,1.971871406E-1,-8.970777988E-1,-1.032819510E0
1.293468568E1,2.350607365E-1,-7.333660126E-1,-1.064584494E0
1.293703281E1,2.619388103E-1,-6.160799861E-1,-1.075580001E0
1.293938062E1,2.765995562E-1,-5.439979434E-1,-1.080466986E0
1.294172766E1,2.778212726E-1,-4.987939596E-1,-1.091462493E0
1.294407391E1,2.643822730E-1,-4.780245721E-1,-1.112231851E0
1.294642104E1,2.313955575E-1,-4.425944090E-1,-1.151327252E0
1.294876885E1,1.898567528E-1,-4.071642756E-1,-1.197752953E0
1.295111588E1,1.385441273E-1,-3.558516204E-1,-1.241735220E0
1.295346219E1,7.745765150E-2,-2.959868908E-1,-1.274721980E0
1.295580922E1,-3.176493570E-3,-2.165744603E-1,-1.286939263E0
1.295815708E1,-1.009148508E-1,-1.249447390E-1,-1.263726354E0
1.296050411E1,-2.145356983E-1,-2.109774202E-2,-1.211192012E0
1.296285042E1,-3.513693810E-1,9.496655315E-2,-1.128114343E0
1.296519755E1,-5.053073168E-1,2.208046913E-1,-1.025489092E0
1.296754536E1,-6.580234766E-1,3.222082257E-1,-9.130900502E-1
1.296989234E1,-8.021875620E-1,3.820729554E-1,-7.958040237E-1
1.297223865E1,-9.329125881E-1,3.991771638E-1,-6.834049225E-1
1.297458578E1,-1.050198674E0,3.710773885E-1,-5.820013881E-1
1.297693359E1,-1.156489134E0,2.989953458E-1,-4.940368533E-1
1.297928063E1,-1.245675445E0,1.914831996E-1,-4.109592438E-1
1.298162688E1,-1.337305069E0,6.686678529E-2,-3.303250968E-1
1.298397401E1,-1.424047947E0,-7.607556134E-2,-2.472474724E-1
1.298632182E1,-1.515677571E0,-2.068006098E-1,-1.568395197E-1
1.298866885E1,-1.602420449E0,-3.216432035E-1,-6.032289192E-2
1.299101516E1,-1.665950298E0,-4.315988421E-1,4.841103032E-2
1.299336219E1,-1.689163208E0,-5.354458690E-1,1.632536054E-1
1.299571010E1,-1.681832790E0,-6.417363286E-1,2.707657814E-1
1.299805708E1,-1.640293956E0,-7.370312214E-1,3.721693456E-1
1.300040338E1,-1.571877122E0,-8.311043978E-1,4.772380590E-1
1.300275052E1,-1.482690930E0,-9.105167985E-1,5.823067427E-1
1.300509833E1,-1.367848396E0,-9.874857664E-1,6.837103367E-1
1.300744531E1,-1.226127744E0,-1.055902600E0,7.838921547E-1
1.300979161E1,-1.075855017E0,-1.102328300E0,8.804087639E-1
1.301213875E1,-9.206953049E-1,-1.113323927E0,9.757036567E-1
1.301448656E1,-7.838615775E-1,-1.087667584E0,1.070998549E0
1.301683359E1,-6.580234766E-1,-1.041241884E0,1.163850069E0
1.301917990E1,-5.578416586E-1,-9.667163491E-1,1.242040753E0
1.302152693E1,-4.894248247E-1,-8.885256648E-1,1.301905513E0
1.302387479E1,-4.515511990E-1,-8.176653385E-1,1.334892154E0
1.302622182E1,-4.368904531E-1,-7.553571463E-1,1.339779139E0
1.302856813E1,-4.503294826E-1,-6.954923868E-1,1.321453094E0
1.303091516E1,-4.857596159E-1,-6.454014778E-1,1.279914379E0
1.303326307E1,-5.370722413E-1,-6.173017025E-1,1.221271276E0
1.303561005E1,-5.969370008E-1,-6.038627028E-1,1.154076219E0
1.303795635E1,-6.616886854E-1,-6.063061357E-1,1.077107310E0
1.304030349E1,-7.288838029E-1,-6.466232538E-1,1.003803492E0
1.304265130E1,-8.046309948E-1,-7.089314461E-1,9.451603889E-1
1.304499833E1,-8.779347539E-1,-8.115566969E-1,9.072868228E-1
1.304734464E1,-9.549037218E-1,-9.349513650E-1,8.804087639E-1
1.304969167E1,-1.025764108E0,-1.075450301E0,8.547524214E-1
1.305203953E1,-1.094180942E0,-1.208618760E0,8.303178549E-1
1.305438656E1,-1.145493627E0,-1.351561069E0,8.009963632E-1
1.305673286E1,-1.185810685E0,-1.484729648E0,7.643444538E-1
1.305907990E1,-1.212688684E0,-1.609346032E0,7.191404700E-1
1.306142781E1,-1.229792953E0,-1.722966909E0,6.666061282E-1
1.306377479E1,-1.235901594E0,-1.823148727E0,6.104065180E-1
1.306612109E1,-1.245675445E0,-1.887900352E0,5.554287434E-1
1.306846823E1,-1.246897101E0,-1.926995635E0,5.126681924E-1
1.307081604E1,-1.246897101E0,-1.931882620E0,4.796815217E-1
1.307316302E1,-1.243231893E0,-1.901339412E0,4.625773132E-1
1.307550932E1,-1.233458042E0,-1.835366011E0,4.552469254E-1
1.307785646E1,-1.226127744E0,-1.729075551E0,4.625773132E-1
1.308020427E1,-1.204136610E0,-1.610567808E0,4.882336259E-1
1.308255130E1,-1.180923700E0,-1.461516738E0,5.236637592E-1
1.308489760E1,-1.155267358E0,-1.306357145E0,5.761981010E-1
1.308724464E1,-1.123502493E0,-1.146310568E0,6.421715021E-1
1.308959250E1,-1.092959166E0,-9.887074232E-1,7.240273952E-1
1.309193953E1,-1.068524599E0,-8.274391890E-1,8.193222880E-1
1.309428583E1,-1.030650973E0,-6.857185960E-1,9.341648221E-1
1.309663286E1,-9.964424968E-1,-5.586587191E-1,1.055116177E0
1.309898078E1,-9.573472142E-1,-4.487030506E-1,1.171180367E0
1.310132776E1,-9.341343045E-1,-3.155345619E-1,1.278692603E0
1.310367406E1,-9.170300961E-1,-1.774791181E-1,1.360548496E0
1.310602120E1,-8.974824548E-1,-4.308886826E-2,1.409417629E0
1.310836901E1,-8.767130375E-1,8.274926990E-2,1.437517405E0
1.311071604E1,-8.522784710E-1,1.975918412E-1,1.447291255E0
1.311306229E1,-8.266221285E-1,2.782259583E-1,1.458286881E0
1.311540943E1,-8.131831288E-1,3.478645384E-1,1.457065105E0
1.311775724E1,-8.107396364E-1,4.089510143E-1,1.447291255E0
1.312010427E1,-8.254004121E-1,4.724809229E-1,1.425300121E0
1.312245057E1,-8.486132622E-1,5.152414441E-1,1.403308988E0
1.312479760E1,-8.791565299E-1,5.604454279E-1,1.386204839E0
1.312714552E1,-9.170300961E-1,6.203101873E-1,1.371544003E0
1.312949250E1,-9.597906470E-1,6.923922300E-1,1.361770153E0
1.313183880E1,-1.006216288E0,7.510352731E-1,1.358105063E0
1.313418594E1,-1.055085659E0,7.974609733E-1,1.355661511E0
1.313653375E1,-1.113728642E0,8.512170911E-1,1.354439855E0
1.313888073E1,-1.187032342E0,9.025297165E-1,1.355661511E0
1.314122703E1,-1.257892728E0,9.562857747E-1,1.360548496E0
1.314357417E1,-1.343413711E0,1.029589534E0,1.353218079E0
1.314592198E1,-1.433821678E0,1.095562935E0,1.339779139E0
1.314826901E1,-1.529116631E0,1.181084037E0,1.314122796E0
1.315061526E1,-1.615859389E0,1.275157213E0,1.286023021E0
1.315296240E1,-1.700158715E0,1.366786838E0,1.261588454E0
1.315531021E1,-1.783236384E0,1.460860014E0,1.245705962E0
1.315765724E1,-1.868757367E0,1.568372250E0,1.232266903E0
1.316000354E1,-1.940839410E0,1.661223650E0,1.224936485E0
1.316235057E1,-2.016586542E0,1.758962035E0,1.213940978E0
1.316469849E1,-2.081338167E0,1.837152719E0,1.206610560E0
1.316704547E1,-2.130207300E0,1.879913211E0,1.206610560E0
1.316939177E1,-2.176633120E0,1.899460912E0,1.210275769E0
1.317173891E1,-2.210841417E0,1.894574046E0,1.217606187E0
1.317408672E1,-2.235276222E0,1.866474271E0,1.227379918E0
1.317643370E1,-2.256045580E0,1.815161586E0,1.233488679E0
1.317878000E1,-2.274371386E0,1.745522976E0,1.235932112E0
1.318112714E1,-2.284145355E0,1.633123875E0,1.237153769E0
1.318347495E1,-2.308579922E0,1.491403341E0,1.228601694E0
1.318582198E1,-2.344010115E0,1.328913331E0,1.217606187E0
1.318816828E1,-2.390435696E0,1.151762486E0,1.209053993E0
1.319051531E1,-2.423422575E0,9.709465504E-1,1.194393277E0
1.319286318E1,-2.458852530E0,8.096782565E-1,1.162628293E0
1.319521021E1,-2.501613140E0,6.826183796E-1,1.125976443E0
1.319755651E1,-2.540708542E0,5.824365616E-1,1.092989683E0
1.319990354E1,-2.594464540E0,5.274587870E-1,1.063668251E0
1.320225146E1,-2.636003494E0,4.920285940E-1,1.042898774E0
1.320459844E1,-2.672655344E0,5.018024445E-1,1.027016401E0
1.320694474E1,-2.703198433E0,5.470064282E-1,1.011133909E0
1.320929188E1,-2.716637611E0,6.190884709E-1,9.952513576E-1
1.321163969E1,-2.720302820E0,7.119399309E-1,9.695950150E-1
1.321398672E1,-2.704420328E0,8.145651817E-1,9.427169561E-1
1.321633297E1,-2.683650732E0,9.355164170E-1,9.133954644E-1
1.321868010E1,-2.649442434E0,1.065019727E0,8.840739131E-1
1.322102792E1,-2.611568689E0,1.196966529E0,8.596393466E-1
1.322337495E1,-2.572473526E0,1.313030839E0,8.437568545E-1
1.322572125E1,-2.537043333E0,1.408325672E0,8.376482129E-1
1.322806828E1,-2.510165215E0,1.469412208E0,8.364264965E-1
1.323041620E1,-2.480843782E0,1.495068431E0,8.388699293E-1
1.323276318E1,-2.452744007E0,1.503620625E0,8.449785709E-1
1.323510948E1,-2.422200680E0,1.480407715E0,8.523089886E-1
1.323745661E1,-2.392879248E0,1.452307940E0,8.571959138E-1
1.323980443E1,-2.366001129E0,1.443755865E0,8.535307050E-1
1.324215141E1,-2.330570936E0,1.416877747E0,8.559741378E-1
1.324449771E1,-2.302471161E0,1.380225897E0,8.596393466E-1
1.324684484E1,-2.274371386E0,1.328913331E0,8.743001223E-1
1.324919266E1,-2.243828297E0,1.276378870E0,8.889608383E-1
1.325153969E1,-2.215728521E0,1.201853395E0,8.950694799E-1
1.325388599E1,-2.180298328E0,1.093119502E0,8.852956891E-1
1.325623302E1,-2.136316061E0,9.416250587E-1,8.620828390E-1
1.325858088E1,-2.082559824E0,7.608090639E-1,8.266526461E-1
1.326092792E1,-2.032469034E0,5.861017704E-1,7.802269459E-1
1.326327422E1,-1.979934812E0,4.260552227E-1,7.289143205E-1
1.326562125E1,-1.937174201E0,3.002170920E-1,6.861537695E-1
1.326796917E1,-1.912739635E0,2.073656619E-1,6.556105614E-1
1.327031615E1,-1.904187560E0,1.475009322E-1,6.201803684E-1
1.327266245E1,-1.890748501E0,7.053196430E-2,5.847502351E-1
1.327500958E1,-1.880974650E0,8.223766461E-3,5.480983257E-1
1.327735740E1,-1.873644352E0,-3.942368180E-2,5.138899088E-1
1.327970438E1,-1.867535710E0,-7.363210618E-2,4.870119095E-1
1.328205068E1,-1.861427069E0,-1.053970680E-1,4.650207758E-1
1.328439781E1,-1.844322801E0,-1.518227756E-1,4.528034627E-1
1.328674562E1,-1.834548950E0,-1.860312223E-1,4.405861795E-1
1.328909266E1,-1.827218652E0,-2.251265645E-1,4.283688962E-1
1.329143896E1,-1.815001369E0,-2.593349814E-1,4.173733294E-1
1.329378599E1,-1.801562309E0,-2.935434282E-1,4.075994790E-1
1.329613385E1,-1.791788459E0,-3.143128157E-1,3.990473747E-1
1.329848088E1,-1.783236384E0,-3.277518451E-1,3.892735541E-1
1.330082719E1,-1.766132116E0,-3.424125910E-1,3.843866289E-1
1.330317422E1,-1.753914833E0,-3.436343372E-1,3.733910620E-1
1.330552214E1,-1.731923699E0,-3.399691582E-1,3.697258830E-1
1.330786911E1,-1.712375998E0,-3.228649199E-1,3.672824204E-1
1.331021542E1,-1.686719775E0,-3.057607114E-1,3.697258830E-1
1.331256255E1,-1.656176448E0,-2.910999656E-1,3.733910620E-1
1.331491036E1,-1.631741881E0,-2.593349814E-1,3.770562410E-1
1.331725734E1,-1.608529091E0,-2.422307730E-1,3.856083453E-1
1.331960365E1,-1.581650972E0,-2.263482809E-1,3.953821957E-1
1.332195078E1,-1.562103271E0,-2.031354308E-1,4.051560163E-1
1.332429859E1,-1.541333914E0,-1.835877597E-1,4.185950458E-1
1.332664563E1,-1.519342780E0,-1.652618051E-1,4.356992543E-1
1.332899193E1,-1.498573422E0,-1.530445218E-1,4.601338506E-1
1.333133896E1,-1.486356139E0,-1.286099255E-1,4.833467007E-1
1.333368682E1,-1.466808438E0,-1.188360974E-1,5.138899088E-1
1.333603385E1,-1.452147722E0,-1.102839932E-1,5.456548929E-1
1.333838016E1,-1.437486887E0,-1.017318889E-1,5.835285187E-1
1.334072719E1,-1.415495753E0,-8.829285949E-2,6.238455772E-1
1.334307510E1,-1.398391604E0,-7.485383004E-2,6.641626358E-1
1.334542208E1,-1.387395978E0,-5.652789026E-2,7.020362616E-1
1.334776838E1,-1.356852770E0,-5.408443511E-2,7.484619617E-1
1.335011552E1,-1.332418203E0,-4.064541310E-2,7.973311543E-1
1.335246333E1,-1.300653219E0,-2.964984626E-2,8.486437798E-1
1.335481031E1,-1.267666578E0,-1.132390462E-2,9.036216140E-1
1.335715661E1,-1.232236385E0,1.311068423E-2,9.585994482E-1
1.335950375E1,-1.198027968E0,3.510181233E-2,1.019685984E0
1.336185156E1,-1.157710910E0,4.976256564E-2,1.083215952E0
1.336419859E1,-1.111285210E0,5.464948341E-2,1.147967577E0
1.336654490E1,-1.067302942E0,7.175369561E-2,1.206610560E0
1.336889193E1,-1.018433571E0,9.252310544E-2,1.264031887E0
1.337123979E1,-9.768949151E-1,1.316184402E-1,1.314122796E0
1.337358682E1,-9.329125881E-1,1.658268571E-1,1.350774646E0
1.337593313E1,-8.925955296E-1,2.037004828E-1,1.376430988E0
1.337828016E1,-8.522784710E-1,2.391306460E-1,1.388648272E0
1.338062807E1,-8.082962036E-1,2.757824957E-1,1.395978689E0
1.338297505E1,-7.740877867E-1,3.246516585E-1,1.389870048E0
1.338532135E1,-7.533183694E-1,3.857381344E-1,1.378874421E0
1.338766849E1,-7.349924445E-1,4.456028938E-1,1.355661511E0
1.339001630E1,-7.178882360E-1,5.030241609E-1,1.333670378E0
1.339236328E1,-7.130013108E-1,5.702192783E-1,1.309235811E0
1.339470958E1,-7.203316689E-1,6.337492466E-1,1.278692603E0
1.339705672E1,-7.252185941E-1,6.801749468E-1,1.248149395E0
1.339940453E1,-7.398793697E-1,7.266006470E-1,1.213940978E0
1.340175156E1,-7.533183694E-1,7.559221387E-1,1.177289009E0
1.340409786E1,-7.643139362E-1,7.742481232E-1,1.136971951E0
1.340644490E1,-7.838615775E-1,7.779132724E-1,1.100320101E0
1.340879276E1,-8.046309948E-1,7.620308399E-1,1.067333460E0
1.341113979E1,-8.241786957E-1,7.437048554E-1,1.029459834E0
1.341348609E1,-8.363959789E-1,7.021660805E-1,9.989165664E-1
1.341583323E1,-8.510567546E-1,6.581838131E-1,9.671515226E-1
1.341818104E1,-8.632740378E-1,6.056494713E-1,9.341648221E-1
1.342052802E1,-8.669391870E-1,5.604454279E-1,8.950694799E-1
1.342287432E1,-8.632740378E-1,5.115762949E-1,8.510872722E-1
1.342522146E1,-8.559436202E-1,4.688157439E-1,8.046615124E-1
1.342756927E1,-8.473915458E-1,4.443811476E-1,7.509054542E-1
1.342991630E1,-8.339524865E-1,4.162813723E-1,6.983710527E-1
1.343226255E1,-8.144048452E-1,3.918468058E-1,6.446149945E-1
1.343460969E1,-7.960789204E-1,3.649687469E-1,5.908588767E-1
1.343695750E1,-7.801964283E-1,3.441993594E-1,5.371027589E-1
1.343930453E1,-7.630922198E-1,3.246516585E-1,4.796815217E-1
1.344165083E1,-7.447662354E-1,3.087691963E-1,4.247036874E-1
1.344399786E1,-7.215533853E-1,2.904432416E-1,3.672824204E-1
1.344634573E1,-7.056708932E-1,2.782259583E-1,3.086394072E-1
1.344869276E1,-6.787928939E-1,2.550131381E-1,2.536615729E-1
1.345103906E1,-6.653538346E-1,2.427958250E-1,1.925751120E-1
1.345338609E1,-6.433627009E-1,2.098091245E-1,1.351538301E-1
1.345573401E1,-6.201498508E-1,1.658268571E-1,7.528907061E-2
1.345808099E1,-6.018239260E-1,1.120707765E-1,1.298087556E-2
1.346042729E1,-5.834980011E-1,4.976256564E-2,-4.810559750E-2
1.346277443E1,-5.615068674E-1,-1.376736164E-2,-1.128572598E-1
1.346512224E1,-5.321853161E-1,-8.218421787E-2,-1.715002656E-1
1.346746927E1,-5.040855408E-1,-1.396054924E-1,-2.313650101E-1
1.346981552E1,-4.735423326E-1,-1.958050430E-1,-2.887862921E-1
1.347216266E1,-4.405556321E-1,-2.422307730E-1,-3.449858427E-1
1.347451047E1,-3.977951109E-1,-2.923216820E-1,-3.962984979E-1
1.347685750E1,-3.538128436E-1,-3.375256956E-1,-4.427241981E-1
1.347920380E1,-3.134957552E-1,-3.753992915E-1,-4.867064655E-1
1.348155083E1,-2.585179508E-1,-4.218250215E-1,-5.245801210E-1
1.348389870E1,-2.120922357E-1,-4.401509464E-1,-5.648971796E-1
1.348624573E1,-1.534492224E-1,-4.731376469E-1,-6.039925218E-1
1.348859203E1,-9.480620176E-2,-4.890201092E-1,-6.443095803E-1
1.349093917E1,-3.494145721E-2,-4.987939596E-1,-6.882918477E-1
1.349328698E1,2.858847193E-2,-5.049026012E-1,-7.286089063E-1
1.349563396E1,9.578359127E-2,-5.158981681E-1,-7.677042484E-1
1.349798026E1,1.617569774E-1,-5.171198845E-1,-8.092430830E-1
1.350032740E1,2.375041991E-1,-5.281154513E-1,-8.434514999E-1
1.350267521E1,3.120297194E-1,-5.513283610E-1,-8.739947081E-1
1.350502224E1,3.877769411E-1,-5.720977187E-1,-9.033162594E-1
1.350736854E1,4.745197296E-1,-6.124148369E-1,-9.277508259E-1
1.350971557E1,5.600407720E-1,-6.490666866E-1,-9.485202432E-1
1.351206344E1,6.626660824E-1,-7.003793120E-1,-9.619592428E-1
1.351441047E1,7.701782584E-1,-7.382529378E-1,-9.680678844E-1
1.351675677E1,8.923512101E-1,-7.834569216E-1,-9.644027352E-1
1.351910380E1,1.015745878E0,-8.372130394E-1,-9.534071684E-1
1.352145172E1,1.140362263E0,-8.873039484E-1,-9.399681091E-1
1.352379870E1,1.264978647E0,-9.349513650E-1,-9.240856171E-1
1.352614500E1,1.384708047E0,-9.716032743E-1,-9.094249010E-1
1.352849214E1,1.498328924E0,-9.887074232E-1,-8.959858418E-1
1.353083995E1,1.616836667E0,-9.923726320E-1,-8.764382005E-1
1.353318693E1,1.723127127E0,-9.764901996E-1,-8.568904996E-1
1.353553323E1,1.826974154E0,-9.447252154E-1,-8.361211419E-1
1.353788036E1,1.924712539E0,-8.970777988E-1,-8.177951574E-1
1.354022818E1,2.018785954E0,-8.518737555E-1,-7.970257998E-1
1.354257521E1,2.099419832E0,-7.895655632E-1,-7.786998153E-1
1.354492146E1,2.181275845E0,-7.272573709E-1,-7.567086816E-1
1.354726859E1,2.250914335E0,-6.454014778E-1,-7.359393239E-1
1.354961641E1,2.319331169E0,-5.684325695E-1,-7.163916230E-1
1.355196344E1,2.379195929E0,-4.841331840E-1,-7.041743398E-1
1.355430974E1,2.440282345E0,-4.059425294E-1,-6.992874146E-1
1.355665677E1,2.498925447E0,-3.387474120E-1,-6.980656981E-1
1.355900469E1,2.558790207E0,-2.837695777E-1,-7.017308474E-1
1.356135167E1,2.623541832E0,-2.373438776E-1,-7.078395486E-1
1.356369797E1,2.682184935E0,-1.921398640E-1,-7.212785482E-1
1.356604500E1,2.738384485E0,-1.481575966E-1,-7.408261895E-1
1.356839292E1,2.799470901E0,-1.127274409E-1,-7.615956068E-1
1.357073990E1,2.858114004E0,-8.340593427E-2,-7.896953821E-1
1.357308620E1,2.908204794E0,-4.186714068E-2,-8.239037991E-1
1.357543333E1,2.964404345E0,-6.436986849E-3,-8.642209172E-1
1.357778115E1,3.016938686E0,3.021489456E-2,-9.118683338E-1
1.358012813E1,3.064586163E0,6.320159137E-2,-9.656244516E-1
1.358247443E1,3.106125116E0,1.022969410E-1,-1.025489092E0
1.358482156E1,3.152550697E0,1.328401864E-1,-1.090240836E0
1.358716938E1,3.186759233E0,1.621616781E-1,-1.165987968E0
1.358951641E1,3.219745874E0,1.853745282E-1,-1.247843862E0
1.359186271E1,3.252732515E0,1.975918412E-1,-1.328477979E0
1.359420974E1,3.275945425E0,2.061439455E-1,-1.407890439E0
1.359655760E1,3.286941051E0,2.281350791E-1,-1.492189765E0
1.359890464E1,3.299158335E0,2.415741086E-1,-1.574045658E0
1.360125094E1,3.304045200E0,2.562348545E-1,-1.658344984E0
1.360359797E1,3.305266857E0,2.708955705E-1,-1.735313892E0
1.360594588E1,3.305266857E0,2.977736294E-1,-1.798843861E0
1.360829286E1,3.302823544E0,3.759643137E-1,-1.841604352E0
1.361063917E1,3.271058559E0,5.372325778E-1,-1.853821635E0
1.361298630E1,3.218524218E0,7.718046308E-1,-1.825721860E0
1.361533411E1,3.142776966E0,1.043028593E0,-1.760970235E0
1.361768109E1,3.053590536E0,1.283709288E0,-1.663231850E0
1.362002740E1,2.949743748E0,1.492624998E0,-1.545945883E0
1.362237453E1,2.836122751E0,1.689323425E0,-1.411555648E0
1.362472234E1,2.722501993E0,1.888465405E0,-1.258839488E0
1.362706938E1,2.622320175E0,2.075390100E0,-1.113453627E0
1.362941568E1,2.539242506E0,2.209780216E0,-1.001054525E0
1.363176271E1,2.463495255E0,2.320957661E0,-9.057596922E-1
1.363411057E1,2.398743629E0,2.426026344E0,-8.214603662E-1
1.363645760E1,2.333992004E0,2.560416698E0,-7.420479655E-1
1.363880391E1,2.287566185E0,2.667928934E0,-6.650789976E-1
1.364115104E1,2.263131618E0,2.705802441E0,-6.088794470E-1
1.364349885E1,2.268018484E0,2.655711651E0,-5.465712547E-1
1.364584583E1,2.294896603E0,2.531095266E0,-4.769326150E-1
1.364819214E1,2.335213661E0,2.347835779E0,-4.085157812E-1
1.365053927E1,2.393856764E0,2.110820293E0,-3.486510217E-1
1.365288708E1,2.459830046E0,1.853035212E0,-2.973383963E-1
1.365523406E1,2.535577297E0,1.597693801E0,-2.545778751E-1
1.365758036E1,2.619876623E0,1.358234763E0,-2.203694433E-1
1.365992750E1,2.707841158E0,1.137101769E0,-1.983783096E-1
1.366227531E1,2.797027349E0,9.171904325E-1,-1.861610264E-1
1.366462234E1,2.884991884E0,6.985008717E-1,-1.824958324E-1
1.366696865E1,2.970513105E0,4.773678482E-1,-1.812741011E-1
1.366931568E1,3.040151596E0,2.794476748E-1,-1.861610264E-1
1.367166354E1,3.102459908E0,8.763618022E-2,-1.959348619E-1
1.367401057E1,3.145220280E0,-8.829285949E-2,-2.105956078E-1
1.367635688E1,3.173320055E0,-2.495611608E-1,-2.338084728E-1
1.367870391E1,3.184315681E0,-3.949469626E-1,-2.692386210E-1
1.368105182E1,3.180650473E0,-5.122329593E-1,-3.010035753E-1
1.368339880E1,3.172098398E0,-6.038627028E-1,-3.217729926E-1
1.368574510E1,3.143998623E0,-6.625057459E-1,-3.462075889E-1
1.368809224E1,3.120785713E0,-7.040445209E-1,-3.694204390E-1
1.369044005E1,3.089020729E0,-7.125965953E-1,-3.962984979E-1
1.369278703E1,3.054812431E0,-6.869403124E-1,-4.292851686E-1
1.369513333E1,3.016938686E0,-6.136365533E-1,-4.696022570E-1
1.369748047E1,2.986395597E0,-5.207850933E-1,-5.160279870E-1
1.369982828E1,2.958295822E0,-3.912817836E-1,-5.710058212E-1
1.370217531E1,2.938748121E0,-2.556698024E-1,-6.259836555E-1
1.370452156E1,2.926530838E0,-1.273882091E-1,-6.809614897E-1
1.370686870E1,2.928974152E0,-2.354119718E-2,-7.310523987E-1
1.370921651E1,2.952187061E0,9.374482185E-2,-7.701477408E-1
1.371156354E1,2.997390985E0,2.611217797E-1,-7.860302329E-1
1.371390984E1,3.062142849E0,4.113944769E-1,-7.872519493E-1
1.371625688E1,3.126894474E0,5.115762949E-1,-7.884736657E-1
1.371860474E1,3.191646099E0,5.848800540E-1,-7.835867405E-1
1.372095177E1,3.260062933E0,6.398578882E-1,-7.664825320E-1
1.372329807E1,3.334588289E0,6.679576635E-1,-7.322741151E-1
1.372564521E1,3.401783466E0,6.862835884E-1,-6.944004893E-1
1.372799302E1,3.464091778E0,6.923922300E-1,-6.626355052E-1
1.373034000E1,3.509295702E0,6.838401556E-1,-6.467530727E-1
1.373268630E1,3.536173820E0,6.887270212E-1,-6.455312967E-1
1.373503344E1,3.548391104E0,7.375962138E-1,-6.394226551E-1
1.373738125E1,3.549612761E0,8.121217489E-1,-6.394226551E-1
1.373972823E1,3.519069433E0,9.281859994E-1,-6.675224304E-1
1.374207453E1,3.455539703E0,1.038141608E0,-7.261654735E-1
1.374442167E1,3.356579542E0,1.126106143E0,-8.055778742E-1
1.374676948E1,3.236850023E0,1.177418828E0,-8.776599169E-1
1.374911651E1,3.084133863E0,1.223844528E0,-9.350811839E-1
1.375146281E1,2.904539585E0,1.259274721E0,-9.729548097E-1
1.375380984E1,2.711506367E0,1.275157213E0,-9.973893762E-1
1.375615771E1,2.500147104E0,1.250722647E0,-1.009606600E0
1.375850474E1,2.272905588E0,1.188414335E0,-1.007163167E0
1.376085104E1,2.044442177E0,1.088232517E0,-9.839503765E-1
1.376319807E1,1.839191437E0,9.391815662E-1,-9.411898255E-1
1.376554599E1,1.657153726E0,7.669177055E-1,-8.886554837E-1
1.376789297E1,1.497107148E0,5.824365616E-1,-8.336776495E-1
1.377023927E1,1.355386615E0,3.784077764E-1,-7.872519493E-1
1.377258641E1,1.233213663E0,1.536095738E-1,-7.518217564E-1
1.377493422E1,1.134253502E0,-9.562323242E-2,-7.261654735E-1
1.377728120E1,1.046289086E0,-3.570733666E-1,-7.102829814E-1
1.377962750E1,9.754288197E-1,-6.429580450E-1,-6.956222057E-1
1.378197464E1,9.057902098E-1,-9.312862158E-1,-6.846266389E-1
1.378432245E1,8.471472263E-1,-1.225723028E0,-6.724093556E-1
1.378666948E1,7.811738253E-1,-1.492060065E0,-6.638572812E-1
1.378901578E1,7.200873494E-1,-1.752288342E0,-6.540834308E-1
1.379136281E1,6.577791572E-1,-1.984416842E0,-6.418661475E-1
1.379371068E1,6.028013229E-1,-2.188445568E0,-6.296488643E-1
1.379605771E1,5.588190556E-1,-2.366818190E0,-6.088794470E-1
1.379840401E1,5.111715794E-1,-2.499986649E0,-5.905535221E-1
1.380075104E1,4.696328044E-1,-2.592838049E0,-5.697841048E-1
1.380309896E1,4.464199543E-1,-2.658811569E0,-5.453494787E-1
1.380544594E1,4.244288206E-1,-2.678359270E0,-5.221366286E-1
1.380779224E1,4.085463285E-1,-2.660033226E0,-4.952585697E-1
1.381013938E1,4.061028659E-1,-2.611164093E0,-4.683805108E-1
1.381248719E1,4.097680449E-1,-2.529308081E0,-4.439459443E-1
1.381483417E1,4.305374622E-1,-2.442565441E0,-4.158461690E-1
1.381718047E1,4.427547455E-1,-2.311840296E0,-3.950767517E-1
1.381952760E1,4.732979834E-1,-2.173784971E0,-3.718639016E-1
1.382187542E1,5.050629377E-1,-2.019846916E0,-3.523162305E-1
1.382422245E1,5.404931307E-1,-1.853691936E0,-3.339902759E-1
1.382656870E1,5.771449804E-1,-1.671654224E0,-3.168860674E-1
1.382891583E1,6.125751734E-1,-1.479842663E0,-3.058905005E-1
1.383126365E1,6.504487395E-1,-1.300248504E0,-2.936732173E-1
1.383361068E1,6.858789325E-1,-1.124319434E0,-2.802341878E-1
1.383595698E1,7.103134990E-1,-9.471686482E-1,-2.667951584E-1
1.383830401E1,7.359698415E-1,-7.859004140E-1,-2.533561587E-1
1.384065193E1,7.518523335E-1,-6.295190454E-1,-2.362519205E-1
1.384299891E1,7.665130496E-1,-4.975722432E-1,-2.167042494E-1
1.384534521E1,7.701782584E-1,-3.668471873E-1,-1.983783096E-1
1.384769224E1,7.652913332E-1,-2.422307730E-1,-1.800523698E-1
1.385004016E1,7.640696168E-1,-1.334968507E-1,-1.605046988E-1
1.385238714E1,7.445219159E-1,-2.109774202E-2,-1.421787590E-1
1.385473344E1,7.310829163E-1,7.541888952E-2,-1.201876402E-1
1.385708057E1,7.054265738E-1,1.670486033E-1,-9.697478265E-2
1.385942839E1,6.797702909E-1,2.391306460E-1,-7.009673119E-2
1.386177536E1,6.492270231E-1,3.014388084E-1,-4.199695215E-2
1.386412167E1,6.162403226E-1,3.539731801E-1,-1.389717311E-2
1.386646880E1,5.844753981E-1,3.832947016E-1,1.908952184E-2
1.386881661E1,5.502669215E-1,3.918468058E-1,5.574140325E-2
1.387116365E1,5.136150718E-1,3.857381344E-1,9.850192815E-2
1.387350995E1,4.769631922E-1,3.710773885E-1,1.461493820E-1
1.387585698E1,4.305374622E-1,3.588601053E-1,1.950185597E-1
1.387820484E1,3.853334785E-1,3.380906880E-1,2.414442897E-1
1.388055188E1,3.303556442E-1,3.209864795E-1,2.866482735E-1
1.388289818E1,2.753778398E-1,2.965518832E-1,3.257436156E-1
1.388524521E1,2.179565281E-1,2.635652423E-1,3.623954952E-1
1.388759312E1,1.470962316E-1,2.427958250E-1,3.941604793E-1
1.388994010E1,7.623592019E-2,2.085874081E-1,4.259254336E-1
1.389228641E1,-5.619952455E-3,1.707137823E-1,4.540252090E-1
1.389463354E1,-9.480620176E-2,1.194011495E-1,4.784598053E-1
1.389698135E1,-1.839924604E-1,4.121046141E-2,5.004509687E-1
1.389932833E1,-2.902829051E-1,-5.408443511E-2,5.212202668E-1
1.390167464E1,-4.124558568E-1,-1.677052677E-1,5.358810425E-1
1.390402177E1,-5.382940173E-1,-3.069824576E-1,5.456548929E-1
1.390636958E1,-6.787928939E-1,-4.645855427E-1,5.456548929E-1
1.390871661E1,-8.192917705E-1,-6.307407618E-1,5.346593261E-1
1.391106292E1,-9.646775723E-1,-8.042263389E-1,5.102247596E-1
1.391340995E1,-1.114950299E0,-9.716032743E-1,4.760163426E-1
1.391575781E1,-1.250562310E0,-1.119432569E0,4.295906126E-1
1.391810484E1,-1.371513486E0,-1.233053327E0,3.782779872E-1
1.392045115E1,-1.469251871E0,-1.292918086E0,3.306305408E-1
1.392279818E1,-1.544999123E0,-1.278257370E0,2.903134525E-1
1.392514604E1,-1.588981390E0,-1.198844910E0,2.573267519E-1
1.392749307E1,-1.593868256E0,-1.068119884E0,2.280052602E-1
1.392983938E1,-1.575542331E0,-8.763083816E-1,1.937968433E-1
1.393218641E1,-1.526673198E0,-6.551753283E-1,1.571449488E-1
1.393453432E1,-1.438708663E0,-4.181598425E-1,1.192713305E-1
1.393688130E1,-1.327531219E0,-1.689269841E-1,8.139771968E-2
1.393922760E1,-1.183367133E0,8.030579984E-2,4.841103032E-2
1.394157474E1,-1.004994631E0,3.246516585E-1,9.315687232E-3
1.394392255E1,-7.973006368E-1,5.470064282E-1,-3.344484419E-2
1.394626953E1,-5.663937926E-1,7.388179302E-1,-8.475748450E-2
1.394861583E1,-3.147175014E-1,8.768733740E-1,-1.421787590E-1
1.395096297E1,-6.548469514E-2,9.599509835E-1,-2.020435035E-1
1.395331078E1,1.837481111E-1,9.782769084E-1,-2.606865168E-1
1.395565781E1,4.232070744E-1,9.342946410E-1,-3.156643510E-1
1.395800411E1,6.284576058E-1,8.585474491E-1,-3.645335138E-1
1.396035115E1,8.080518842E-1,7.424831390E-1,-4.036288559E-1
1.396269901E1,9.595463276E-1,5.909886956E-1,-4.280634522E-1
1.396504604E1,1.065836668E0,4.138379097E-1,-4.366155565E-1
1.396739234E1,1.128144860E0,2.012570202E-1,-4.305069149E-1
1.396973938E1,1.151357770E0,-2.354119718E-2,-4.085157812E-1
1.397208724E1,1.139140487E0,-2.666653693E-1,-3.730856180E-1
1.397443427E1,1.107375503E0,-5.171198845E-1,-3.217729926E-1
1.397678057E1,1.076832294E0,-7.822352052E-1,-2.631299794E-1
1.397912771E1,1.037736893E0,-1.030246258E0,-2.069304287E-1
1.398147552E1,1.005972028E0,-1.248935819E0,-1.592829674E-1
1.398382250E1,9.766505361E-1,-1.427308321E0,-1.201876402E-1
1.398616880E1,9.497724771E-1,-1.558033347E0,-8.720094711E-2
1.398851594E1,9.155640602E-1,-1.630115390E0,-5.665770546E-2
1.399086375E1,8.874642849E-1,-1.644776225E0,-3.222311288E-2
1.399321073E1,8.581427932E-1,-1.594685316E0,-1.756235957E-2
1.399555703E1,8.227126002E-1,-1.474955797E0,-1.023198385E-2
1.399790417E1,7.787303329E-1,-1.316130996E0,-6.566795520E-3
1.400025198E1,7.396349907E-1,-1.134093285E0,-4.123336636E-3
1.400259901E1,6.993179321E-1,-9.092950821E-1,-1.145371329E-2
1.400494531E1,6.809920073E-1,-6.710578203E-1,-2.244927734E-2
1.400729234E1,6.553356647E-1,-4.022773504E-1,-3.344484419E-2
1.400964021E1,6.370097399E-1,-1.860312223E-1,-3.100138530E-2
1.401198724E1,6.272358894E-1,-4.553233087E-2,-1.389717311E-2
1.401433354E1,6.284576058E-1,-6.436986849E-3,1.786779240E-2
1.401668057E1,6.247924566E-1,-2.842811495E-2,4.963275790E-2
1.401902849E1,6.211272478E-1,-1.139491722E-1,8.261945099E-2
1.402137547E1,6.309010983E-1,-2.520046234E-1,1.217147931E-1
1.402372177E1,6.370097399E-1,-4.096077085E-1,1.608101428E-1
1.402606891E1,6.186838150E-1,-5.598804355E-1,1.974620223E-1
1.402841672E1,5.979143977E-1,-7.272573709E-1,2.426660061E-1
1.403076370E1,5.661494136E-1,-8.897473812E-1,2.903134525E-1
1.403311000E1,5.136150718E-1,-1.043685317E0,3.355174363E-1
1.403545714E1,4.500851333E-1,-1.197623253E0,3.794997036E-1
1.403780495E1,3.804465532E-1,-1.340565562E0,4.185950458E-1
1.404015198E1,3.010341525E-1,-1.478621006E0,4.491382837E-1
1.404249823E1,2.081827074E-1,-1.606902599E0,4.699077010E-1
1.404484536E1,1.202181801E-1,-1.743736267E0,4.882336259E-1
1.404719318E1,2.981020324E-2,-1.868352652E0,4.931205511E-1
1.404954021E1,-5.571085960E-2,-1.984416842E0,4.870119095E-1
1.405188651E1,-1.290146261E-1,-2.090707302E0,4.686859548E-1
1.405423354E1,-1.888793856E-1,-2.170119762E0,4.344775379E-1
1.405658141E1,-2.365268320E-1,-2.228762627E0,3.941604793E-1
1.405892844E1,-2.805090845E-1,-2.225097656E0,3.404043615E-1
1.406127474E1,-3.159392178E-1,-2.179893494E0,2.854265571E-1
1.406362177E1,-3.415955603E-1,-2.085820436E0,2.304487228E-1
1.406596969E1,-3.574780226E-1,-1.946543336E0,1.840229928E-1
1.406831667E1,-3.623649478E-1,-1.775501251E0,1.424842030E-1
1.407066297E1,-3.611432314E-1,-1.575137615E0,1.070540398E-1
1.407301010E1,-3.538128436E-1,-1.368665338E0,6.795869768E-2
1.407535792E1,-3.477042019E-1,-1.157306194E0,3.130681440E-2
1.407770490E1,-3.415955603E-1,-9.544990659E-1,-1.267544180E-2
1.408005120E1,-3.330434561E-1,-7.626875043E-1,-6.032289192E-2
1.408239833E1,-3.232696056E-1,-5.855367780E-1,-1.116355285E-1
1.408474615E1,-3.122740388E-1,-4.303771257E-1,-1.690568030E-1
1.408709318E1,-2.939481139E-1,-3.094259202E-1,-2.338084728E-1
1.408943943E1,-2.756221592E-1,-1.921398640E-1,-3.083339632E-1
1.409178656E1,-2.511875629E-1,-1.066187993E-1,-3.877463639E-1
1.409413438E1,-2.328616530E-1,-3.942368180E-2,-4.769326150E-1
1.409648141E1,-2.194226235E-1,1.188895479E-2,-5.746710300E-1
1.409882771E1,-2.169791609E-1,6.075813249E-2,-6.809614897E-1
1.410117474E1,-2.353050858E-1,9.130137414E-2,-7.835867405E-1
1.410352260E1,-2.597396672E-1,1.035186574E-1,-8.727729917E-1
1.410586964E1,-3.037219346E-1,1.157359555E-1,-9.424116015E-1
1.410821594E1,-3.709170520E-1,1.352836192E-1,-9.876155853E-1
1.411056297E1,-4.466642737E-1,1.584964991E-1,-1.002276182E0
1.411291089E1,-5.334070921E-1,1.914831996E-1,-9.925025105E-1
1.411525786E1,-6.238150597E-1,2.269133329E-1,-9.619592428E-1
1.411760417E1,-7.191099524E-1,2.745607793E-1,-9.094249010E-1
1.411995130E1,-8.070744872E-1,3.124343753E-1,-8.373428583E-1
1.412229911E1,-8.803782463E-1,3.319820464E-1,-7.432696819E-1
1.412464609E1,-9.426864386E-1,3.209864795E-1,-6.382009387E-1
1.412699240E1,-1.000107646E0,2.867780626E-1,-5.306887627E-1
1.412933953E1,-1.040424824E0,2.183612287E-1,-4.207330644E-1
1.413168734E1,-1.078298450E0,1.267315149E-1,-3.144426048E-1
1.413403438E1,-1.121058941E0,1.921933144E-2,-2.142608017E-1
1.413638068E1,-1.166262984E0,-8.951459080E-2,-1.165224537E-1
1.413872771E1,-1.213910460E0,-1.958050430E-1,-2.489273623E-2
1.414107557E1,-1.268888235E0,-3.008738160E-1,5.818486586E-2
1.414342260E1,-1.327531219E0,-3.937252462E-1,1.290451735E-1
1.414576891E1,-1.372735262E0,-4.792462885E-1,1.913533807E-1
1.414811594E1,-1.399613261E0,-5.476631522E-1,2.475529313E-1
1.415046380E1,-1.413052320E0,-6.026409864E-1,3.000873029E-1
1.415281083E1,-1.398391604E0,-6.405146122E-1,3.465130031E-1
1.415515714E1,-1.369070053E0,-6.649491787E-1,3.917170167E-1
1.415750427E1,-1.333639860E0,-6.722795367E-1,4.344775379E-1
1.415985208E1,-1.283548951E0,-6.747230291E-1,4.845684469E-1
1.416219906E1,-1.223684311E0,-6.844968200E-1,5.407679677E-1
1.416454536E1,-1.147937059E0,-7.016010284E-1,6.042978764E-1
1.416689250E1,-1.067302942E0,-7.101531625E-1,6.714929938E-1
1.416924031E1,-9.866686463E-1,-6.991575956E-1,7.362446785E-1
1.417158729E1,-9.133649468E-1,-6.649491787E-1,7.912225127E-1
1.417393359E1,-8.461698294E-1,-6.221886277E-1,8.400917053E-1
1.417628073E1,-7.826398611E-1,-5.696542859E-1,8.779652715E-1
1.417862854E1,-7.288838029E-1,-5.097895265E-1,9.048433304E-1
1.418097552E1,-6.812363267E-1,-4.499247968E-1,9.231692553E-1
1.418332188E1,-6.458061934E-1,-3.973904252E-1,9.366083145E-1
1.418566891E1,-6.177064180E-1,-3.717341125E-1,9.414952397E-1
1.418801677E1,-6.054891348E-1,-3.741775751E-1,9.427169561E-1
1.419036380E1,-6.067108512E-1,-4.108294547E-1,9.561559558E-1
1.419271010E1,-6.103760004E-1,-4.877983928E-1,9.708167315E-1
1.419505714E1,-6.274802089E-1,-5.745412111E-1,9.732601643E-1
1.419740500E1,-6.543582678E-1,-6.722795367E-1,9.695950150E-1
1.419975203E1,-6.836798191E-1,-7.639092803E-1,9.634863734E-1
1.420209833E1,-7.191099524E-1,-8.555389643E-1,9.585994482E-1
1.420444547E1,-7.667573690E-1,-9.227340817E-1,9.537125230E-1
1.420679328E1,-7.973006368E-1,-1.013141990E0,9.585994482E-1
1.420914026E1,-8.363959789E-1,-1.090111017E0,9.622645974E-1
1.421148656E1,-8.669391870E-1,-1.169523478E0,9.732601643E-1
1.421383370E1,-8.938172460E-1,-1.241605520E0,9.891426563E-1
1.421618151E1,-9.231387377E-1,-1.299026728E0,1.008690357E0
1.421852849E1,-9.549037218E-1,-1.329569936E0,1.029459834E0
1.422087479E1,-9.988859296E-1,-1.329569936E0,1.049007416E0
1.422322193E1,-1.040424824E0,-1.316130996E0,1.072220325E0
1.422556974E1,-1.084407091E0,-1.277035594E0,1.089324594E0
1.422791677E1,-1.134498000E0,-1.212283969E0,1.103985310E0
1.423026302E1,-1.187032342E0,-1.120654225E0,1.117424369E0
1.423261016E1,-1.235901594E0,-1.007033348E0,1.128419876E0
1.423495797E1,-1.284770727E0,-8.775300980E-1,1.136971951E0
1.423730500E1,-1.329974771E0,-7.406964302E-1,1.141858935E0
1.423965130E1,-1.372735262E0,-5.989757776E-1,1.144302368E0
1.424199833E1,-1.409387112E0,-4.645855427E-1,1.143080592E0
1.424434620E1,-1.448482513E0,-3.204214573E-1,1.135750294E0
1.424669323E1,-1.487577796E0,-1.774791181E-1,1.125976443E0
1.424903953E1,-1.531560063E0,-3.087157756E-2,1.114980817E0
1.425138656E1,-1.574320674E0,1.010752097E-1,1.101541877E0
1.425373448E1,-1.618302822E0,2.122525871E-1,1.084437609E0
1.425608146E1,-1.673280716E0,3.160995543E-1,1.066111684E0
1.425842776E1,-1.725815058E0,3.991771638E-1,1.050229192E0
1.426077490E1,-1.778349400E0,4.749243855E-1,1.036790133E0
1.426312271E1,-1.844322801E0,5.592237115E-1,1.024572849E0
1.426546969E1,-1.904187560E0,6.386361122E-1,1.012355566E0
1.426781599E1,-1.970160961E0,7.229354978E-1,9.976947904E-1
1.427016313E1,-2.036134243E0,8.023478985E-1,9.866992235E-1
1.427251094E1,-2.087446928E0,8.561039567E-1,9.793688655E-1
1.427485797E1,-2.144868135E0,9.171904325E-1,9.720384479E-1
1.427720422E1,-2.201067686E0,9.721682668E-1,9.671515226E-1
1.427955135E1,-2.253602028E0,1.032032967E0,9.683732986E-1
1.428189917E1,-2.309801579E0,1.099228144E0,9.757036567E-1
1.428424620E1,-2.367222786E0,1.168866754E0,9.866992235E-1
1.428659250E1,-2.433196306E0,1.266605020E0,1.000138283E0
1.428893953E1,-2.484508991E0,1.358234763E0,1.022129416E0
1.429128740E1,-2.540708542E0,1.458416581E0,1.049007416E0
1.429363443E1,-2.606681824E0,1.563485384E0,1.080772400E0
1.429598073E1,-2.671433449E0,1.672219276E0,1.113759160E0
1.429832776E1,-2.728854895E0,1.774844527E0,1.151632786E0
1.430067568E1,-2.780167341E0,1.866474271E0,1.196836710E0
1.430302266E1,-2.831480026E0,1.945886612E0,1.244484186E0
1.430536896E1,-2.858358145E0,2.008194923E0,1.295796871E0
1.430771609E1,-2.879127502E0,2.070503235E0,1.341000795E0
1.431006391E1,-2.895009995E0,2.131589651E0,1.383761287E0
1.431241088E1,-2.882792711E0,2.200006485E0,1.419191480E0
1.431475719E1,-2.860801697E0,2.269644976E0,1.439960957E0
1.431710432E1,-2.836366892E0,2.324622869E0,1.441182613E0
1.431945214E1,-2.811932325E0,2.364939928E0,1.433852196E0
1.432179917E1,-2.782610893E0,2.380822420E0,1.419191480E0
1.432414542E1,-2.763063192E0,2.369826794E0,1.394756913E0
1.432649255E1,-2.752067566E0,2.341727018E0,1.360548496E0
1.432884036E1,-2.730076551E0,2.303853512E0,1.314122796E0
1.433118740E1,-2.708085299E0,2.263536453E0,1.256701469E0
1.433353370E1,-2.686094284E0,2.220775843E0,1.193171501E0
1.433588073E1,-2.664103270E0,2.175571918E0,1.129641652E0
1.433822859E1,-2.633559942E0,2.121815920E0,1.067333460E0
1.434057563E1,-2.607903719E0,2.071724892E0,1.009912133E0
1.434292193E1,-2.593242884E0,2.031407833E0,9.573777318E-1
1.434526896E1,-2.585912466E0,2.003308058E0,9.097302556E-1
1.434761688E1,-2.589577675E0,1.967877746E0,8.645262718E-1
1.434996385E1,-2.598129749E0,1.928782463E0,8.254309297E-1
1.435231016E1,-2.612790585E0,1.893352270E0,7.948877215E-1
1.435465729E1,-2.636003494E0,1.868917704E0,7.667878866E-1
1.435700510E1,-2.655550957E0,1.840817928E0,7.447968125E-1
1.435935208E1,-2.681207418E0,1.828600645E0,7.215839028E-1
1.436169838E1,-2.714194059E0,1.831044078E0,7.008145452E-1
1.436404552E1,-2.745959044E0,1.842039585E0,6.788234115E-1
1.436639333E1,-2.774058819E0,1.860365629E0,6.592757106E-1
1.436874031E1,-2.797271729E0,1.888465405E0,6.409497857E-1
1.437108661E1,-2.820484638E0,1.928782463E0,6.238455772E-1
1.437343375E1,-2.835145235E0,1.966656089E0,6.091848016E-1
1.437578156E1,-2.853471279E0,2.004529715E0,5.957458019E-1
1.437812859E1,-2.866910219E0,2.035073042E0,5.871936679E-1
1.438047490E1,-2.875462294E0,2.049733877E0,5.835285187E-1
1.438282193E1,-2.874240637E0,2.022855759E0,5.713111758E-1
1.438516979E1,-2.849806070E0,1.933669329E0,5.590938926E-1
1.438751682E1,-2.815597534E0,1.813939810E0,5.444331765E-1
1.438986313E1,-2.764285088E0,1.658780217E0,5.248854756E-1
1.439221016E1,-2.705641985E0,1.484072924E0,4.967857301E-1
1.439455807E1,-2.637225151E0,1.282487512E0,4.711294174E-1
1.439690505E1,-2.560256243E0,1.073571801E0,4.564686716E-1
1.439925135E1,-2.488174200E0,8.658778071E-1,4.540252090E-1
1.440159849E1,-2.409983397E0,6.581838131E-1,4.589121342E-1
1.440394630E1,-2.352562189E0,4.920285940E-1,4.503600299E-1
1.440629328E1,-2.302471161E0,3.197647631E-1,4.405861795E-1
1.440863958E1,-2.242606401E0,1.267315149E-1,4.418079257E-1
1.441098672E1,-2.166859388E0,-6.874518842E-2,4.540252090E-1
1.441333453E1,-2.091112137E0,-2.336786687E-1,4.796815217E-1
1.441568151E1,-1.999482512E0,-3.802862167E-1,5.212202668E-1
1.441802781E1,-1.920070052E0,-4.865766764E-1,5.713111758E-1
1.442037495E1,-1.857761860E0,-5.672107935E-1,6.091848016E-1
1.442272276E1,-1.815001369E0,-6.368494034E-1,6.262890100E-1
1.442506979E1,-1.778349400E0,-7.138183713E-1,6.348411441E-1
1.442741609E1,-1.758801818E0,-7.810134888E-1,6.287325025E-1
1.442976313E1,-1.741697550E0,-8.543172479E-1,6.189586520E-1
1.443211099E1,-1.728258491E0,-9.325079322E-1,6.067413688E-1
1.443445802E1,-1.720928192E0,-1.002146482E0,5.957458019E-1
1.443680432E1,-1.712375998E0,-1.071785092E0,5.859719515E-1
1.443915135E1,-1.706267357E0,-1.131649852E0,5.810850263E-1
1.444149922E1,-1.705045700E0,-1.181740761E0,5.774198771E-1
1.444384625E1,-1.698937058E0,-1.229388118E0,5.749763846E-1
1.444619255E1,-1.702602148E0,-1.250157595E0,5.725329518E-1
1.444853958E1,-1.695271850E0,-1.250157595E0,5.700894594E-1
1.445088750E1,-1.685497999E0,-1.231831670E0,5.713111758E-1
1.445323448E1,-1.681832790E0,-1.197623253E0,5.700894594E-1
1.445558078E1,-1.672058940E0,-1.143867135E0,5.749763846E-1
1.445792792E1,-1.663506866E0,-1.069341660E0,5.871936679E-1
1.446027573E1,-1.650067806E0,-9.874857664E-1,6.018544436E-1
1.446262271E1,-1.629298449E0,-9.044081569E-1,6.201803684E-1
1.446496901E1,-1.608529091E0,-8.115566969E-1,6.348411441E-1
1.446731615E1,-1.576764107E0,-7.187052965E-1,6.531670690E-1
1.446966396E1,-1.541333914E0,-6.160799861E-1,6.751582026E-1
1.447201099E1,-1.503460288E0,-5.024591684E-1,6.971493363E-1
1.447435729E1,-1.449704170E0,-3.973904252E-1,7.203621864E-1
1.447670432E1,-1.392282963E0,-2.947651446E-1,7.447968125E-1
1.447905219E1,-1.332418203E0,-1.799225509E-1,7.716748118E-1
1.448139922E1,-1.268888235E0,-6.996691972E-2,7.973311543E-1
1.448374552E1,-1.200471401E0,3.510181233E-2,8.229874969E-1
1.448609255E1,-1.130832791E0,1.255097985E-1,8.486437798E-1
1.448844042E1,-1.053863883E0,1.939266324E-1,8.694131970E-1
1.449078745E1,-9.756731391E-1,2.501262128E-1,8.852956891E-1
1.449313375E1,-8.950389624E-1,2.953301668E-1,8.987346888E-1
1.449548078E1,-8.192917705E-1,3.380906880E-1,9.060650468E-1
1.449782870E1,-7.435445189E-1,3.710773885E-1,9.170606136E-1
1.450017568E1,-6.775711179E-1,4.040640891E-1,9.280561805E-1
1.450252198E1,-6.152629256E-1,4.443811476E-1,9.427169561E-1
1.450486911E1,-5.615068674E-1,4.883634448E-1,9.549342394E-1
1.450721693E1,-5.175246000E-1,5.421195030E-1,9.647080898E-1
1.450956391E1,-4.784292579E-1,6.007625461E-1,9.695950150E-1
1.451191021E1,-4.552163780E-1,6.704010963E-1,9.708167315E-1
1.451425734E1,-4.417773485E-1,7.412614226E-1,9.744819403E-1
1.451660516E1,-4.344469905E-1,7.974609733E-1,9.781470895E-1
1.451895214E1,-4.368904531E-1,8.451083899E-1,9.830340147E-1
1.452129844E1,-4.429990947E-1,8.695430160E-1,9.866992235E-1
1.452364557E1,-4.527729154E-1,8.817602992E-1,9.903643727E-1
1.452599339E1,-4.625467658E-1,8.866472244E-1,9.940295815E-1
1.452834042E1,-4.772075415E-1,8.890906572E-1,9.976947904E-1
1.453068672E1,-4.918682575E-1,8.842037320E-1,1.001360059E0
1.453303375E1,-5.138593912E-1,8.646560907E-1,1.008690357E0
1.453538161E1,-5.346288085E-1,8.377780318E-1,1.009912133E0
1.453772865E1,-5.578416586E-1,8.060130477E-1,1.001360059E0
1.454007495E1,-5.737241507E-1,7.754698396E-1,9.769253731E-1
1.454242198E1,-5.810545087E-1,7.437048554E-1,9.366083145E-1
1.454476984E1,-5.859414339E-1,7.192702889E-1,8.816304803E-1
1.454711688E1,-5.847197175E-1,6.972791553E-1,8.193222880E-1
1.454946318E1,-5.798327923E-1,6.826183796E-1,7.460185289E-1
1.455181021E1,-5.639503002E-1,6.704010963E-1,6.714929938E-1
1.455415812E1,-5.468460917E-1,6.496316791E-1,5.957458019E-1
1.455650510E1,-5.224115252E-1,6.288623214E-1,5.224420428E-1
1.455885141E1,-4.955334663E-1,6.105363369E-1,4.466948211E-1
1.456119854E1,-4.710988700E-1,5.885452032E-1,3.733910620E-1
1.456354635E1,-4.417773485E-1,5.567802787E-1,3.025307655E-1
1.456589333E1,-4.136775732E-1,5.262370110E-1,2.328921854E-1
1.456823964E1,-3.867995441E-1,4.871416688E-1,1.693622470E-1
1.457058677E1,-3.648084104E-1,4.541549981E-1,1.058323085E-1
1.457293458E1,-3.477042019E-1,4.199465811E-1,4.718929902E-2
1.457528161E1,-3.269347847E-1,3.808512390E-1,-6.566795520E-3
1.457762786E1,-3.122740388E-1,3.405341506E-1,-5.665770546E-2
1.457997500E1,-3.049436510E-1,3.051040173E-1,-1.091920733E-1
1.458232281E1,-2.976132929E-1,2.696738541E-1,-1.653916240E-1
1.458466984E1,-3.012784719E-1,2.427958250E-1,-2.325867414E-1
1.458701615E1,-3.061653972E-1,2.134743035E-1,-3.071122468E-1
1.458936318E1,-3.122740388E-1,1.865962744E-1,-3.926332891E-1
1.459171104E1,-3.220478892E-1,1.694920659E-1,-4.879281819E-1
1.459405807E1,-3.305999935E-1,1.475009322E-1,-5.942186713E-1
1.459640438E1,-3.305999935E-1,1.291749775E-1,-7.066177726E-1
1.459875141E1,-3.232696056E-1,1.132925078E-1,-8.263472915E-1
1.460109927E1,-3.098305762E-1,9.863174707E-2,-9.460767508E-1
1.460344630E1,-2.853959799E-1,7.053196430E-2,-1.058475852E0
1.460579260E1,-2.585179508E-1,4.243219271E-2,-1.164766312E0
1.460813974E1,-2.182008773E-1,9.445495903E-3,-1.263726354E0
1.461048755E1,-1.668882519E-1,-3.209330514E-2,-1.352912664E0
1.461283453E1,-1.119104177E-1,-7.729729265E-2,-1.429881573E0
1.461518083E1,-4.838047922E-2,-1.273882091E-1,-1.492189765E0
1.461752797E1,1.881463639E-2,-1.774791181E-1,-1.547167540E0
1.461987578E1,9.456185997E-2,-2.361221313E-1,-1.585041165E0
1.462222276E1,1.751960069E-1,-2.959868908E-1,-1.611919284E0
1.462456906E1,2.717126310E-1,-3.717341125E-1,-1.626580000E0
1.462691620E1,3.780030906E-1,-4.621420801E-1,-1.630245209E0
1.462926401E1,4.977326095E-1,-5.647673607E-1,-1.622914791E0
1.463161104E1,6.235707402E-1,-6.686143875E-1,-1.610697508E0
1.463395729E1,7.555174828E-1,-7.700179219E-1,-1.593593359E0
1.463630443E1,8.911294341E-1,-8.714214563E-1,-1.574045658E0
1.463865224E1,1.029184818E0,-9.667163491E-1,-1.553276181E0
1.464099927E1,1.177014112E0,-1.059567809E0,-1.531285048E0
1.464334557E1,1.330952048E0,-1.136536717E0,-1.511737466E0
1.464569260E1,1.492220283E0,-1.186627626E0,-1.487302899E0
1.464804047E1,1.668149352E0,-1.237940311E0,-1.450650930E0
1.465038750E1,1.846521854E0,-1.295361519E0,-1.407890439E0
1.465273380E1,2.017564058E0,-1.340565562E0,-1.355356097E0
1.465508083E1,2.192271471E0,-1.383326054E0,-1.295491338E0
1.465742870E1,2.354761362E0,-1.413869381E0,-1.227074504E0
1.465977573E1,2.509921074E0,-1.437082171E0,-1.145218611E0
1.466212203E1,2.649198294E0,-1.446856022E0,-1.059697509E0
1.466446917E1,2.765262365E0,-1.429751754E0,-9.741765261E-1
1.466681698E1,2.860557318E0,-1.395543337E0,-8.862120509E-1
1.466916396E1,2.947300196E0,-1.354004622E0,-7.982475162E-1
1.467151026E1,3.020603895E0,-1.294139862E0,-7.188351154E-1
1.467385740E1,3.079246998E0,-1.224501252E0,-6.491965055E-1
1.467620521E1,3.131781340E0,-1.137758493E0,-5.881100297E-1
1.467855219E1,3.186759233E0,-1.057124376E0,-5.490146875E-1
1.468089849E1,3.235628366E0,-9.703815579E-1,-5.380191207E-1
1.468324563E1,3.278388739E0,-8.824170232E-1,-5.441277623E-1
1.468559344E1,3.321149349E0,-7.846786380E-1,-5.587885380E-1
1.468794047E1,3.367575169E0,-6.710578203E-1,-5.881100297E-1
1.469028677E1,3.415222645E0,-5.415545106E-1,-6.357575059E-1
1.469263380E1,3.454317808E0,-3.925035000E-1,-6.980656981E-1
1.469498167E1,3.494634867E0,-2.544480860E-1,-7.652608156E-1
1.469732870E1,3.536173820E0,-1.127274409E-1,-8.336776495E-1
1.469967500E1,3.577712536E0,1.799760386E-2,-8.972075582E-1
1.470202203E1,3.615586281E0,1.462791860E-1,-9.595158100E-1
1.470436990E1,3.652238131E0,2.684521079E-1,-1.024267435E0
1.470671693E1,3.687668324E0,3.698556721E-1,-1.097571135E0
1.470906323E1,3.713324547E0,4.602636397E-1,-1.172096610E0
1.471141026E1,3.734093904E0,5.396760702E-1,-1.245400429E0
1.471375818E1,3.735315561E0,6.288623214E-1,-1.312595487E0
1.471610516E1,3.718211412E0,7.388179302E-1,-1.357799530E0
1.471845146E1,3.665677071E0,8.854255080E-1,-1.373682022E0
1.472079859E1,3.582599401E0,1.068684936E0,-1.367573380E0
1.472314641E1,3.473865509E0,1.283709288E0,-1.346803904E0
1.472549338E1,3.362688065E0,1.476742506E0,-1.308930397E0
1.472783969E1,3.242958784E0,1.647784710E0,-1.257617712E0
1.473018682E1,3.117120504E0,1.793170452E0,-1.195309520E0
1.473253464E1,2.993725777E0,1.887243629E0,-1.126892686E0
1.473488161E1,2.872774601E0,1.928782463E0,-1.053588867E0
1.473722792E1,2.744493008E0,1.956882238E0,-9.753982425E-1
1.473957505E1,2.607659340E0,1.973986387E0,-8.862120509E-1
1.474192286E1,2.467160463E0,1.994755864E0,-7.970257998E-1
1.474426990E1,2.337657213E0,1.978873372E0,-7.163916230E-1
1.474661620E1,2.232588530E0,1.921452045E0,-6.577486396E-1
1.474896323E1,2.167836905E0,1.807831168E0,-6.137663722E-1
1.475131109E1,2.139736891E0,1.664888859E0,-5.807796717E-1
1.475365813E1,2.154397726E0,1.490181565E0,-5.416843295E-1
1.475600443E1,2.192271471E0,1.325248122E0,-5.050324202E-1
1.475835146E1,2.269240379E0,1.156649470E0,-4.671587944E-1
1.476069932E1,2.363313437E0,1.000268102E0,-4.280634522E-1
1.476304635E1,2.458608389E0,8.512170911E-1,-3.926332891E-1
1.476539266E1,2.553903341E0,7.058312893E-1,-3.669769764E-1
1.476773969E1,2.643089533E0,5.543367863E-1,-3.572031558E-1
1.477008760E1,2.724945307E0,4.028423429E-1,-3.559814095E-1
1.477243458E1,2.789697170E0,2.806694210E-1,-3.510944843E-1
1.477478088E1,2.844674826E0,2.000353038E-1,-3.376554847E-1
1.477712802E1,2.887435436E0,1.743789613E-1,-3.291033804E-1
1.477947583E1,2.930196047E0,1.878179908E-1,-3.266599178E-1
1.478182281E1,2.971734762E0,2.489044666E-1,-3.352120221E-1
1.478416911E1,3.014495373E0,3.332037926E-1,-3.474293053E-1
1.478651625E1,3.051147223E0,4.162813723E-1,-3.718639016E-1
1.478886406E1,3.090242624E0,4.846982360E-1,-4.048506021E-1
1.479121104E1,3.130559683E0,5.286805034E-1,-4.390590191E-1
1.479355734E1,3.165989637E0,5.445629954E-1,-4.793760777E-1
1.479590448E1,3.195311308E0,5.482281446E-1,-5.196931958E-1
1.479825229E1,3.225854397E0,5.237935781E-1,-5.514581800E-1
1.480059932E1,3.252732515E0,4.871416688E-1,-5.697841048E-1
1.480294563E1,3.282053947E0,4.541549981E-1,-5.783361793E-1
1.480529266E1,3.307710409E0,4.187248349E-1,-5.881100297E-1
1.480764052E1,3.322371006E0,3.918468058E-1,-5.966621637E-1
1.480998755E1,3.340697050E0,3.710773885E-1,-5.929969549E-1
1.481233385E1,3.367575169E0,3.405341506E-1,-5.734493136E-1
1.481468089E1,3.405448675E0,2.708955705E-1,-5.514581800E-1
1.481702875E1,3.465313435E0,1.670486033E-1,-5.367974043E-1
1.481937578E1,3.530065060E0,5.953640118E-2,-5.343539119E-1
1.482172208E1,3.618029594E0,-4.431059957E-2,-5.343539119E-1
1.482406911E1,3.723098278E0,-1.017318889E-1,-5.294670463E-1
1.482641703E1,3.825723648E0,-9.440150112E-2,-5.343539119E-1
1.482876401E1,3.916131735E0,8.933898062E-4,-5.429060459E-1
1.483111031E1,4.011426449E0,1.829310954E-1,-5.502364039E-1
1.483345734E1,4.079843521E0,4.798113108E-1,-5.722275376E-1
1.483580526E1,4.090839386E0,9.294077754E-1,-5.868883133E-1
1.483815224E1,4.051743984E0,1.452307940E0,-6.039925218E-1
1.484049854E1,3.995543957E0,1.917786837E0,-6.528617144E-1
1.484284568E1,3.933235884E0,2.276975393E0,-7.310523987E-1
1.484519349E1,3.848936558E0,2.562860250E0,-8.397862911E-1
1.484754047E1,3.734093904E0,2.768110752E0,-9.656244516E-1
1.484988677E1,3.583821297E0,2.903722763E0,-1.096349478E0
1.485223391E1,3.405448675E0,2.961143970E0,-1.213635445E0
1.485458172E1,3.206306696E0,2.942817926E0,-1.299156547E0
1.485692875E1,2.993725777E0,2.814536333E0,-1.334586620E0
1.485927505E1,2.788475275E0,2.590960026E0,-1.317482471E0
1.486162208E1,2.594220400E0,2.296523094E0,-1.251509070E0
1.486396995E1,2.401187181E0,1.950773597E0,-1.143996835E0
1.486631698E1,2.227701426E0,1.556154966E0,-1.018158793E0
1.486866328E1,2.074985266E0,1.139545202E0,-9.216421843E-1
1.487101031E1,1.940595031E0,7.070530057E-1,-8.495601416E-1
1.487335818E1,1.817200303E0,2.696738541E-1,-7.970257998E-1
1.487570521E1,1.708466411E0,-1.652618051E-1,-7.518217564E-1
1.487805151E1,1.616836667E0,-5.928671360E-1,-7.176133394E-1
1.488039854E1,1.523985267E0,-9.862639904E-1,-6.992874146E-1
1.488274641E1,1.445794582E0,-1.351561069E0,-6.931787729E-1
1.488509344E1,1.377377748E0,-1.678984642E0,-6.956222057E-1
1.488743974E1,1.311404347E0,-1.962425828E0,-7.029526234E-1
1.488978677E1,1.251539588E0,-2.203106403E0,-7.115046978E-1
1.489213469E1,1.192896605E0,-2.398583174E0,-7.237219810E-1
1.489448167E1,1.142805696E0,-2.561073065E0,-7.310523987E-1
1.489682797E1,1.093936443E0,-2.682024479E0,-7.347175479E-1
1.489917510E1,1.042623878E0,-2.763880253E0,-7.408261895E-1
1.490152292E1,9.974198341E-1,-2.811527729E0,-7.444913983E-1
1.490386990E1,9.473289847E-1,-2.813971043E0,-7.493783236E-1
1.490621620E1,9.045684934E-1,-2.785871267E0,-7.530435324E-1
1.490856333E1,8.728035092E-1,-2.724784851E0,-7.542652488E-1
1.491091115E1,8.410385251E-1,-2.630711794E0,-7.493783236E-1
1.491325818E1,8.141605258E-1,-2.512203932E0,-7.396044731E-1
1.491560443E1,7.970563173E-1,-2.376591921E0,-7.225002646E-1
1.491795156E1,7.909476161E-1,-2.227540970E0,-7.017308474E-1
1.492029938E1,7.897258997E-1,-2.074824810E0,-6.809614897E-1
1.492264641E1,7.909476161E-1,-1.913556695E0,-6.614137888E-1
1.492499271E1,7.994997501E-1,-1.749844909E0,-6.467530727E-1
1.492733974E1,8.043866754E-1,-1.581246257E0,-6.369792223E-1
1.492968760E1,8.043866754E-1,-1.410204172E0,-6.296488643E-1
1.493203464E1,8.104953170E-1,-1.247714162E0,-6.223184466E-1
1.493438094E1,8.117170334E-1,-1.086445808E0,-6.149880886E-1
1.493672797E1,8.166039586E-1,-9.361730814E-1,-6.003273129E-1
1.493907583E1,8.141605258E-1,-7.883438468E-1,-5.832231045E-1
1.494142286E1,8.092736006E-1,-6.441797614E-1,-5.636754632E-1
1.494376917E1,8.068301082E-1,-5.158981681E-1,-5.429060459E-1
1.494611620E1,8.080518842E-1,-4.108294547E-1,-5.184714794E-1
1.494846411E1,8.031649590E-1,-2.996520698E-1,-4.977020621E-1
1.495081109E1,7.946128249E-1,-2.019136846E-1,-4.744891822E-1
1.495315740E1,7.848389745E-1,-1.176143661E-1,-4.500545859E-1
1.495550453E1,7.726216912E-1,-4.186714068E-2,-4.243982732E-1
1.495785234E1,7.530740499E-1,3.143662587E-2,-3.975202143E-1
1.496019932E1,7.261959910E-1,8.885791153E-2,-3.694204390E-1
1.496254562E1,6.932092905E-1,1.328401864E-1,-3.376554847E-1
1.496489276E1,6.577791572E-1,1.670486033E-1,-3.046687841E-1
1.496724057E1,6.113533974E-1,1.914831996E-1,-2.680169046E-1
1.496958755E1,5.588190556E-1,1.939266324E-1,-2.301432788E-1
1.497193385E1,5.001760125E-1,1.817093492E-1,-1.910479367E-1
1.497428099E1,4.378678501E-1,1.536095738E-1,-1.519525945E-1
1.497662880E1,3.670075238E-1,1.084055826E-1,-1.116355285E-1
1.497897583E1,2.961472273E-1,4.731911048E-2,-7.376191765E-2
1.498132208E1,2.277303785E-1,-1.621082425E-2,-3.466657177E-2
1.498366922E1,1.470962316E-1,-8.096248657E-2,7.635809015E-4
1.498601703E1,6.646208465E-2,-1.444924176E-1,3.130681440E-2
1.498836406E1,-2.150243707E-2,-2.055788934E-1,5.940658972E-2
1.499071036E1,-1.070234925E-1,-2.849913239E-1,7.895425707E-2
1.499305740E1,-1.974314898E-1,-3.644037247E-1,9.483674169E-2
1.499540526E1,-2.976132929E-1,-4.438161552E-1,1.094974950E-1
1.499775229E1,-3.977951109E-1,-5.232285857E-1,1.229365245E-1
1.500009859E1,-5.028638244E-1,-5.928671360E-1,1.278234422E-1
1.500244563E1,-6.103760004E-1,-6.563970447E-1,1.278234422E-1
1.500479354E1,-7.191099524E-1,-7.089314461E-1,1.253799796E-1
1.500714052E1,-8.156265616E-1,-7.639092803E-1,1.229365245E-1
1.500948682E1,-8.999258876E-1,-8.078915477E-1,1.192713305E-1
1.501183385E1,-9.720079303E-1,-8.237739801E-1,1.119409576E-1
1.501418177E1,-1.025764108E0,-8.103349805E-1,1.058323085E-1
1.501652875E1,-1.061194301E0,-7.590223551E-1,9.972365946E-2
1.501887505E1,-1.078298450E0,-6.722795367E-1,9.361501783E-2
1.502122219E1,-1.075855017E0,-5.611021519E-1,8.750636876E-2
1.502357000E1,-1.046533465E0,-4.364857674E-1,8.139771968E-2
1.502591698E1,-9.964424968E-1,-3.045389950E-1,7.773253322E-2
1.502826328E1,-9.243605137E-1,-1.664835513E-1,7.528907061E-2
1.503061042E1,-8.315090537E-1,-3.209330514E-2,7.406734675E-2
1.503295823E1,-7.093361020E-1,8.885791153E-2,7.773253322E-2
1.503530521E1,-5.712806582E-1,2.000353038E-1,8.261945099E-2
1.503765151E1,-4.051254690E-1,2.757824957E-1,8.994982392E-2
1.503999865E1,-2.279747277E-1,3.307603300E-1,9.728020430E-2
1.504234646E1,-3.616318852E-2,3.600818217E-1,1.033888534E-1
1.504469349E1,1.556483358E-1,3.551948965E-1,1.070540398E-1
1.504703979E1,3.413512111E-1,3.112126589E-1,1.094974950E-1
1.504938682E1,5.136150718E-1,2.366871834E-1,1.107192263E-1
1.505173469E1,6.699964404E-1,1.328401864E-1,1.094974950E-1
1.505408172E1,8.043866754E-1,1.433241367E-2,1.107192263E-1
1.505642802E1,9.131205678E-1,-1.237230077E-1,1.156061441E-1
1.505877505E1,9.913111925E-1,-2.666653693E-1,1.217147931E-1
1.506112292E1,1.040180445E0,-4.144946337E-1,1.278234422E-1
1.506346995E1,1.053619385E0,-5.611021519E-1,1.363755465E-1
1.506581625E1,1.046289086E0,-6.979358792E-1,1.485928446E-1
1.506816328E1,1.020632744E0,-8.249957561E-1,1.620318741E-1
1.507051115E1,9.790939689E-1,-9.373948574E-1,1.779143512E-1
1.507285818E1,9.375551939E-1,-1.031468034E0,1.913533807E-1
1.507520448E1,8.935729265E-1,-1.098663092E0,2.060141265E-1
1.507755151E1,8.459254503E-1,-1.151197553E0,2.218966186E-1
1.507989943E1,8.141605258E-1,-1.186627626E0,2.414442897E-1
1.508224641E1,7.836172581E-1,-1.187849402E0,2.622136772E-1
1.508459271E1,7.567391992E-1,-1.171966910E0,2.829830945E-1
1.508693984E1,7.396349907E-1,-1.124319434E0,3.037524819E-1
1.508928766E1,7.335263491E-1,-1.051015735E0,3.233001530E-1
1.509163464E1,7.139787078E-1,-9.630511403E-1,3.342957199E-1
1.509398094E1,6.809920073E-1,-8.958560228E-1,3.391826451E-1
1.509632807E1,6.431183815E-1,-8.579823971E-1,3.404043615E-1
1.509867588E1,6.015796065E-1,-8.640910983E-1,3.404043615E-1
1.510102286E1,5.551538467E-1,-9.056298733E-1,3.342957199E-1
1.510336917E1,5.221671462E-1,-9.984812737E-1,3.245218992E-1
1.510571630E1,4.916239679E-1,-1.123097658E0,3.208566904E-1
1.510806411E1,4.610807002E-1,-1.263596654E0,3.233001530E-1
1.511041115E1,4.317591786E-1,-1.407760620E0,3.355174363E-1
1.511275745E1,3.987725079E-1,-1.532377124E0,3.513999283E-1
1.511510448E1,3.535684943E-1,-1.632558942E0,3.575085700E-1
1.511745234E1,3.120297194E-1,-1.714414716E0,3.562868536E-1
1.511979938E1,2.692691684E-1,-1.785275102E0,3.477347493E-1
1.512214568E1,2.265086323E-1,-1.847583294E0,3.355174363E-1
1.512449271E1,1.849698275E-1,-1.897674203E0,3.196349740E-1
1.512684057E1,1.495396793E-1,-1.942878127E0,3.000873029E-1
1.512918760E1,1.116660759E-1,-1.975864887E0,2.744309902E-1
1.513153391E1,7.867938280E-2,-1.981973529E0,2.377790958E-1
1.513388094E1,5.546652526E-2,-1.972199678E0,1.974620223E-1
1.513622880E1,3.347539157E-2,-1.925773978E0,1.473711133E-1
1.513857583E1,9.040800855E-3,-1.836587667E0,8.994982392E-2
1.514092214E1,-3.176493570E-3,-1.726632118E0,3.008508682E-2
1.514326917E1,-1.539378799E-2,-1.575137615E0,-3.833176196E-2
1.514561708E1,-2.150243707E-2,-1.405317187E0,-1.153007224E-1
1.514796406E1,-2.761108242E-2,-1.201288342E0,-2.069304287E-1
1.515031036E1,-2.272416465E-2,-9.789336324E-1,-3.156643510E-1
1.515265750E1,-6.841683760E-3,-7.626875043E-1,-4.305069149E-1
1.515500531E1,1.710424200E-3,-5.195633769E-1,-5.636754632E-1
1.515735229E1,1.637117751E-2,-2.727740109E-1,-7.090612650E-1
1.515969859E1,2.858847193E-2,-3.575849533E-2,-8.678860664E-1
1.516204573E1,4.202749580E-2,1.817093492E-1,-1.034041166E0
1.516439354E1,6.035343558E-2,3.588601053E-1,-1.200196385E0
1.516674057E1,7.012727112E-2,4.993590117E-1,-1.352912664E0
1.516908682E1,5.913171172E-2,6.129798293E-1,-1.476307273E0
1.517143396E1,2.492328547E-2,7.021660805E-1,-1.558163166E0
1.517378177E1,-3.127627075E-2,7.669177055E-1,-1.597258449E0
1.517612880E1,-1.021365821E-1,8.023478985E-1,-1.610697508E0
1.517847505E1,-1.656665057E-1,7.766915560E-1,-1.600923657E0
1.518082219E1,-2.340833694E-1,7.229354978E-1,-1.576489091E0
1.518317000E1,-3.000567555E-1,6.361926794E-1,-1.536172032E0
1.518551703E1,-3.709170520E-1,5.372325778E-1,-1.486081123E0
1.518786333E1,-4.442208111E-1,4.297204018E-1,-1.423772931E0
1.519021036E1,-5.297418833E-1,3.527514637E-1,-1.357799530E0
1.519255823E1,-6.274802089E-1,3.075474501E-1,-1.293047905E0
1.519490526E1,-7.325489521E-1,2.867780626E-1,-1.224631071E0
1.519725156E1,-8.315090537E-1,2.635652423E-1,-1.145218611E0
1.519959859E1,-9.341343045E-1,2.379088998E-1,-1.057254076E0
1.520194646E1,-1.037981391E0,1.853745282E-1,-9.558506012E-1
1.520429349E1,-1.145493627E0,1.059621200E-1,-8.410080075E-1
1.520663979E1,-1.253005743E0,4.558578134E-3,-7.078395486E-1
1.520898682E1,-1.355630994E0,-1.115057245E-1,-5.636754632E-1
1.521133469E1,-1.446039081E0,-2.397873104E-1,-4.048506021E-1
1.521368172E1,-1.505903721E0,-3.717341125E-1,-2.399171144E-1
1.521602802E1,-1.531560063E0,-4.926853180E-1,-7.376191765E-2
1.521837516E1,-1.525451422E0,-5.782063603E-1,8.628463745E-2
1.522072297E1,-1.493686438E0,-6.307407618E-1,2.353356332E-1
1.522306995E1,-1.452147722E0,-6.502884030E-1,3.697258830E-1
1.522541625E1,-1.392282963E0,-6.612839699E-1,4.967857301E-1
1.522776339E1,-1.323866129E0,-6.405146122E-1,6.250672936E-1
1.523011120E1,-1.260336161E0,-6.014192700E-1,7.570140958E-1
1.523245818E1,-1.190697551E0,-5.635456443E-1,8.889608383E-1
1.523480448E1,-1.106398225E0,-5.403327942E-1,1.018464208E0
1.523715161E1,-1.023320675E0,-5.085678101E-1,1.130863309E0
1.523949943E1,-9.585689306E-1,-4.670290053E-1,1.223714828E0
1.524184641E1,-9.084780216E-1,-4.108294547E-1,1.288466454E0
1.524419271E1,-8.828216791E-1,-3.668471873E-1,1.325118303E0
1.524653984E1,-8.803782463E-1,-3.644037247E-1,1.347109437E0
1.524888766E1,-8.925955296E-1,-3.937252462E-1,1.364213705E0
1.525123469E1,-9.121431708E-1,-4.450378716E-1,1.364213705E0
1.525358099E1,-9.414647222E-1,-5.012373924E-1,1.355661511E0
1.525592802E1,-9.781165719E-1,-5.513283610E-1,1.333670378E0
1.525827589E1,-1.020877123E0,-5.904237032E-1,1.298240304E0
1.526062292E1,-1.063637733E0,-6.307407618E-1,1.256701469E0
1.526296922E1,-1.108841658E0,-6.735012531E-1,1.213940978E0
1.526531625E1,-1.150380492E0,-7.260356545E-1,1.172402143E0
1.526766411E1,-1.191919327E0,-7.871221304E-1,1.125976443E0
1.527001115E1,-1.227349401E0,-8.701997399E-1,1.078328967E0
1.527235745E1,-1.264001369E0,-9.606077075E-1,1.033125043E0
1.527470448E1,-1.293322802E0,-1.051015735E0,9.952513576E-1
1.527705240E1,-1.317757487E0,-1.135315061E0,9.647080898E-1
1.527939938E1,-1.331196427E0,-1.218392611E0,9.610428810E-1
1.528174568E1,-1.339748502E0,-1.284366012E0,9.720384479E-1
1.528409271E1,-1.340970278E0,-1.350339413E0,9.940295815E-1
1.528644063E1,-1.336083412E0,-1.400430322E0,1.019685984E0
1.528878760E1,-1.318979144E0,-1.433416963E0,1.044120550E0
1.529113391E1,-1.303096652E0,-1.437082171E0,1.073442101E0
1.529348104E1,-1.277440310E0,-1.415091038E0,1.110093951E0
1.529582885E1,-1.246897101E0,-1.361334920E0,1.143080592E0
1.529817583E1,-1.209023476E0,-1.292918086E0,1.174845576E0
1.530052214E1,-1.169928193E0,-1.211062193E0,1.206610560E0
1.530286927E1,-1.123502493E0,-1.126762867E0,1.239597321E0
1.530521708E1,-1.077076674E0,-1.038798332E0,1.267697096E0
1.530756406E1,-1.035537958E0,-9.471686482E-1,1.294575095E0
1.530991036E1,-9.915556312E-1,-8.592041731E-1,1.314122796E0
1.531225750E1,-9.561254382E-1,-7.565788627E-1,1.327561736E0
1.531460531E1,-9.353560805E-1,-6.539536119E-1,1.334892154E0
1.531695234E1,-9.304691553E-1,-5.330023766E-1,1.337335587E0
1.531929859E1,-9.268039465E-1,-4.254902005E-1,1.342222571E0
1.532164573E1,-9.463516474E-1,-3.045389950E-1,1.345887780E0
1.532399354E1,-9.842252135E-1,-1.762573719E-1,1.345887780E0
1.532634057E1,-1.023320675E0,-6.996691972E-2,1.349552870E0
1.532868688E1,-1.066081166E0,4.558578134E-3,1.360548496E0
1.533103391E1,-1.097846150E0,2.288452163E-2,1.377652645E0
1.533338177E1,-1.130832791E0,1.311068423E-2,1.398422122E0
1.533572880E1,-1.193140984E0,4.609737918E-2,1.411861062E0
1.533807510E1,-1.273775220E0,8.030579984E-2,1.420413256E0
1.534042214E1,-1.355630994E0,9.007964283E-2,1.415526271E0
1.534277000E1,-1.449704170E0,9.863174707E-2,1.409417629E0
1.534511703E1,-1.557216406E0,1.145142242E-1,1.409417629E0
1.534746333E1,-1.676945925E0,1.499443948E-1,1.408195972E0
1.534981036E1,-1.802783966E0,1.951483786E-1,1.410639405E0
1.535215828E1,-1.946948051E0,2.745607793E-1,1.413082838E0
1.535450526E1,-2.088668585E0,3.845164180E-1,1.420413256E0
1.535685156E1,-2.229167461E0,4.944720864E-1,1.433852196E0
1.535919870E1,-2.363557816E0,5.836583376E-1,1.448513031E0
1.536154651E1,-2.502834797E0,6.642924547E-1,1.457065105E0
1.536389349E1,-2.623785973E0,7.241572142E-1,1.457065105E0
1.536623979E1,-2.737406969E0,7.840219736E-1,1.449734688E0
1.536858693E1,-2.831480026E0,8.683212996E-1,1.443626046E0
1.537093474E1,-2.909670830E0,9.770551920E-1,1.433852196E0
1.537328172E1,-2.971978903E0,1.104115009E0,1.430187106E0
1.537562802E1,-3.019626379E0,1.244613886E0,1.426521897E0
1.537797516E1,-3.056278229E0,1.396108389E0,1.417969823E0
1.538032297E1,-3.077047825E0,1.553711534E0,1.408195972E0
1.538266995E1,-3.074604273E0,1.703984261E0,1.400865555E0
1.538501625E1,-3.056278229E0,1.854256988E0,1.387426496E0
1.538736338E1,-3.022069931E0,1.999642730E0,1.369100571E0
1.538971120E1,-2.978087664E0,2.131589651E0,1.344666004E0
1.539205823E1,-2.927996635E0,2.240323544E0,1.311679363E0
1.539440453E1,-2.868131876E0,2.323401213E0,1.262810111E0
1.539675156E1,-2.794828176E0,2.379600763E0,1.210275769E0
1.539909943E1,-2.716637611E0,2.406478643E0,1.160184860E0
1.540144646E1,-2.639668465E0,2.417474270E0,1.105207086E0
1.540379276E1,-2.571251631E0,2.415030956E0,1.045342326E0
1.540613979E1,-2.510165215E0,2.385709286E0,9.805905819E-1
1.540848766E1,-2.469848156E0,2.350279093E0,9.072868228E-1
1.541083469E1,-2.453965664E0,2.338061810E0,8.156570792E-1
1.541318099E1,-2.445413589E0,2.351500988E0,7.020362616E-1
1.541552802E1,-2.445413589E0,2.390596390E0,5.896371603E-1
1.541787588E1,-2.462517738E0,2.461456537E0,4.918988049E-1
1.542022292E1,-2.480843782E0,2.493221521E0,4.247036874E-1
1.542256922E1,-2.511386871E0,2.479782581E0,3.929387331E-1
1.542491625E1,-2.540708542E0,2.408922195E0,3.966039121E-1
1.542726417E1,-2.574916840E0,2.307518721E0,4.161515832E-1
1.542961115E1,-2.612790585E0,2.184123993E0,4.442513585E-1
1.543195745E1,-2.645777225E0,2.036294699E0,4.821249843E-1
1.543430458E1,-2.679985523E0,1.899460912E0,5.187768340E-1
1.543665240E1,-2.717859268E0,1.767514110E0,5.493201017E-1
1.543899938E1,-2.756954670E0,1.650228143E0,5.761981010E-1
1.544134568E1,-2.782610893E0,1.529276848E0,5.957458019E-1
1.544369281E1,-2.811932325E0,1.431538582E0,6.030761600E-1
1.544604062E1,-2.842475653E0,1.360678196E0,5.957458019E-1
1.544838760E1,-2.866910219E0,1.308143854E0,5.847502351E-1
1.545073391E1,-2.891344786E0,1.278822422E0,5.713111758E-1
1.545308104E1,-2.917001247E0,1.273935437E0,5.603156686E-1
1.545542885E1,-2.936548710E0,1.271492004E0,5.529852509E-1
1.545777583E1,-2.953653097E0,1.281265855E0,5.590938926E-1
1.546012214E1,-2.968313694E0,1.292261362E0,5.786415935E-1
1.546246927E1,-2.985418081E0,1.295926571E0,6.140717268E-1
1.546481708E1,-2.998857021E0,1.286152720E0,6.543887854E-1
1.546716411E1,-2.998857021E0,1.240948796E0,6.873754859E-1
1.546951036E1,-2.981752872E0,1.155427694E0,7.069231868E-1
1.547185750E1,-2.948766232E0,1.039363384E0,7.154752612E-1
1.547420531E1,-2.906005621E0,8.964210749E-1,7.228056788E-1
1.547655234E1,-2.854692936E0,7.595873475E-1,7.252491117E-1
1.547889865E1,-2.797271729E0,6.239753962E-1,7.166970372E-1
1.548124568E1,-2.745959044E0,5.030241609E-1,7.008145452E-1
1.548359354E1,-2.703198433E0,3.979554474E-1,6.800451279E-1
1.548594057E1,-2.668990135E0,3.063257337E-1,6.604974270E-1
1.548828688E1,-2.653107643E0,2.415741086E-1,6.446149945E-1
1.549063391E1,-2.629894733E0,1.841528118E-1,6.409497857E-1
1.549298177E1,-2.622564316E0,1.609399617E-1,6.397280693E-1
1.549532880E1,-2.616455793E0,1.352836192E-1,6.458367109E-1
1.549767510E1,-2.620121002E0,1.206228808E-1,6.531670690E-1
1.550002214E1,-2.605460167E0,8.397098631E-2,6.690495610E-1
1.550237005E1,-2.600573301E0,5.587121472E-2,6.837103367E-1
1.550471703E1,-2.590799332E0,2.654970810E-2,7.057014704E-1
1.550706333E1,-2.582247257E0,3.336848691E-3,7.411316037E-1
1.550941047E1,-2.571251631E0,-3.698022291E-2,7.777834535E-1
1.551175828E1,-2.546817064E0,-9.684496373E-2,7.900007963E-1
1.551410526E1,-2.517495632E0,-1.469358802E-1,7.851138711E-1
1.551645156E1,-2.483287096E0,-2.092440724E-1,7.912225127E-1
1.551879870E1,-2.427087545E0,-3.069824576E-1,8.022180796E-1
1.552114651E1,-2.350118637E0,-4.230467379E-1,8.095484376E-1
1.552349349E1,-2.276814938E0,-5.476631522E-1,8.058832288E-1
1.552583979E1,-2.214506626E0,-6.649491787E-1,7.802269459E-1
1.552818693E1,-2.161972284E0,-7.675744295E-1,7.362446785E-1
1.553053474E1,-2.143646479E0,-8.262174726E-1,6.714929938E-1
1.553288172E1,-2.141202927E0,-8.555389643E-1,5.896371603E-1
1.553522802E1,-2.157085419E0,-8.433216810E-1,5.041160583E-1
1.553757516E1,-2.188850403E0,-8.005611300E-1,4.308123589E-1
1.553992297E1,-2.227945805E0,-7.529137135E-1,3.782779872E-1
1.554227000E1,-2.265819311E0,-6.991575956E-1,3.465130031E-1
1.554461625E1,-2.284145355E0,-6.600622535E-1,3.342957199E-1
1.554696339E1,-2.302471161E0,-6.356276870E-1,3.318522573E-1
1.554931120E1,-2.292697430E0,-6.185234785E-1,3.452912867E-1
1.555165823E1,-2.267041206E0,-5.940888524E-1,3.672824204E-1
1.555400453E1,-2.227945805E0,-5.635456443E-1,3.880518079E-1
1.555635156E1,-2.168081045E0,-5.256720185E-1,4.137081206E-1
1.555869943E1,-2.088668585E0,-4.829114676E-1,4.418079257E-1
1.556104646E1,-2.000704050E0,-4.230467379E-1,4.711294174E-1
1.556339276E1,-1.882196426E0,-3.692906499E-1,5.077812672E-1
1.556573979E1,-1.756358266E0,-3.069824576E-1,5.432114005E-1
1.556808766E1,-1.617081165E0,-2.397873104E-1,5.786415935E-1
1.557043469E1,-1.460699797E0,-1.640400887E-1,6.128500104E-1
1.557278099E1,-1.301874995E0,-6.996691972E-2,6.458367109E-1
1.557512802E1,-1.135719776E0,4.365392029E-2,6.776016355E-1
1.557747594E1,-9.744513631E-1,1.878179908E-1,7.069231868E-1
1.557982292E1,-8.144048452E-1,3.478645384E-1,7.325794697E-1
1.558216922E1,-6.726842523E-1,5.201283693E-1,7.582358122E-1
1.558451625E1,-5.553982258E-1,7.070530057E-1,7.802269459E-1
1.558686417E1,-4.625467658E-1,9.049731493E-1,7.973311543E-1
1.558921115E1,-3.892430067E-1,1.091897726E0,8.107701540E-1
1.559155745E1,-3.318217099E-1,1.267826796E0,8.132136464E-1
1.559390458E1,-2.915046513E-1,1.421764731E0,8.144353628E-1
1.559625240E1,-2.621831298E-1,1.536607265E0,8.181005716E-1
1.559859938E1,-2.353050858E-1,1.597693801E0,8.229874969E-1
1.560094568E1,-2.194226235E-1,1.618463159E0,8.315395713E-1
1.560329281E1,-2.072053105E-1,1.597693801E0,8.437568545E-1
1.560564063E1,-1.986532062E-1,1.542715907E0,8.559741378E-1
1.560798760E1,-1.925445646E-1,1.474299073E0,8.669697046E-1
1.561033391E1,-1.937662810E-1,1.391221523E0,8.791870475E-1
1.561268104E1,-2.182008773E-1,1.300813556E0,8.901826143E-1
1.561502885E1,-2.487441152E-1,1.206740379E0,8.987346888E-1
1.561737583E1,-2.670700550E-1,1.093119502E0,9.048433304E-1
1.561972214E1,-2.988350093E-1,9.880508184E-1,9.011781812E-1
1.562206927E1,-3.293782473E-1,9.000862241E-1,8.865174055E-1
1.562441708E1,-3.513693810E-1,8.255607486E-1,8.571959138E-1
1.562676411E1,-3.696953356E-1,7.644742727E-1,8.156570792E-1
1.562911042E1,-3.855777979E-1,7.278223634E-1,7.606792450E-1
1.563145745E1,-3.892430067E-1,6.923922300E-1,7.008145452E-1
1.563380531E1,-3.867995441E-1,6.557403803E-1,6.348411441E-1
1.563615234E1,-3.843560815E-1,6.276406050E-1,5.627591014E-1
1.563849865E1,-3.733605146E-1,5.909886956E-1,4.894553721E-1
1.564084568E1,-3.525910974E-1,5.421195030E-1,4.149298668E-1
1.564319354E1,-3.293782473E-1,4.834765196E-1,3.440695703E-1
1.564554057E1,-3.049436510E-1,4.113944769E-1,2.744309902E-1
1.564788688E1,-2.853959799E-1,3.503080010E-1,2.060141265E-1
1.565023391E1,-2.621831298E-1,2.733390331E-1,1.424842030E-1
1.565258177E1,-2.487441152E-1,2.024787664E-1,7.895425707E-2
1.565492880E1,-2.450789362E-1,1.377270818E-1,1.786779240E-2
1.565727510E1,-2.487441152E-1,7.053196430E-2,-4.444040731E-2
1.565962214E1,-2.585179508E-1,1.799760386E-2,-1.104138047E-1
1.566197005E1,-2.670700550E-1,-4.431059957E-2,-1.812741011E-1
1.566431703E1,-2.853959799E-1,-8.829285949E-2,-2.631299794E-1
1.566666333E1,-3.037219346E-1,-1.102839932E-1,-3.547596931E-1
1.566901036E1,-3.196044266E-1,-1.212795600E-1,-4.537197649E-1
1.567135828E1,-3.305999935E-1,-1.176143661E-1,-5.624537468E-1
1.567370526E1,-3.342651725E-1,-1.017318889E-1,-6.772962809E-1
1.567605156E1,-3.318217099E-1,-7.241038233E-2,-7.933605909E-1
1.567839870E1,-3.257130682E-1,-3.331503272E-2,-9.057596922E-1
1.568074651E1,-3.134957552E-1,7.002037019E-3,-1.010828376E0
1.568309349E1,-2.866177261E-1,3.754527494E-2,-1.102458119E0
1.568543979E1,-2.548527718E-1,6.197986379E-2,-1.187979102E0
1.568778693E1,-2.096487731E-1,6.564505398E-2,-1.260061145E0
1.569013474E1,-1.632230431E-1,6.686678529E-2,-1.323591113E0
1.569248172E1,-9.969311953E-2,4.854083434E-2,-1.377347231E0
1.569482802E1,-3.616318852E-2,2.532797679E-2,-1.422551155E0
1.569717516E1,3.591884673E-2,-1.550069079E-3,-1.464089990E0
1.569952297E1,1.226616427E-1,-4.186714068E-2,-1.494633198E0
1.570186995E1,2.106261402E-1,-7.729729265E-2,-1.522732973E0
1.570421625E1,3.059210479E-1,-1.127274409E-1,-1.539837241E0
1.570656338E1,4.061028659E-1,-1.518227756E-1,-1.545945883E0
1.570891120E1,5.148367882E-1,-1.896964014E-1,-1.545945883E0
1.571125823E1,6.199055314E-1,-2.226831019E-1,-1.536172032E0
1.571360448E1,7.335263491E-1,-2.630001903E-1,-1.517846107E0
1.571595161E1,8.422603011E-1,-2.984303534E-1,-1.493411541E0
1.571829943E1,9.534376860E-1,-3.277518451E-1,-1.460424781E0
1.572064646E1,1.065836668E0,-3.631820083E-1,-1.420107722E0
1.572299276E1,1.183122754E0,-3.949469626E-1,-1.376125455E0
1.572533979E1,1.305295706E0,-4.291553795E-1,-1.328477979E0
1.572768766E1,1.427468657E0,-4.596986175E-1,-1.283274055E0
1.573003469E1,1.558193684E0,-5.110112429E-1,-1.235626578E0
1.573238099E1,1.691362143E0,-5.672107935E-1,-1.189200878E0
1.573472802E1,1.813535094E0,-6.124148369E-1,-1.146440387E0
1.573707589E1,1.922269106E0,-6.502884030E-1,-1.108566761E0
1.573942292E1,2.027338028E0,-6.673926115E-1,-1.076801777E0
1.574176922E1,2.117745876E0,-6.576188207E-1,-1.049923658E0
1.574411625E1,2.197158337E0,-6.331841946E-1,-1.035262942E0
1.574646411E1,2.275348902E0,-5.977540612E-1,-1.024267435E0
1.574881115E1,2.336435556E0,-5.525500774E-1,-1.016937017E0
1.575115745E1,2.391413212E0,-4.975722432E-1,-1.012050152E0
1.575350448E1,2.445169449E0,-4.462596178E-1,-1.014493585E0
1.575585240E1,2.489151716E0,-3.912817836E-1,-1.021823883E0
1.575819938E1,2.529468775E0,-3.460777998E-1,-1.035262942E0
1.576054568E1,2.572229147E0,-3.020955324E-1,-1.059697509E0
1.576289281E1,2.612546206E0,-2.483394146E-1,-1.087797284E0
1.576524062E1,2.650419950E0,-1.848094761E-1,-1.115897059E0
1.576758760E1,2.693180561E0,-1.359403133E-1,-1.143996835E0
1.576993391E1,2.737162590E0,-9.073632210E-2,-1.176983595E0
1.577228104E1,2.784810066E0,-4.919751734E-2,-1.209970236E0
1.577462885E1,2.839787960E0,-2.771798521E-3,-1.246622205E0
1.577697583E1,2.887435436E0,5.953640118E-2,-1.290604353E0
1.577932214E1,2.937526226E0,1.267315149E-1,-1.337030172E0
1.578166927E1,2.975399971E0,2.232481539E-1,-1.396894813E0
1.578401708E1,3.005943298E0,3.380906880E-1,-1.461646557E0
1.578636406E1,3.034043074E0,4.565984607E-1,-1.531285048E0
1.578871036E1,3.049925327E0,5.885452032E-1,-1.605810642E0
1.579105750E1,3.049925327E0,7.375962138E-1,-1.682779551E0
1.579340531E1,3.046260357E0,8.866472244E-1,-1.756083369E0
1.579575234E1,3.036486387E0,1.039363384E0,-1.815948009E0
1.579809859E1,3.013273478E0,1.179862261E0,-1.868482471E0
1.580044573E1,2.976621628E0,1.320361137E0,-1.914908171E0
1.580279354E1,2.936304569E0,1.438868880E0,-1.945451379E0
1.580514057E1,2.875218153E0,1.559820175E0,-1.958890438E0
1.580748688E1,2.797027349E0,1.669775844E0,-1.957668662E0
1.580983391E1,2.722501993E0,1.747966528E0,-1.933234096E0
1.581218177E1,2.641867876E0,1.815161586E0,-1.879477978E0
1.581452880E1,2.562455416E0,1.865252495E0,-1.795178652E0
1.581687510E1,2.485486507E0,1.893352270E0,-1.681557775E0
1.581922214E1,2.408517599E0,1.914121628E0,-1.539837241E0
1.582157000E1,2.342544079E0,1.914121628E0,-1.381012440E0
1.582391703E1,2.286344528E0,1.886021852E0,-1.216078877E0
1.582626333E1,2.246027470E0,1.838374496E0,-1.046258569E0
1.582861036E1,2.216706038E0,1.772401094E0,-8.862120509E-1
1.583095823E1,2.205710411E0,1.680771351E0,-7.310523987E-1
1.583330526E1,2.214262486E0,1.583032966E0,-5.954403877E-1
1.583565156E1,2.253357887E0,1.463303566E0,-4.708239734E-1
1.583799859E1,2.322996378E0,1.326469779E0,-3.669769764E-1
1.584034651E1,2.425621748E0,1.162758112E0,-2.777907252E-1
1.584269349E1,2.545351267E0,9.929376841E-1,-2.069304287E-1
1.584503979E1,2.682184935E0,8.304476738E-1,-1.458439529E-1
1.584738682E1,2.827570677E0,6.826183796E-1,-8.964440227E-2
1.584973474E1,2.975399971E0,5.531150699E-1,-3.833176196E-2
1.585208172E1,3.107346773E0,4.614853859E-1,7.635809015E-4
1.585442802E1,3.231963158E0,3.918468058E-1,2.764162794E-2
1.585677516E1,3.350470781E0,3.393124342E-1,4.474584013E-2
1.585912297E1,3.445765734E0,3.099909127E-1,5.207621679E-2
1.586146995E1,3.527621746E0,2.916649878E-1,4.841103032E-2
1.586381625E1,3.580156088E0,2.965518832E-1,3.130681440E-2
1.586616338E1,3.620473146E0,2.965518832E-1,1.175914612E-2
1.586851120E1,3.642464161E0,3.136561215E-1,-1.389717311E-2
1.587085818E1,3.646129370E0,3.551948965E-1,-5.054905638E-2
1.587320448E1,3.644907713E0,4.016206264E-1,-8.475748450E-2
1.587555161E1,3.636355639E0,4.810330272E-1,-1.104138047E-1
1.587789943E1,3.615586281E0,5.909886956E-1,-1.348483860E-1
1.588024641E1,3.587486506E0,6.288623214E-1,-1.763871908E-1
1.588259271E1,3.538617134E0,6.410796046E-1,-2.142608017E-1
1.588493984E1,3.482417583E0,6.313057542E-1,-2.362519205E-1
1.588728766E1,3.422552824E0,6.117581129E-1,-2.460257709E-1
1.588963469E1,3.367575169E0,5.824365616E-1,-2.484692186E-1
1.589198094E1,3.302823544E0,5.653323531E-1,-2.545778751E-1
1.589432807E1,3.252732515E0,5.189066529E-1,-2.594648004E-1
1.589667588E1,3.223411083E0,4.504898190E-1,-2.619082332E-1
1.589902292E1,3.205085039E0,3.869598806E-1,-2.521344125E-1
1.590136922E1,3.198976517E0,3.417558968E-1,-2.338084728E-1
1.590371625E1,3.206306696E0,3.160995543E-1,-2.069304287E-1
1.590606411E1,3.228297949E0,3.063257337E-1,-1.690568030E-1
1.590841115E1,3.260062933E0,3.014388084E-1,-1.287397295E-1
1.591075745E1,3.301601648E0,2.965518832E-1,-8.353575319E-2
1.591310448E1,3.351692677E0,2.904432416E-1,-3.222311288E-2
1.591545234E1,3.403005362E0,2.831128836E-1,1.908952184E-2
1.591779938E1,3.459204912E0,2.708955705E-1,7.040215284E-2
1.592014568E1,3.510517359E0,2.660087049E-1,1.217147931E-1
1.592249271E1,3.556943178E0,2.757824957E-1,1.901316494E-1
1.592484057E1,3.591151476E0,2.806694210E-1,2.548833191E-1
1.592718760E1,3.603368998E0,2.733390331E-1,2.927569151E-1
1.592953391E1,3.598481894E0,2.452392876E-1,3.220784366E-1
1.593188094E1,3.566716909E0,2.110308707E-1,3.391826451E-1
1.593422885E1,3.517847776E0,1.768224239E-1,3.477347493E-1
1.593657583E1,3.449430943E0,1.401705444E-1,3.428478241E-1
1.593892214E1,3.362688065E0,9.741001576E-2,3.306305408E-1
1.594126917E1,3.268615007E0,2.166279033E-2,3.147480488E-1
1.594361708E1,3.148885489E0,-6.996691972E-2,2.939786613E-1
1.594596406E1,3.012051821E0,-1.872529387E-1,2.695440650E-1
1.594831036E1,2.860557318E0,-2.996520698E-1,2.328921854E-1
1.595065750E1,2.696845531E0,-4.144946337E-1,1.864664555E-1
1.595300531E1,2.528246880E0,-5.549935102E-1,1.302669048E-1
1.595535229E1,2.363313437E0,-7.125965953E-1,7.284561545E-2
1.595769859E1,2.205710411E0,-8.946343064E-1,2.031125128E-2
1.596004573E1,2.057881117E0,-1.107215285E0,-2.489273623E-2
1.596239354E1,1.917382121E0,-1.328348279E0,-5.421424285E-2
1.596474052E1,1.793987513E0,-1.550703049E0,-6.154462323E-2
1.596708682E1,1.684031844E0,-1.754731894E0,-4.810559750E-2
1.596943396E1,1.597288966E0,-1.928217411E0,-2.000581846E-2
1.597178177E1,1.527650476E0,-2.080933571E0,8.093957789E-3
1.597412880E1,1.475116134E0,-2.210436821E0,4.108064994E-2
1.597647505E1,1.438464165E0,-2.328944445E0,6.918042153E-2
1.597882219E1,1.410364389E0,-2.426682949E0,8.872809261E-2
1.598117000E1,1.398147106E0,-2.524421215E0,1.058323085E-1
1.598351703E1,1.387151599E0,-2.607498884E0,1.204930618E-1
1.598586328E1,1.382264614E0,-2.675915718E0,1.351538301E-1
1.598821042E1,1.376155972E0,-2.723563194E0,1.485928446E-1
1.599055823E1,1.366382122E0,-2.744332552E0,1.595884115E-1
1.599290526E1,1.354164839E0,-2.747997761E0,1.718057096E-1
1.599525156E1,1.343169332E0,-2.728450060E0,1.828012764E-1
1.599759859E1,1.326065063E0,-2.684467793E0,1.937968433E-1
1.599994646E1,1.310182571E0,-2.625824928E0,2.023489475E-1
1.600229349E1,1.294300079E0,-2.551299334E0,2.145662308E-1
1.600463979E1,1.283304572E0,-2.470665216E0,2.292269915E-1
1.600698682E1,1.279639363E0,-2.385143995E0,2.463312149E-1
1.600933469E1,1.283304572E0,-2.297179699E0,2.671006024E-1
1.601168172E1,1.277195930E0,-2.177450180E0,2.768744528E-1
1.601402802E1,1.275974154E0,-2.056499004E0,2.878699899E-1
1.601637505E1,1.280861139E0,-1.936769485E0,2.952003777E-1
1.601872292E1,1.278417587E0,-1.802379251E0,3.000873029E-1
1.602106995E1,1.275974154E0,-1.670432448E0,3.000873029E-1
1.602341625E1,1.264978647E0,-1.533598781E0,2.976438403E-1
1.602576328E1,1.252761364E0,-1.394321680E0,2.915351987E-1
1.602811120E1,1.239322305E0,-1.259931445E0,2.878699899E-1
1.603045818E1,1.220996380E0,-1.129206419E0,2.817613482E-1
1.603280448E1,1.192896605E0,-1.004589915E0,2.756527066E-1
1.603515151E1,1.172127128E0,-8.995212317E-1,2.707657814E-1
1.603749943E1,1.137918711E0,-7.968959808E-1,2.671006024E-1
1.603984641E1,1.106153727E0,-7.199270129E-1,2.671006024E-1
1.604219271E1,1.064615011E0,-6.612839699E-1,2.671006024E-1
1.604453974E1,1.016967535E0,-6.221886277E-1,2.671006024E-1
1.604688766E1,9.644332528E-1,-6.038627028E-1,2.671006024E-1
1.604923464E1,9.021250010E-1,-6.063061357E-1,2.707657814E-1
1.605158094E1,8.324864507E-1,-6.307407618E-1,2.744309902E-1
1.605392807E1,7.579609752E-1,-6.796099544E-1,2.780961692E-1
1.605627588E1,6.773267984E-1,-7.492485046E-1,2.829830945E-1
1.605862286E1,5.918057561E-1,-8.384347558E-1,2.903134525E-1
1.606096917E1,4.916239679E-1,-9.361730814E-1,2.976438403E-1
1.606331630E1,3.828900158E-1,-1.051015735E0,3.037524819E-1
1.606566411E1,2.692691684E-1,-1.187849402E0,3.074176610E-1
1.606801109E1,1.422093064E-1,-1.349117637E0,3.086394072E-1
1.607035740E1,9.040800855E-3,-1.531155348E0,3.049742281E-1
1.607270453E1,-1.302363575E-1,-1.718079925E0,2.952003777E-1
1.607505234E1,-2.805090845E-1,-1.897674203E0,2.780961692E-1
1.607739932E1,-4.307817817E-1,-2.057720661E0,2.585484982E-1
1.607974562E1,-5.615068674E-1,-2.186002254E0,2.390008271E-1
1.608209276E1,-6.861232519E-1,-2.243423462E0,2.133445144E-1
1.608444057E1,-7.924137115E-1,-2.227540970E0,1.876881868E-1
1.608678760E1,-8.815999627E-1,-2.124915838E0,1.644753218E-1
1.608913385E1,-9.463516474E-1,-1.963647604E0,1.461493820E-1
1.609148099E1,-9.952208400E-1,-1.742514491E0,1.314886361E-1
1.609382880E1,-1.014768362E0,-1.484729648E0,1.229365245E-1
1.609617583E1,-1.014768362E0,-1.200066686E0,1.156061441E-1
1.609852214E1,-9.976642728E-1,-9.044081569E-1,1.119409576E-1
1.610086917E1,-9.487950802E-1,-6.063061357E-1,1.070540398E-1
1.610321703E1,-8.828216791E-1,-3.069824576E-1,1.009453908E-1
1.610556406E1,-7.973006368E-1,-1.132390462E-2,9.605847299E-2
1.610791036E1,-6.971188188E-1,2.879997790E-1,8.628463745E-2
1.611025740E1,-5.896066427E-1,6.032059789E-1,7.040215284E-2
1.611260526E1,-4.649902284E-1,9.098600745E-1,5.574140325E-2
1.611495229E1,-3.171609640E-1,1.182305694E0,4.352411255E-2
1.611729859E1,-1.644447893E-1,1.433982015E0,2.153298259E-2
1.611964562E1,-4.398221150E-3,1.638010859E0,-4.123336636E-3
1.612199349E1,1.727525443E-1,1.784618378E0,-2.733619511E-2
1.612434052E1,3.523467779E-1,1.884800196E0,-5.299251527E-2
1.612668682E1,5.307192802E-1,1.934891105E0,-7.498364896E-2
1.612903385E1,7.017614245E-1,1.939777970E0,-9.941823781E-2
1.613138172E1,8.618079424E-1,1.873804569E0,-1.250745505E-1
1.613372875E1,1.001085043E0,1.735749125E0,-1.605046988E-1
1.613607505E1,1.118371129E0,1.531720400E0,-2.057086974E-1
1.613842208E1,1.211222529E0,1.265383363E0,-2.557995915E-1
1.614077000E1,1.278417587E0,9.746117592E-1,-3.046687841E-1
1.614311698E1,1.316291213E0,6.740663052E-1,-3.510944843E-1
1.614546328E1,1.323621631E0,3.661904633E-1,-3.889681101E-1
1.614781031E1,1.300408721E0,7.175369561E-2,-4.158461690E-1
1.615015823E1,1.249096155E0,-2.031354308E-1,-4.329503775E-1
1.615250521E1,1.179457545E0,-4.609203637E-1,-4.439459443E-1
1.615485151E1,1.111040711E0,-7.199270129E-1,-4.415024817E-1
1.615719854E1,1.032850027E0,-9.618294239E-1,-4.317286313E-1
1.615954646E1,9.595463276E-1,-1.185405970E0,-4.243982732E-1
1.616189344E1,8.862425685E-1,-1.374773979E0,-4.134027064E-1
1.616423974E1,8.129387498E-1,-1.538485765E0,-3.938550353E-1
1.616658688E1,7.335263491E-1,-1.650884867E0,-3.669769764E-1
1.616893469E1,6.590008736E-1,-1.722966909E0,-3.254381716E-1
1.617128167E1,5.759232640E-1,-1.725410342E0,-2.741255462E-1
1.617362797E1,5.038412213E-1,-1.676541209E0,-2.081521451E-1
1.617597510E1,4.378678501E-1,-1.555589914E0,-1.324049234E-1
1.617832292E1,3.987725079E-1,-1.368665338E0,-5.177078769E-2
1.618066990E1,3.816682696E-1,-1.123097658E0,2.031125128E-2
1.618301620E1,3.841117322E-1,-8.616476059E-1,7.895425707E-2
1.618536333E1,4.012159407E-1,-6.197451949E-1,1.143844128E-1
1.618771115E1,4.048811495E-1,-3.900600374E-1,1.217147931E-1
1.619005818E1,4.122115076E-1,-2.068006098E-1,1.180495992E-1
1.619240443E1,4.036594033E-1,-6.874518842E-2,1.168278754E-1
1.619475156E1,3.767813742E-1,1.311068423E-2,1.204930618E-1
1.619709938E1,3.450163901E-1,2.166279033E-2,1.351538301E-1
1.619944641E1,2.998124063E-1,-7.658716291E-3,1.595884115E-1
1.620179266E1,2.509432435E-1,-7.974075526E-2,1.876881868E-1
1.620413979E1,1.971871406E-1,-1.799225509E-1,2.109010518E-1
1.620648760E1,1.544265896E-1,-3.130910993E-1,2.328921854E-1
1.620883464E1,1.177747175E-1,-4.560334384E-1,2.475529313E-1
1.621118088E1,1.006705090E-1,-6.063061357E-1,2.658788860E-1
1.621352802E1,9.700532258E-2,-7.663527131E-1,2.866482735E-1
1.621587583E1,9.700532258E-2,-8.897473812E-1,3.037524819E-1
1.621822286E1,1.128878072E-1,-1.010698557E0,3.196349740E-1
1.622056917E1,1.348789185E-1,-1.130428076E0,3.342957199E-1
1.622291620E1,1.642004400E-1,-1.250157595E0,3.404043615E-1
1.622526406E1,2.094044238E-1,-1.369887114E0,3.367391825E-1
1.622761109E1,2.509432435E-1,-1.466403723E0,3.196349740E-1
1.622995740E1,3.034775853E-1,-1.538485765E0,2.903134525E-1
1.623230443E1,3.523467779E-1,-1.570250750E0,2.512181103E-1
1.623465229E1,4.024376869E-1,-1.553146482E0,2.035706639E-1
1.623699932E1,4.439764917E-1,-1.482286215E0,1.510363072E-1
1.623934563E1,4.757414460E-1,-1.341787338E0,8.994982392E-2
1.624169266E1,5.050629377E-1,-1.165858269E0,2.886335924E-2
1.624404052E1,5.233888626E-1,-9.606077075E-1,-2.855792642E-2
1.624638755E1,5.343844891E-1,-7.321442962E-1,-8.964440227E-2
1.624873385E1,5.319409966E-1,-4.780245721E-1,-1.482874155E-1
1.625108088E1,5.160585046E-1,-2.104657888E-1,-2.081521451E-1
1.625342875E1,4.867370427E-1,9.863174707E-2,-2.741255462E-1
1.625577578E1,4.268722832E-1,4.602636397E-1,-3.449858427E-1
1.625812208E1,3.315773606E-1,8.646560907E-1,-4.231765270E-1
1.626046911E1,2.155130655E-1,1.262939930E0,-5.050324202E-1
1.626281703E1,8.600975573E-2,1.585476518E0,-5.868883133E-1
1.626516401E1,-5.693258345E-2,1.811496377E0,-6.699659228E-1
1.626751031E1,-2.059835941E-1,1.922673821E0,-7.506000400E-1
1.626985745E1,-3.513693810E-1,1.893352270E0,-8.275690079E-1
1.627220526E1,-4.943117499E-1,1.768735886E0,-8.996510506E-1
1.627455224E1,-6.128194928E-1,1.536607265E0,-9.521853924E-1
1.627689854E1,-7.166664600E-1,1.239727020E0,-9.766200185E-1
1.627924557E1,-7.936354280E-1,8.964210749E-1,-9.717330933E-1
1.628159349E1,-8.461698294E-1,5.299022198E-1,-9.460767508E-1
1.628394047E1,-8.669391870E-1,1.536095738E-1,-9.106466174E-1
1.628628677E1,-8.596088290E-1,-2.104657888E-1,-8.691077828E-1
1.628863391E1,-8.498349786E-1,-5.244503021E-1,-8.287907243E-1
1.629098172E1,-8.315090537E-1,-7.883438468E-1,-7.774780989E-1
1.629332870E1,-8.180700541E-1,-9.850422144E-1,-7.127264142E-1
1.629567500E1,-8.217352033E-1,-1.121876001E0,-6.345357299E-1
1.629802214E1,-8.388394117E-1,-1.198844910E0,-5.477929711E-1
1.630036995E1,-8.608305454E-1,-1.219614387E0,-4.512763023E-1
1.630271693E1,-8.742696047E-1,-1.233053327E0,-3.437641263E-1
1.630506323E1,-8.938172460E-1,-1.226944685E0,-2.411388457E-1
1.630741036E1,-8.987041712E-1,-1.212283969E0,-1.458439529E-1
1.630975818E1,-8.913738132E-1,-1.182962418E0,-6.520981342E-2
1.631210516E1,-8.828216791E-1,-1.131649852E0,6.872228347E-3
1.631445146E1,-8.706043959E-1,-1.059567809E0,7.406734675E-2
1.631679859E1,-8.583871126E-1,-9.801553488E-1,1.473711133E-1
1.631914641E1,-8.473915458E-1,-8.824170232E-1,2.292269915E-1
1.632149344E1,-8.363959789E-1,-7.675744295E-1,3.196349740E-1
1.632383969E1,-8.156265616E-1,-6.466232538E-1,4.100429416E-1
1.632618682E1,-7.838615775E-1,-5.317806602E-1,4.918988049E-1
1.632853464E1,-7.337706685E-1,-4.218250215E-1,5.590938926E-1
1.633088167E1,-6.653538346E-1,-3.094259202E-1,6.116282940E-1
1.633322797E1,-5.798327923E-1,-2.068006098E-1,6.543887854E-1
1.633557500E1,-4.967551827E-1,-8.951459080E-2,6.922624111E-1
1.633792286E1,-4.087906778E-1,2.288452163E-2,7.423533201E-1
1.634026990E1,-3.196044266E-1,1.413922906E-1,7.973311543E-1
1.634261620E1,-2.353050858E-1,2.440175712E-1,8.449785709E-1
1.634496323E1,-1.571144015E-1,3.405341506E-1,8.852956891E-1
1.634731109E1,-8.991928399E-2,4.382725060E-1,9.097302556E-1
1.634965812E1,-4.593702406E-2,5.237935781E-1,9.219475389E-1
1.635200443E1,-2.028070576E-2,5.763279200E-1,9.182823896E-1
1.635435146E1,-1.295032911E-2,5.958756208E-1,9.023998976E-1
1.635669932E1,-2.272416465E-2,5.616672039E-1,8.816304803E-1
1.635904635E1,-4.838047922E-2,4.749243855E-1,8.743001223E-1
1.636139266E1,-8.625409007E-2,3.466427922E-1,8.828521967E-1
1.636373969E1,-1.387884617E-1,1.890397370E-1,9.048433304E-1
1.636608755E1,-2.035401314E-1,1.555414125E-2,9.280561805E-1
1.636843458E1,-2.707352340E-1,-1.848094761E-1,9.500473142E-1
1.637078089E1,-3.403738141E-1,-4.144946337E-1,9.708167315E-1
1.637312792E1,-4.136775732E-1,-6.429580450E-1,9.903643727E-1
1.637547578E1,-4.979768991E-1,-8.372130394E-1,9.989165664E-1
1.637782281E1,-6.115977764E-1,-9.642729163E-1,9.928078651E-1
1.638016911E1,-7.435445189E-1,-1.025359392E0,9.561559558E-1
1.638251615E1,-8.779347539E-1,-1.031468034E0,9.072868228E-1
1.638486406E1,-1.026985765E0,-9.923726320E-1,8.669697046E-1
1.638721104E1,-1.189475894E0,-9.325079322E-1,8.449785709E-1
1.638955734E1,-1.344635487E0,-8.775300980E-1,8.437568545E-1
1.639190448E1,-1.486356139E0,-8.359913230E-1,8.620828390E-1
1.639425229E1,-1.613415956E0,-7.932307720E-1,8.962912560E-1
1.639659927E1,-1.723371625E0,-7.419181466E-1,9.414952397E-1
1.639894557E1,-1.813779593E0,-6.906055212E-1,9.854775071E-1
1.640129271E1,-1.874866009E0,-6.478449702E-1,1.024572849E0
1.640364052E1,-1.924956918E0,-6.014192700E-1,1.049007416E0
1.640598750E1,-1.950613260E0,-5.574370027E-1,1.062446475E0
1.640833380E1,-1.971382737E0,-5.061243176E-1,1.067333460E0
1.641068094E1,-1.986043334E0,-4.560334384E-1,1.062446475E0
1.641302875E1,-1.994595647E0,-4.132729173E-1,1.058781266E0
1.641537573E1,-1.995817304E0,-3.876166046E-1,1.060003042E0
1.641772203E1,-1.973826051E0,-4.083859921E-1,1.063668251E0
1.642006917E1,-1.951835036E0,-4.450378716E-1,1.066111684E0
1.642241698E1,-1.959165335E0,-4.474813342E-1,1.053894401E0
1.642476396E1,-1.976269603E0,-4.487030506E-1,1.025794625E0
1.642711026E1,-2.006812811E0,-4.328205884E-1,9.976947904E-1
1.642945740E1,-2.047129869E0,-3.912817836E-1,9.915861487E-1
1.643180521E1,-2.098442316E0,-3.191997409E-1,9.952513576E-1
1.643415219E1,-2.121655226E0,-2.764392197E-1,1.005025268E0
1.643649849E1,-2.111881495E0,-2.776609361E-1,1.019685984E0
1.643884563E1,-2.113103151E0,-2.495611608E-1,1.029459834E0
1.644119344E1,-2.143646479E0,-1.518227756E-1,1.039233685E0
1.644354042E1,-2.187628746E0,-2.964984626E-2,1.041677117E0
1.644588672E1,-2.232832670E0,8.641444892E-2,1.038011909E0
1.644823385E1,-2.284145355E0,1.975918412E-1,1.023351192E0
1.645058167E1,-2.337901354E0,3.160995543E-1,1.008690357E0
1.645292870E1,-2.396544456E0,4.468246102E-1,9.915861487E-1
1.645527495E1,-2.458852530E0,5.763279200E-1,9.781470895E-1
1.645762208E1,-2.508943558E0,6.875053048E-1,9.695950150E-1
1.645996990E1,-2.570029974E0,8.035696149E-1,9.610428810E-1
1.646231693E1,-2.626229525E0,9.135252833E-1,9.549342394E-1
1.646466323E1,-2.675098658E0,1.013707042E0,9.476038814E-1
1.646701026E1,-2.727632999E0,1.111445427E0,9.500473142E-1
1.646935812E1,-2.770393610E0,1.210405469E0,9.818122983E-1
1.647170516E1,-2.793606520E0,1.327691555E0,1.031903267E0
1.647405141E1,-2.807045460E0,1.453529716E0,1.068555117E0
1.647639854E1,-2.824149609E0,1.547602892E0,1.092989683E0
1.647874635E1,-2.829036713E0,1.607467532E0,1.112537384E0
1.648109338E1,-2.840032101E0,1.669775844E0,1.124754667E0
1.648343969E1,-2.855914593E0,1.724753618E0,1.128419876E0
1.648578672E1,-2.854692936E0,1.757740259E0,1.128419876E0
1.648813458E1,-2.847362518E0,1.807831168E0,1.121089458E0
1.649048161E1,-2.830258369E0,1.865252495E0,1.113759160E0
1.649282792E1,-2.818041086E0,1.939777970E0,1.106428742E0
1.649517495E1,-2.802158594E0,2.010638475E0,1.103985310E0
1.649752281E1,-2.782610893E0,2.088829041E0,1.103985310E0
1.649986984E1,-2.764285088E0,2.169463158E0,1.100320101E0
1.650221615E1,-2.738628626E0,2.224441051E0,1.090546250E0
1.650456318E1,-2.725189686E0,2.274532080E0,1.064889908E0
1.650691104E1,-2.715415716E0,2.283084154E0,1.030681491E0
1.650925807E1,-2.715415716E0,2.269644976E0,9.793688655E-1
1.651160438E1,-2.720302820E0,2.243988752E0,9.378300309E-1
1.651395141E1,-2.733741760E0,2.214667320E0,9.146171808E-1
1.651629927E1,-2.754511118E0,2.195119619E0,9.048433304E-1
1.651864630E1,-2.764285088E0,2.174350262E0,9.109519720E-1
1.652099260E1,-2.782610893E0,2.171906710E0,9.097302556E-1
1.652333964E1,-2.798493385E0,2.154802561E0,8.987346888E-1
1.652568755E1,-2.818041086E0,2.138920069E0,8.791870475E-1
1.652803453E1,-2.835145235E0,2.112041950E0,8.510872722E-1
1.653038083E1,-2.855914593E0,2.093715906E0,8.181005716E-1
1.653272797E1,-2.877905846E0,2.080276966E0,7.838921547E-1
1.653507578E1,-2.890123129E0,2.065616131E0,7.557923198E-1
1.653742276E1,-2.896231651E0,2.054620743E0,7.313577533E-1
1.653976906E1,-2.897453547E0,2.042403460E0,7.069231868E-1
1.654211620E1,-2.892566681E0,2.038738251E0,6.800451279E-1
1.654446401E1,-2.884014368E0,2.033851385E0,6.592757106E-1
1.654681099E1,-2.885236263E0,2.035073042E0,6.421715021E-1
1.654915729E1,-2.880349159E0,2.024077415E0,6.299542189E-1
1.655150443E1,-2.866910219E0,1.981316805E0,6.189586520E-1
1.655385224E1,-2.851027727E0,1.921452045E0,6.042978764E-1
1.655619922E1,-2.821706295E0,1.848148346E0,5.835285187E-1
1.655854552E1,-2.770393610E0,1.739414334E0,5.529852509E-1
1.656089266E1,-2.712972403E0,1.602580667E0,5.077812672E-1
1.656324047E1,-2.648220778E0,1.446199298E0,4.564686716E-1
1.656558745E1,-2.583468914E0,1.277600646E0,4.100429416E-1
1.656793375E1,-2.533378124E0,1.123662710E0,3.697258830E-1
1.657028089E1,-2.490617514E0,9.941594601E-1,3.404043615E-1
1.657262870E1,-2.453965664E0,8.903124332E-1,3.184132278E-1
1.657497568E1,-2.424644232E0,7.925740480E-1,3.086394072E-1
1.657732198E1,-2.405096531E0,7.143833637E-1,3.025307655E-1
1.657966911E1,-2.387992382E0,6.337492466E-1,3.074176610E-1
1.658201693E1,-2.379440308E0,5.604454279E-1,3.269653320E-1
1.658436391E1,-2.375775099E0,4.859199524E-1,3.562868536E-1
1.658671021E1,-2.367222786E0,4.089510143E-1,3.513999283E-1
1.658905734E1,-2.363557816E0,3.466427922E-1,3.294087946E-1
1.659140516E1,-2.356227398E0,2.928867042E-1,3.135263324E-1
1.659375219E1,-2.333014488E0,2.269133329E-1,3.000873029E-1
1.659609844E1,-2.296362638E0,1.450574696E-1,2.915351987E-1
1.659844557E1,-2.256045580E0,5.587121472E-2,2.866482735E-1
1.660079338E1,-2.216950178E0,-3.453676403E-2,2.854265571E-1
1.660314036E1,-2.183963537E0,-1.212795600E-1,2.890917361E-1
1.660548667E1,-2.157085419E0,-1.982485056E-1,2.927569151E-1
1.660783380E1,-2.131429195E0,-2.691088319E-1,2.952003777E-1
1.661018161E1,-2.113103151E0,-3.191997409E-1,2.939786613E-1
1.661252865E1,-2.103329420E0,-3.607385457E-1,2.939786613E-1
1.661487495E1,-2.091112137E0,-4.034990668E-1,3.049742281E-1
1.661722198E1,-2.080116510E0,-4.303771257E-1,3.171915114E-1
1.661956984E1,-2.055681944E0,-4.743593931E-1,3.233001530E-1
1.662191688E1,-2.022695303E0,-5.207850933E-1,3.098611236E-1
1.662426318E1,-1.984821677E0,-5.598804355E-1,2.817613482E-1
1.662661021E1,-1.959165335E0,-5.867584944E-1,2.463312149E-1
1.662895807E1,-1.934730768E0,-6.356276870E-1,2.231183350E-1
1.663130510E1,-1.902965784E0,-6.759447455E-1,2.133445144E-1
1.663365141E1,-1.869979143E0,-7.162618041E-1,2.145662308E-1
1.663599844E1,-1.840657592E0,-7.468050718E-1,2.231183350E-1
1.663834630E1,-1.810114384E0,-7.700179219E-1,2.353356332E-1
1.664069333E1,-1.771019101E0,-7.859004140E-1,2.487746477E-1
1.664303964E1,-1.735588908E0,-7.920090556E-1,2.609919608E-1
1.664538667E1,-1.706267357E0,-7.993394136E-1,2.707657814E-1
1.664773453E1,-1.679389358E0,-7.968959808E-1,2.768744528E-1
1.665008156E1,-1.656176448E0,-7.871221304E-1,2.854265571E-1
1.665242786E1,-1.635407090E0,-7.773482800E-1,2.939786613E-1
1.665477490E1,-1.613415956E0,-7.834569216E-1,3.025307655E-1
1.665712276E1,-1.597533464E0,-7.736830711E-1,3.123045862E-1
1.665946979E1,-1.585316181E0,-7.639092803E-1,3.318522573E-1
1.666181609E1,-1.571877122E0,-7.565788627E-1,3.550651371E-1
1.666416312E1,-1.548664331E0,-7.675744295E-1,3.831649125E-1
1.666651099E1,-1.532781839E0,-7.785699964E-1,4.137081206E-1
1.666885802E1,-1.514455914E0,-7.810134888E-1,4.503600299E-1
1.667120432E1,-1.492464781E0,-7.651309967E-1,4.931205511E-1
1.667355135E1,-1.459478021E0,-7.712396383E-1,5.432114005E-1
1.667589922E1,-1.424047947E0,-7.541354299E-1,5.981892347E-1
1.667824625E1,-1.381287336E0,-7.333660126E-1,6.568322778E-1
1.668059255E1,-1.337305069E0,-6.991575956E-1,7.179187536E-1
1.668293958E1,-1.282327294E0,-6.625057459E-1,7.838921547E-1
1.668528745E1,-1.215132117E0,-6.197451949E-1,8.547524214E-1
1.668763448E1,-1.158932567E0,-5.525500774E-1,9.243910313E-1
1.668998078E1,-1.089294076E0,-4.841331840E-1,9.976947904E-1
1.669232792E1,-1.017211914E0,-4.047208130E-1,1.069776893E0
1.669467573E1,-9.463516474E-1,-3.179780245E-1,1.140637159E0
1.669702271E1,-8.803782463E-1,-2.226831019E-1,1.200501919E0
1.669936901E1,-8.205134869E-1,-1.225012764E-1,1.253036261E0
1.670171615E1,-7.643139362E-1,-2.598465979E-2,1.300683737E0
1.670406396E1,-7.191099524E-1,7.297542691E-2,1.337335587E0
1.670641094E1,-6.775711179E-1,1.633834243E-1,1.370322347E0
1.670875724E1,-6.458061934E-1,2.464610040E-1,1.391091704E0
1.671110438E1,-6.238150597E-1,3.185430169E-1,1.405752420E0
1.671345219E1,-6.079325676E-1,3.820729554E-1,1.413082838E0
1.671579917E1,-5.969370008E-1,4.382725060E-1,1.410639405E0
1.671814547E1,-5.920500755E-1,4.737026691E-1,1.402087331E0
1.672049260E1,-5.969370008E-1,5.018024445E-1,1.382539630E0
1.672284042E1,-6.054891348E-1,5.164632201E-1,1.355661511E0
1.672518740E1,-6.079325676E-1,5.152414441E-1,1.325118303E0
1.672753370E1,-6.201498508E-1,5.176849365E-1,1.287244678E0
1.672988083E1,-6.409192681E-1,5.164632201E-1,1.243262410E0
1.673222865E1,-6.580234766E-1,5.103545189E-1,1.190728068E0
1.673457562E1,-6.653538346E-1,5.042458773E-1,1.129641652E0
1.673692193E1,-6.702407598E-1,5.042458773E-1,1.064889908E0
1.673926906E1,-6.677973270E-1,4.993590117E-1,9.976947904E-1
1.674161688E1,-6.568017602E-1,4.908068776E-1,9.243910313E-1
1.674396385E1,-6.445844769E-1,4.944720864E-1,8.449785709E-1
1.674631016E1,-6.250367761E-1,4.969155192E-1,7.643444538E-1
1.674865729E1,-6.006022096E-1,5.030241609E-1,6.812668443E-1
1.675100510E1,-5.712806582E-1,5.079110861E-1,5.945240855E-1
1.675335214E1,-5.407374501E-1,5.140197277E-1,5.102247596E-1
1.675569839E1,-5.028638244E-1,5.127980113E-1,4.234819710E-1
1.675804552E1,-4.674336910E-1,5.042458773E-1,3.404043615E-1
1.676039333E1,-4.332252443E-1,4.883634448E-1,2.573267519E-1
1.676274036E1,-4.026820064E-1,4.663722813E-1,1.791360825E-1
1.676508661E1,-3.696953356E-1,4.236117601E-1,1.070540398E-1
1.676743375E1,-3.525910974E-1,3.894033432E-1,3.619373217E-2
1.676978156E1,-3.415955603E-1,3.466427922E-1,-3.222311288E-2
1.677212859E1,-3.305999935E-1,2.928867042E-1,-9.819650650E-2
1.677447484E1,-3.232696056E-1,2.391306460E-1,-1.666133553E-1
1.677682198E1,-3.171609640E-1,1.878179908E-1,-2.386953831E-1
1.677916979E1,-3.122740388E-1,1.426140070E-1,-3.107774258E-1
1.678151682E1,-3.037219346E-1,1.022969410E-1,-3.840811849E-1
1.678386312E1,-2.927263677E-1,6.442332268E-2,-4.622718692E-1
1.678621016E1,-2.744004130E-1,3.265835717E-2,-5.380191207E-1
1.678855802E1,-2.463006526E-1,-6.436986849E-3,-6.125445962E-1
1.679090505E1,-2.182008773E-1,-2.964984626E-2,-6.809614897E-1
1.679325135E1,-1.705534309E-1,-6.385827065E-2,-7.396044731E-1
1.679559838E1,-1.204625219E-1,-9.684496373E-2,-7.909170985E-1
1.679794625E1,-6.548469514E-2,-1.286099255E-1,-8.324559331E-1
1.680029328E1,-4.398221150E-3,-1.567097008E-1,-8.642209172E-1
1.680263958E1,5.546652526E-2,-1.689269841E-1,-8.898772001E-1
1.680498661E1,1.226616427E-1,-2.043571472E-1,-9.033162594E-1
1.680733448E1,1.910784692E-1,-2.336786687E-1,-9.167552590E-1
1.680968151E1,2.619388103E-1,-2.532263398E-1,-9.277508259E-1
1.681202781E1,3.279121816E-1,-2.666653693E-1,-9.350811839E-1
1.681437484E1,4.012159407E-1,-2.801043987E-1,-9.399681091E-1
1.681672271E1,4.720762670E-1,-2.825478613E-1,-9.411898255E-1
1.681906974E1,5.404931307E-1,-2.752174735E-1,-9.448550344E-1
1.682141604E1,6.101316810E-1,-2.678871155E-1,-9.448550344E-1
1.682376307E1,6.932092905E-1,-2.691088319E-1,-9.338594675E-1
1.682611094E1,7.640696168E-1,-2.544480860E-1,-9.179769754E-1
1.682845797E1,8.361516595E-1,-2.410090566E-1,-8.935424089E-1
1.683080427E1,9.204509854E-1,-2.397873104E-1,-8.629991412E-1
1.683315130E1,9.986416101E-1,-2.397873104E-1,-8.263472915E-1
1.683549917E1,1.076832294E0,-2.349004149E-1,-7.896953821E-1
1.683784620E1,1.158688188E0,-2.434525192E-1,-7.457131147E-1
1.684019250E1,1.244209170E0,-2.593349814E-1,-7.017308474E-1
1.684253953E1,1.332173705E0,-2.862130404E-1,-6.577486396E-1
1.684488740E1,1.416473031E0,-3.082041740E-1,-6.137663722E-1
1.684723443E1,1.506880999E0,-3.411908746E-1,-5.685623884E-1
1.684958073E1,1.586293459E0,-3.644037247E-1,-5.282452703E-1
1.685192776E1,1.666927576E0,-3.851731420E-1,-4.879281819E-1
1.685427562E1,1.734122753E0,-3.925035000E-1,-4.561632276E-1
1.685662266E1,1.809869885E0,-4.047208130E-1,-4.243982732E-1
1.685896896E1,1.868512988E0,-3.900600374E-1,-3.999636769E-1
1.686131599E1,1.921047330E0,-3.778427541E-1,-3.779725432E-1
1.686366391E1,1.972360015E0,-3.558516204E-1,-3.633117974E-1
1.686601088E1,2.021229267E0,-3.253083825E-1,-3.523162305E-1
1.686835719E1,2.066433191E0,-2.910999656E-1,-3.449858427E-1
1.687070422E1,2.101863384E0,-2.275699973E-1,-3.462075889E-1
1.687305214E1,2.128741503E0,-1.518227756E-1,-3.572031558E-1
1.687539911E1,2.166615009E0,-8.951459080E-2,-3.730856180E-1
1.687774542E1,2.198379993E0,-1.254563406E-2,-3.999636769E-1
1.688009245E1,2.230144978E0,6.808850169E-2,-4.366155565E-1
1.688244036E1,2.268018484E0,1.365053654E-1,-4.757108986E-1
1.688478734E1,2.301005363E0,2.085874081E-1,-5.209149122E-1
1.688713365E1,2.346209288E0,2.696738541E-1,-5.697841048E-1
1.688948078E1,2.376752615E0,3.380906880E-1,-6.308705807E-1
1.689182859E1,2.418291330E0,3.869598806E-1,-6.992874146E-1
1.689417557E1,2.457386732E0,4.297204018E-1,-7.738128901E-1
1.689652188E1,2.497703791E0,4.553767145E-1,-8.532253504E-1
1.689886901E1,2.527025223E0,4.920285940E-1,-9.411898255E-1
1.690121682E1,2.560011864E0,5.250152946E-1,-1.032819510E0
1.690356380E1,2.585668325E0,5.689975619E-1,-1.125670910E0
1.690591010E1,2.608881235E0,6.154232621E-1,-1.220965862E0
1.690825724E1,2.629650593E0,6.630707383E-1,-1.318704128E0
1.691060505E1,2.644311190E0,7.131616473E-1,-1.420107722E0
1.691295203E1,2.655306816E0,7.608090639E-1,-1.511737466E0
1.691529833E1,2.656528473E0,8.280041814E-1,-1.599702001E0
1.691764547E1,2.647976398E0,9.135252833E-1,-1.685222983E0
1.691999328E1,2.621098518E0,1.032032967E0,-1.770744085E0
1.692234026E1,2.577116251E0,1.183527470E0,-1.853821635E0
1.692468656E1,2.517251492E0,1.366786838E0,-1.938120961E0
1.692703370E1,2.446391106E0,1.565928817E0,-2.017533541E0
1.692938151E1,2.369422197E0,1.762627244E0,-2.084728479E0
1.693172849E1,2.292453289E0,1.942221403E0,-2.137262821E0
1.693407479E1,2.213040829E0,2.105933428E0,-2.173914909E0
1.693642193E1,2.129963160E0,2.272088528E0,-2.180023432E0
1.693876974E1,2.067655087E0,2.378378868E0,-2.155588865E0
1.694111672E1,2.027338028E0,2.418696165E0,-2.098167658E0
1.694346302E1,1.988242507E0,2.418696165E0,-2.002872705E0
1.694581016E1,1.971138239E0,2.369826794E0,-1.866038918E0
1.694815797E1,1.969916463E0,2.296523094E0,-1.688888192E0
1.695050495E1,1.982133746E0,2.203671694E0,-1.471420407E0
1.695285125E1,2.016342402E0,2.094937801E0,-1.234404802E0
1.695519839E1,2.067655087E0,1.975208163E0,-9.925025105E-1
1.695754620E1,2.132406712E0,1.851813436E0,-7.603738904E-1
1.695989323E1,2.200823545E0,1.723531842E0,-5.587885380E-1
1.696223948E1,2.269240379E0,1.611132741E0,-4.085157812E-1
1.696458661E1,2.330326796E0,1.506064057E0,-3.095556796E-1
1.696693443E1,2.392635107E0,1.405882239E0,-2.460257709E-1
1.696928146E1,2.462273598E0,1.310587287E0,-2.081521451E-1
1.697162771E1,2.540464163E0,1.222622871E0,-1.910479367E-1
1.697397484E1,2.630872250E0,1.118775845E0,-1.800523698E-1
1.697632266E1,2.722501993E0,1.017372251E0,-1.727219969E-1
1.697866969E1,2.812909842E0,9.159687161E-1,-1.666133553E-1
1.698101599E1,2.891100645E0,8.145651817E-1,-1.641698927E-1
1.698336302E1,2.949743748E0,7.241572142E-1,-1.666133553E-1
1.698571088E1,2.996169329E0,6.532968879E-1,-1.641698927E-1
1.698805792E1,3.043816805E0,6.105363369E-1,-1.531743258E-1
1.699040417E1,3.075581789E0,6.129798293E-1,-1.446222216E-1
1.699275130E1,3.104903221E0,6.447448134E-1,-1.397352964E-1
1.699509911E1,3.129337788E0,7.156050801E-1,-1.287397295E-1
1.699744615E1,3.142776966E0,8.206738234E-1,-1.262962818E-1
1.699979245E1,3.145220280E0,9.318512082E-1,-1.275179982E-1
1.700213948E1,3.146442175E0,1.035698175E0,-1.299614608E-1
1.700448734E1,3.151329041E0,1.140766978E0,-1.385135651E-1
1.700683438E1,3.152550697E0,1.243392229E0,-1.470656842E-1
1.700918068E1,3.154994249E0,1.350904346E0,-1.470656842E-1
1.701152771E1,3.148885489E0,1.425429940E0,-1.727219969E-1
1.701387557E1,3.133002996E0,1.446199298E0,-2.130390704E-1
1.701622260E1,3.122007370E0,1.466968656E0,-2.374736518E-1
1.701856891E1,3.128116131E0,1.479185939E0,-2.570213377E-1
1.702091594E1,3.150107145E0,1.464525223E0,-2.704603374E-1
1.702326380E1,3.174541950E0,1.437647223E0,-2.838993669E-1
1.702561083E1,3.218524218E0,1.377782464E0,-2.985601425E-1
1.702795714E1,3.257619381E0,1.320361137E0,-3.119991422E-1
1.703030417E1,3.291827917E0,1.277600646E0,-3.205512464E-1
1.703265203E1,3.316262484E0,1.264161587E0,-3.168860674E-1
1.703499906E1,3.355357885E0,1.232396603E0,-2.863428295E-1
1.703734536E1,3.384679317E0,1.204296827E0,-2.423605770E-1
1.703969240E1,3.422552824E0,1.165201545E0,-1.788306385E-1
1.704204026E1,3.465313435E0,1.138323426E0,-1.043051556E-1
1.704438729E1,3.504408836E0,1.117554069E0,-3.588830307E-2
1.704673359E1,3.531286955E0,1.079680443E0,1.786779240E-2
1.704908063E1,3.542282343E0,1.028367877E0,4.596756771E-2
1.705142849E1,3.537395477E0,9.782769084E-1,5.696313456E-2
1.705377552E1,3.508074045E0,9.404033422E-1,4.718929902E-2
1.705612182E1,3.473865509E0,8.866472244E-1,1.786779240E-2
1.705846885E1,3.404227018E0,8.328911066E-1,-3.100138530E-2
1.706081677E1,3.311375618E0,7.559221387E-1,-9.453132004E-2
1.706316375E1,3.187980890E0,6.520751715E-1,-1.568395197E-1
1.706551005E1,3.029155970E0,5.201283693E-1,-2.142608017E-1
1.706785708E1,2.853226900E0,3.539731801E-1,-2.606865168E-1
1.707020500E1,2.651641607E0,1.694920659E-1,-3.034470379E-1
1.707255198E1,2.457386732E0,-6.385827065E-2,-3.425423801E-1
1.707489828E1,2.257023096E0,-3.033172488E-1,-3.828594685E-1
1.707724531E1,2.071320057E0,-5.537717938E-1,-4.134027064E-1
1.707959318E1,1.903943062E0,-8.042263389E-1,-4.353938401E-1
1.708194021E1,1.762222528E0,-1.051015735E0,-4.500545859E-1
1.708428651E1,1.637606144E0,-1.288031220E0,-4.573849440E-1
1.708663354E1,1.536202550E0,-1.520159841E0,-4.598284066E-1
1.708898141E1,1.454346657E0,-1.751066685E0,-4.561632276E-1
1.709132844E1,1.377377748E0,-1.957538962E0,-4.512763023E-1
1.709367474E1,1.313847780E0,-2.146906853E0,-4.524980485E-1
1.709602177E1,1.251539588E0,-2.305731773E0,-4.549415112E-1
1.709836969E1,1.195340037E0,-2.435235023E0,-4.586066902E-1
1.710071667E1,1.148914337E0,-2.547634125E0,-4.586066902E-1
1.710306297E1,1.100045085E0,-2.617272615E0,-4.622718692E-1
1.710541010E1,1.057284594E0,-2.666141987E0,-4.634936154E-1
1.710775792E1,1.008415461E0,-2.680802584E0,-4.671587944E-1
1.711010490E1,9.632114768E-1,-2.677137375E0,-4.659370482E-1
1.711245120E1,9.167857766E-1,-2.653924704E0,-4.634936154E-1
1.711479833E1,8.728035092E-1,-2.609942436E0,-4.610501528E-1
1.711714615E1,8.288212419E-1,-2.554964542E0,-4.549415112E-1
1.711949312E1,7.872824669E-1,-2.481660843E0,-4.451676607E-1
1.712183943E1,7.567391992E-1,-2.397361517E0,-4.305069149E-1
1.712418656E1,7.286394238E-1,-2.298401356E0,-4.158461690E-1
1.712653438E1,6.968744993E-1,-2.170119762E0,-4.024071395E-1
1.712888135E1,6.797702909E-1,-2.039394617E0,-3.889681101E-1
1.713122766E1,6.626660824E-1,-1.895230770E0,-3.779725432E-1
1.713357479E1,6.480053067E-1,-1.741292834E0,-3.718639016E-1
1.713592260E1,6.443400979E-1,-1.587354898E0,-3.633117974E-1
1.713826958E1,6.431183815E-1,-1.430973530E0,-3.572031558E-1
1.714061589E1,6.357880235E-1,-1.274592161E0,-3.523162305E-1
1.714296302E1,6.370097399E-1,-1.123097658E0,-3.462075889E-1
1.714531083E1,6.418966651E-1,-9.752684832E-1,-3.364337385E-1
1.714765781E1,6.370097399E-1,-8.262174726E-1,-3.291033804E-1
1.715000411E1,6.357880235E-1,-6.820533872E-1,-3.168860674E-1
1.715235125E1,6.357880235E-1,-5.476631522E-1,-3.058905005E-1
1.715469906E1,6.235707402E-1,-4.157163799E-1,-2.948949337E-1
1.715704604E1,6.174620390E-1,-3.045389950E-1,-2.802341878E-1
1.715939234E1,6.101316810E-1,-1.994702220E-1,-2.631299794E-1
1.716173948E1,5.930274725E-1,-1.005101576E-1,-2.509126961E-1
1.716408729E1,5.771449804E-1,-2.720638737E-2,-2.325867414E-1
1.716643427E1,5.527104139E-1,4.121046141E-2,-2.130390704E-1
1.716878057E1,5.282757878E-1,9.007964283E-2,-1.934913993E-1
1.717112771E1,5.013977289E-1,1.303967237E-1,-1.690568030E-1
1.717347552E1,4.696328044E-1,1.511661112E-1,-1.458439529E-1
1.717582250E1,4.293157458E-1,1.682703197E-1,-1.177441776E-1
1.717816880E1,3.926638365E-1,1.658268571E-1,-8.353575319E-2
1.718051594E1,3.499033153E-1,1.536095738E-1,-4.566213861E-2
1.718286375E1,3.010341525E-1,1.279532611E-1,-4.123336636E-3
1.718521073E1,2.509432435E-1,9.496655315E-2,4.474584013E-2
1.718755703E1,2.020740360E-1,3.876700252E-2,9.972365946E-2
1.718990417E1,1.495396793E-1,-2.354119718E-2,1.522580385E-1
1.719225198E1,9.700532258E-2,-8.829285949E-2,2.011272162E-1
1.719459896E1,4.202749580E-2,-1.652618051E-1,2.487746477E-1
1.719694526E1,-1.050687023E-2,-2.373438776E-1,2.927569151E-1
1.719929240E1,-6.914988160E-2,-3.069824576E-1,3.330740035E-1
1.720164021E1,-1.314580888E-1,-3.656254709E-1,3.697258830E-1
1.720398719E1,-1.888793856E-1,-4.303771257E-1,4.027125835E-1
1.720633349E1,-2.548527718E-1,-4.987939596E-1,4.332558215E-1
1.720868062E1,-3.354868889E-1,-5.611021519E-1,4.552469254E-1
1.721102844E1,-4.222296774E-1,-6.282972693E-1,4.723511636E-1
1.721337542E1,-5.150811076E-1,-7.138183713E-1,4.906770885E-1
1.721572172E1,-6.225933433E-1,-7.981176972E-1,5.065595508E-1
1.721806885E1,-7.362141609E-1,-8.860822320E-1,5.126681924E-1
1.722041667E1,-8.583871126E-1,-9.606077075E-1,5.065595508E-1
1.722276370E1,-9.854469895E-1,-1.019250751E0,4.931205511E-1
1.722510995E1,-1.097846150E0,-1.069341660E0,4.723511636E-1
1.722745708E1,-1.196806192E0,-1.093776226E0,4.466948211E-1
1.722980490E1,-1.271331668E0,-1.092554450E0,4.185950458E-1
1.723215188E1,-1.318979144E0,-1.046128750E0,3.966039121E-1
1.723449818E1,-1.339748502E0,-9.581642151E-1,3.733910620E-1
1.723684531E1,-1.332418203E0,-8.323261142E-1,3.465130031E-1
1.723919312E1,-1.300653219E0,-6.673926115E-1,3.061959445E-1
1.724154010E1,-1.229792953E0,-4.902418256E-1,2.548833191E-1
1.724388641E1,-1.136941433E0,-2.898782492E-1,1.901316494E-1
1.724623354E1,-1.018433571E0,-8.707112819E-2,1.241582558E-1
1.724858135E1,-8.657174706E-1,1.022969410E-1,5.818486586E-2
1.725092838E1,-6.897884607E-1,2.733390331E-1,-4.123336636E-3
1.725327464E1,-5.004203916E-1,4.211682975E-1,-6.643154472E-2
1.725562177E1,-2.841742635E-1,5.042458773E-1,-1.214093640E-1
1.725796958E1,-6.548469514E-2,5.518933535E-1,-1.727219969E-1
1.726031661E1,1.507614106E-1,5.494499207E-1,-2.191477120E-1
1.726266292E1,3.584554195E-1,5.164632201E-1,-2.533561587E-1
1.726500995E1,5.453800559E-1,4.504898190E-1,-2.741255462E-1
1.726735781E1,7.090917826E-1,3.527514637E-1,-2.838993669E-1
1.726970484E1,8.569210172E-1,2.269133329E-1,-2.777907252E-1
1.727205115E1,9.864243269E-1,6.808850169E-2,-2.557995915E-1
1.727439818E1,1.086606145E0,-1.041753367E-1,-2.252563685E-1
1.727674604E1,1.159909844E0,-2.752174735E-1,-1.922696680E-1
1.727909307E1,1.217331171E0,-4.633638263E-1,-1.580612361E-1
1.728143932E1,1.251539588E0,-6.478449702E-1,-1.287397295E-1
1.728378646E1,1.267422080E0,-8.152219057E-1,-1.067486182E-1
1.728613427E1,1.266200304E0,-9.593859911E-1,-8.720094711E-2
1.728848130E1,1.247874379E0,-1.071785092E0,-6.887499988E-2
1.729082760E1,1.220996380E0,-1.148754001E0,-5.177078769E-2
1.729317464E1,1.179457545E0,-1.175632119E0,-4.077522084E-2
1.729552250E1,1.135475278E0,-1.164636493E0,-3.344484419E-2
1.729786953E1,1.078053951E0,-1.113323927E0,-3.222311288E-2
1.730021583E1,1.012080669E0,-1.048572183E0,-3.833176196E-2
1.730256286E1,9.399986267E-1,-9.679380655E-1,-4.810559750E-2
1.730491073E1,8.654731512E-1,-8.921908736E-1,-5.421424285E-2
1.730725776E1,7.775086164E-1,-7.859004140E-1,-6.520981342E-2
1.730960406E1,6.956527233E-1,-6.722795367E-1,-7.620538026E-2
1.731195109E1,6.186838150E-1,-5.439979434E-1,-9.453132004E-2
1.731429896E1,5.490452051E-1,-4.157163799E-1,-1.165224537E-1
1.731664599E1,4.965108931E-1,-3.118693531E-1,-1.372918487E-1
1.731899229E1,4.586372375E-1,-2.336786687E-1,-1.446222216E-1
1.732133932E1,4.439764917E-1,-2.043571472E-1,-1.324049234E-1
1.732368719E1,4.378678501E-1,-2.275699973E-1,-1.079703420E-1
1.732603422E1,4.207636118E-1,-2.910999656E-1,-9.453132004E-2
1.732838052E1,3.999942243E-1,-3.912817836E-1,-8.597921580E-2
1.733072755E1,3.755596280E-1,-5.232285857E-1,-7.620538026E-2
1.733307542E1,3.425729275E-1,-6.710578203E-1,-6.398808211E-2
1.733542245E1,3.083645105E-1,-8.482086062E-1,-5.421424285E-2
1.733776875E1,2.765995562E-1,-1.046128750E0,-4.688386992E-2
1.734011578E1,2.350607365E-1,-1.228166461E0,-5.177078769E-2
1.734246365E1,1.886350363E-1,-1.397986889E0,-6.520981342E-2
1.734481068E1,1.434310228E-1,-1.549481273E0,-9.330958873E-2
1.734715698E1,9.822705388E-2,-1.664323807E0,-1.311831921E-1
1.734950401E1,5.180133134E-2,-1.738849401E0,-1.824958324E-1
1.735185188E1,9.040800855E-3,-1.779166460E0,-2.423605770E-1
1.735419891E1,-2.638935484E-2,-1.782831669E0,-3.058905005E-1
1.735654521E1,-4.105010629E-2,-1.741292834E0,-3.669769764E-1
1.735889224E1,-4.593702406E-2,-1.631337166E0,-4.317286313E-1
1.736124010E1,-3.860664368E-2,-1.462738514E0,-4.977020621E-1
1.736358714E1,-1.539378799E-2,-1.242827177E0,-5.612319708E-1
1.736593344E1,1.637117751E-2,-9.728249907E-1,-6.235401630E-1
1.736828047E1,3.958404064E-2,-6.502884030E-1,-6.907352805E-1
1.737062833E1,5.668824911E-2,-3.143128157E-1,-7.567086816E-1
1.737297536E1,6.646208465E-2,2.899316698E-2,-8.190168738E-1
1.737532167E1,6.035343558E-2,3.441993594E-1,-8.739947081E-1
1.737766870E1,2.125809528E-2,6.239753962E-1,-9.338594675E-1
1.738001661E1,-2.272416465E-2,8.170086145E-1,-9.949459434E-1
1.738236359E1,-8.625409007E-2,9.159687161E-1,-1.054810643E0
1.738470990E1,-1.705534309E-1,9.232990742E-1,-1.113453627E0
1.738705693E1,-2.621831298E-1,8.451083899E-1,-1.157435894E0
1.738940479E1,-3.464824557E-1,6.972791553E-1,-1.181870461E0
1.739175182E1,-4.271166027E-1,5.152414441E-1,-1.189200878E0
1.739409813E1,-5.040855408E-1,3.258734047E-1,-1.178205252E0
1.739644516E1,-5.725024343E-1,1.401705444E-1,-1.153770685E0
1.739879302E1,-6.409192681E-1,-2.476292849E-2,-1.117118835E0
1.740114005E1,-7.032274604E-1,-1.652618051E-1,-1.067027926E0
1.740348635E1,-7.667573690E-1,-2.776609361E-1,-1.008384943E0
1.740583338E1,-8.351742625E-1,-3.741775751E-1,-9.375246763E-1
1.740818130E1,-9.096997380E-1,-4.438161552E-1,-8.617774248E-1
1.741052828E1,-9.903338552E-1,-4.890201092E-1,-7.799215317E-1
1.741287458E1,-1.081963658E0,-5.134547353E-1,-6.944004893E-1
1.741522161E1,-1.165041208E0,-5.464414358E-1,-6.027708054E-1
1.741756953E1,-1.239566803E0,-5.879802108E-1,-5.111410618E-1
1.741991651E1,-1.309205294E0,-6.319624782E-1,-4.170678854E-1
1.742226281E1,-1.364183187E0,-6.832751036E-1,-3.242164552E-1
1.742460984E1,-1.403278470E0,-7.431398630E-1,-2.301432788E-1
1.742695776E1,-1.443595529E0,-7.663527131E-1,-1.421787590E-1
1.742930474E1,-1.461921453E0,-7.883438468E-1,-5.054905638E-2
1.743165104E1,-1.468030095E0,-7.932307720E-1,4.352411255E-2
1.743399807E1,-1.443595529E0,-7.810134888E-1,1.473711133E-1
1.743634599E1,-1.402056813E0,-7.419181466E-1,2.561050355E-1
1.743869297E1,-1.326309562E0,-6.820533872E-1,3.685041368E-1
1.744103927E1,-1.234679818E0,-5.892019272E-1,4.784598053E-1
1.744338630E1,-1.128389359E0,-4.694724679E-1,5.871936679E-1
1.744573422E1,-1.006216288E0,-3.399691582E-1,6.861537695E-1
1.744808120E1,-8.706043959E-1,-2.019136846E-1,7.631227374E-1
1.745042750E1,-7.337706685E-1,-6.263654679E-2,8.168787956E-1
1.745277453E1,-6.079325676E-1,7.908406854E-2,8.535307050E-1
1.745512245E1,-5.016421080E-1,2.293567955E-1,8.718566298E-1
1.745746943E1,-4.051254690E-1,3.466427922E-1,8.657479882E-1
1.745981573E1,-3.342651725E-1,4.333855808E-1,8.364264965E-1
1.746216276E1,-2.890611887E-1,5.018024445E-1,8.022180796E-1
1.746451068E1,-2.707352340E-1,5.311239362E-1,7.704530954E-1
1.746685766E1,-2.780656219E-1,5.005807281E-1,7.655661702E-1
1.746920396E1,-2.988350093E-1,3.942902386E-1,8.058832288E-1
1.747155109E1,-3.342651725E-1,2.256916165E-1,8.718566298E-1
1.747389891E1,-3.929081857E-1,3.388008475E-2,9.512690902E-1
1.747624588E1,-4.601033032E-1,-1.787008345E-1,1.033125043E0
1.747859219E1,-5.492895246E-1,-3.863948584E-1,1.106428742E0
1.748093922E1,-6.482496262E-1,-6.038627028E-1,1.172402143E0
1.748328714E1,-7.459880114E-1,-8.237739801E-1,1.223714828E0
1.748563411E1,-8.486132622E-1,-1.029024601E0,1.251814604E0
1.748798042E1,-9.500167966E-1,-1.212283969E0,1.257923245E0
1.749032755E1,-1.020877123E0,-1.396765113E0,1.260366678E0
1.749267536E1,-1.086850524E0,-1.543372631E0,1.253036261E0
1.749502234E1,-1.150380492E0,-1.653328300E0,1.229823470E0
1.749736865E1,-1.213910460E0,-1.722966909E0,1.200501919E0
1.749971578E1,-1.273775220E0,-1.748623133E0,1.169958711E0
1.750206359E1,-1.331196427E0,-1.743736267E0,1.145524144E0
1.750441057E1,-1.380065680E0,-1.714414716E0,1.135750294E0
1.750675688E1,-1.422826171E0,-1.656993508E0,1.141858935E0
1.750910401E1,-1.460699797E0,-1.575137615E0,1.157741427E0
1.751145182E1,-1.493686438E0,-1.465181947E0,1.176067352E0
1.751379880E1,-1.514455914E0,-1.339343786E0,1.194393277E0
1.751614510E1,-1.525451422E0,-1.211062193E0,1.207832336E0
1.751849224E1,-1.524229765E0,-1.077893734E0,1.216384411E0
1.752084005E1,-1.510790706E0,-9.532773495E-1,1.224936485E0
1.752318703E1,-1.474138856E0,-8.653128147E-1,1.237153769E0
1.752553333E1,-1.431378245E0,-7.871221304E-1,1.246927619E0
1.752788036E1,-1.384952545E0,-7.125965953E-1,1.253036261E0
1.753022828E1,-1.332418203E0,-6.490666866E-1,1.256701469E0
1.753257526E1,-1.284770727E0,-5.757629275E-1,1.253036261E0
1.753492156E1,-1.240788460E0,-4.902418256E-1,1.246927619E0
1.753726870E1,-1.206580043E0,-4.071642756E-1,1.240818977E0
1.753961651E1,-1.187032342E0,-3.228649199E-1,1.234710336E0
1.754196349E1,-1.182145476E0,-2.287917435E-1,1.226158261E0
1.754430979E1,-1.198027968E0,-1.261664629E-1,1.221271276E0
1.754665693E1,-1.223684311E0,-3.820195049E-2,1.213940978E0
1.754900474E1,-1.250562310E0,8.223766461E-3,1.210275769E0
1.755135172E1,-1.292101145E0,4.854083434E-2,1.209053993E0
1.755369802E1,-1.337305069E0,7.908406854E-2,1.215162635E0
1.755604516E1,-1.400835037E0,1.426140070E-1,1.226158261E0
1.755839297E1,-1.466808438E0,2.012570202E-1,1.227379918E0
1.756073995E1,-1.544999123E0,2.782259583E-1,1.223714828E0
1.756308625E1,-1.626855016E0,3.637470007E-1,1.222493052E0
1.756543339E1,-1.712375998E0,4.639288187E-1,1.218827844E0
1.756778120E1,-1.810114384E0,5.628889203E-1,1.216384411E0
1.757012818E1,-1.907852769E0,6.740663052E-1,1.206610560E0
1.757247448E1,-2.011699677E0,7.937957644E-1,1.191949844E0
1.757482161E1,-2.111881495E0,9.098600745E-1,1.180954218E0
1.757716943E1,-2.216950178E0,1.034476519E0,1.167515278E0
1.757951641E1,-2.313466787E0,1.152984262E0,1.155297995E0
1.758186271E1,-2.397766113E0,1.237283587E0,1.140637159E0
1.758420984E1,-2.473513365E0,1.300813556E0,1.128419876E0
1.758655766E1,-2.540708542E0,1.349682689E0,1.122311234E0
1.758890464E1,-2.611568689E0,1.409547448E0,1.119867802E0
1.759125094E1,-2.690981150E0,1.485294700E0,1.135750294E0
1.759359807E1,-2.789941311E0,1.590363383E0,1.161406636E0
1.759594589E1,-2.898675203E0,1.702762485E0,1.183397770E0
1.759829286E1,-3.012295961E0,1.807831168E0,1.191949844E0
1.760063917E1,-3.121029854E0,1.879913211E0,1.198058486E0
1.760298630E1,-3.217546701E0,1.916565180E0,1.200501919E0
1.760533411E1,-3.312841415E0,1.934891105E0,1.191949844E0
1.760768109E1,-3.387367010E0,1.910456538E0,1.180954218E0
1.761002740E1,-3.455783844E0,1.868917704E0,1.168736935E0
1.761237453E1,-3.509539843E0,1.815161586E0,1.157741427E0
1.761472234E1,-3.553522110E0,1.765070677E0,1.144302368E0
1.761706932E1,-3.587730646E0,1.717423201E0,1.129641652E0
1.761941563E1,-3.615830421E0,1.685658216E0,1.111315727E0
1.762176276E1,-3.620717287E0,1.673440933E0,1.089324594E0
1.762411057E1,-3.607278347E0,1.670997500E0,1.064889908E0
1.762645755E1,-3.563296080E0,1.702762485E0,1.038011909E0
1.762880385E1,-3.494879246E0,1.751631618E0,1.012355566E0
1.763115099E1,-3.417910337E0,1.837152719E0,9.879209399E-1
1.763349880E1,-3.326280594E0,1.945886612E0,9.659298062E-1
1.763584578E1,-3.227320433E0,2.074168444E0,9.427169561E-1
1.763819208E1,-3.125916958E0,2.214667320E0,9.121736884E-1
1.764053922E1,-3.031843662E0,2.317292452E0,8.779652715E-1
1.764288703E1,-2.970757246E0,2.356387854E0,8.376482129E-1
1.764523401E1,-2.929218531E0,2.328288078E0,7.985528708E-1
1.764758031E1,-2.901118755E0,2.267201662E0,7.606792450E-1
1.764992745E1,-2.886457920E0,2.200006485E0,7.240273952E-1
1.765227526E1,-2.881571054E0,2.115707159E0,6.910406947E-1
1.765462224E1,-2.882792711E0,2.026520967E0,6.580539942E-1
1.765696854E1,-2.884014368E0,1.939777970E0,6.275107861E-1
1.765931568E1,-2.886457920E0,1.857922077E0,5.957458019E-1
1.766166349E1,-2.888901472E0,1.784618378E0,5.749763846E-1
1.766401047E1,-2.891344786E0,1.714979768E0,5.676460266E-1
1.766635677E1,-2.886457920E0,1.647784710E0,5.749763846E-1
1.766870391E1,-2.884014368E0,1.578146100E0,5.981892347E-1
1.767105172E1,-2.865688562E0,1.493846774E0,6.214020848E-1
1.767339870E1,-2.842475653E0,1.402217031E0,6.262890100E-1
1.767574500E1,-2.800936937E0,1.262939930E0,6.189586520E-1
1.767809214E1,-2.734963417E0,1.071128368E0,6.042978764E-1
1.768043995E1,-2.653107643E0,8.561039567E-1,5.835285187E-1
1.768278693E1,-2.567586422E0,6.435230374E-1,5.517635345E-1
1.768513323E1,-2.485730648E0,4.480463564E-1,5.163334012E-1
1.768748036E1,-2.413648605E0,2.770042121E-1,4.906770885E-1
1.768982818E1,-2.358670712E0,1.413922906E-1,4.784598053E-1
1.769217516E1,-2.293919086E0,3.336848691E-3,4.894553721E-1
1.769452146E1,-2.241384745E0,-1.127274409E-1,5.090029836E-1
1.769686859E1,-2.202289343E0,-2.104657888E-1,5.371027589E-1
1.769921641E1,-2.164415836E0,-3.033172488E-1,5.725329518E-1
1.770156338E1,-2.120433569E0,-4.169380963E-1,5.920805931E-1
1.770390969E1,-2.086225033E0,-4.963505268E-1,5.920805931E-1
1.770625682E1,-2.050795078E0,-5.708760023E-1,5.920805931E-1
1.770860464E1,-2.012921333E0,-6.539536119E-1,5.859719515E-1
1.771095161E1,-1.961608887E0,-7.541354299E-1,5.835285187E-1
1.771329792E1,-1.918848276E0,-8.445433974E-1,5.786415935E-1
1.771564505E1,-1.879752994E0,-9.435034990E-1,5.786415935E-1
1.771799286E1,-1.854096651E0,-1.035133243E0,5.798633099E-1
1.772033984E1,-1.838214159E0,-1.112102151E0,5.798633099E-1
1.772268615E1,-1.824775100E0,-1.184184194E0,5.823067427E-1
1.772503328E1,-1.817444801E0,-1.247714162E0,5.798633099E-1
1.772738109E1,-1.810114384E0,-1.294139862E0,5.737546682E-1
1.772972807E1,-1.811336160E0,-1.322239637E0,5.664243102E-1
1.773207438E1,-1.808892608E0,-1.340565562E0,5.664243102E-1
1.773442151E1,-1.808892608E0,-1.335678697E0,5.664243102E-1
1.773676932E1,-1.805227518E0,-1.313687563E0,5.639808178E-1
1.773911635E1,-1.795453668E0,-1.278257370E0,5.652025342E-1
1.774146260E1,-1.768575549E0,-1.247714162E0,5.737546682E-1
1.774380974E1,-1.738032341E0,-1.214727402E0,5.859719515E-1
1.774615755E1,-1.697715282E0,-1.178075552E0,6.079630852E-1
1.774850453E1,-1.651289582E0,-1.129206419E0,6.372845769E-1
1.775085083E1,-1.598755240E0,-1.070563316E0,6.702712774E-1
1.775319797E1,-1.540112138E0,-9.984812737E-1,7.057014704E-1
1.775554578E1,-1.491243005E0,-8.873039484E-1,7.350229621E-1
1.775789281E1,-1.433821678E0,-7.871221304E-1,7.606792450E-1
1.776023906E1,-1.380065680E0,-6.722795367E-1,7.753400207E-1
1.776258620E1,-1.320200920E0,-5.647673607E-1,7.887790203E-1
1.776493401E1,-1.266444802E0,-4.474813342E-1,7.985528708E-1
1.776728099E1,-1.204136610E0,-3.265301287E-1,8.071050048E-1
1.776962729E1,-1.135719776E0,-2.153527141E-1,8.156570792E-1
1.777197443E1,-1.073411584E0,-9.928842634E-2,8.168787956E-1
1.777432224E1,-9.976642728E-1,-2.771798521E-3,8.144353628E-1
1.777666922E1,-9.268039465E-1,1.035186574E-1,8.058832288E-1
1.777901552E1,-8.486132622E-1,1.817093492E-1,7.985528708E-1
1.778136266E1,-7.643139362E-1,2.391306460E-1,7.924442291E-1
1.778371047E1,-6.726842523E-1,2.684521079E-1,7.900007963E-1
1.778605745E1,-5.883848667E-1,2.782259583E-1,7.875573039E-1
1.778840375E1,-5.089724660E-1,2.843346000E-1,7.900007963E-1
1.779075088E1,-4.381121695E-1,2.953301668E-1,7.924442291E-1
1.779309870E1,-3.867995441E-1,3.063257337E-1,7.936659455E-1
1.779544573E1,-3.513693810E-1,3.307603300E-1,7.948877215E-1
1.779779198E1,-3.244913220E-1,3.527514637E-1,7.948877215E-1
1.780013911E1,-3.122740388E-1,3.894033432E-1,7.936659455E-1
1.780248693E1,-3.171609640E-1,4.236117601E-1,7.875573039E-1
1.780483396E1,-3.232696056E-1,4.480463564E-1,7.814486623E-1
1.780718021E1,-3.379303515E-1,4.834765196E-1,7.680096626E-1
1.780952734E1,-3.477042019E-1,4.859199524E-1,7.570140958E-1
1.781187516E1,-3.648084104E-1,4.883634448E-1,7.447968125E-1
1.781422219E1,-3.831343353E-1,4.846982360E-1,7.313577533E-1
1.781656844E1,-4.014602900E-1,4.773678482E-1,7.130318284E-1
1.781891557E1,-4.161210358E-1,4.614853859E-1,6.910406947E-1
1.782126338E1,-4.271166027E-1,4.468246102E-1,6.666061282E-1
1.782361036E1,-4.381121695E-1,4.297204018E-1,6.372845769E-1
1.782595667E1,-4.454425573E-1,4.175031185E-1,6.018544436E-1
1.782830380E1,-4.429990947E-1,4.052858055E-1,5.652025342E-1
1.783065161E1,-4.405556321E-1,3.930685222E-1,5.236637592E-1
1.783299865E1,-4.332252443E-1,3.857381344E-1,4.833467007E-1
1.783534490E1,-4.148993194E-1,3.759643137E-1,4.418079257E-1
1.783769203E1,-3.941299021E-1,3.698556721E-1,4.014908373E-1
1.784003984E1,-3.586997688E-1,3.527514637E-1,3.636172414E-1
1.784238688E1,-3.232696056E-1,3.441993594E-1,3.220784366E-1
1.784473312E1,-2.780656219E-1,3.185430169E-1,2.854265571E-1
1.784708026E1,-2.401920110E-1,3.099909127E-1,2.475529313E-1
1.784942807E1,-1.986532062E-1,2.867780626E-1,2.121227831E-1
1.785177505E1,-1.485622972E-1,2.464610040E-1,1.791360825E-1
1.785412135E1,-1.045800298E-1,2.098091245E-1,1.473711133E-1
1.785646849E1,-5.937604606E-2,1.719355285E-1,1.143844128E-1
1.785881630E1,-2.272416465E-2,1.291749775E-1,8.384118229E-2
1.786116333E1,1.759290509E-2,7.664062083E-2,5.451967567E-2
1.786350958E1,5.790998042E-2,1.311068423E-2,2.519816905E-2
1.786585672E1,9.089667350E-2,-5.286271125E-2,-4.123336636E-3
1.786820453E1,1.165530011E-1,-1.139491722E-1,-3.711003065E-2
1.787055151E1,1.409875751E-1,-1.725921929E-1,-7.376191765E-2
1.787289781E1,1.629786938E-1,-2.263482809E-1,-1.116355285E-1
1.787524495E1,1.849698275E-1,-2.654436529E-1,-1.519525945E-1
1.787759276E1,2.155130655E-1,-3.130910993E-1,-1.898262054E-1
1.787993979E1,2.301738113E-1,-3.265301287E-1,-2.338084728E-1
1.788228604E1,2.546084225E-1,-3.460777998E-1,-2.741255462E-1
1.788463318E1,2.790430188E-1,-3.497429788E-1,-3.132208884E-1
1.788698099E1,3.034775853E-1,-3.485212624E-1,-3.498727679E-1
1.788932802E1,3.425729275E-1,-3.619602621E-1,-3.804160058E-1
1.789167427E1,3.804465532E-1,-3.705123663E-1,-4.085157812E-1
1.789402141E1,4.146549702E-1,-3.692906499E-1,-4.402807355E-1
1.789636922E1,4.513068497E-1,-3.717341125E-1,-4.696022570E-1
1.789871620E1,4.891804755E-1,-3.790645003E-1,-5.001454949E-1
1.790106250E1,5.343844891E-1,-4.022773504E-1,-5.294670463E-1
1.790340964E1,5.722580552E-1,-4.181598425E-1,-5.612319708E-1
1.790575745E1,6.162403226E-1,-4.413726926E-1,-5.905535221E-1
1.790810448E1,6.590008736E-1,-4.658072889E-1,-6.198750138E-1
1.791045073E1,7.029831409E-1,-4.804680347E-1,-6.516399980E-1
1.791279786E1,7.530740499E-1,-5.036808848E-1,-6.760745645E-1
1.791514568E1,8.092736006E-1,-5.183416605E-1,-6.980656981E-1
1.791749271E1,8.752470016E-1,-5.378893018E-1,-7.151699066E-1
1.791983896E1,9.424421191E-1,-5.537717938E-1,-7.273871899E-1
1.792218609E1,1.010858893E0,-5.684325695E-1,-7.347175479E-1
1.792453391E1,1.084162593E0,-5.843150616E-1,-7.383827567E-1
1.792688094E1,1.163575053E0,-6.050844193E-1,-7.359393239E-1
1.792922719E1,1.244209170E0,-6.209669113E-1,-7.347175479E-1
1.793157432E1,1.334617138E0,-6.454014778E-1,-7.225002646E-1
1.793392214E1,1.420138240E0,-6.698361039E-1,-7.102829814E-1
1.793626917E1,1.516654849E0,-6.954923868E-1,-6.956222057E-1
1.793861542E1,1.616836667E0,-7.297008634E-1,-6.809614897E-1
1.794096255E1,1.709688067E0,-7.565788627E-1,-6.699659228E-1
1.794331036E1,1.807426453E0,-7.907872796E-1,-6.589703560E-1
1.794565740E1,1.901499629E0,-8.225522637E-1,-6.528617144E-1
1.794800365E1,1.994351029E0,-8.530955315E-1,-6.479747891E-1
1.795035078E1,2.081094027E0,-8.726431727E-1,-6.455312967E-1
1.795269859E1,2.164171696E0,-8.763083816E-1,-6.504182220E-1
1.795504562E1,2.237475395E0,-8.628693223E-1,-6.577486396E-1
1.795739188E1,2.319331169E0,-8.543172479E-1,-6.675224304E-1
1.795973901E1,2.386526346E0,-8.225522637E-1,-6.846266389E-1
1.796208682E1,2.447612762E0,-7.920090556E-1,-7.066177726E-1
1.796443385E1,2.509921074E0,-7.675744295E-1,-7.322741151E-1
1.796678010E1,2.564898968E0,-7.272573709E-1,-7.689259648E-1
1.796912724E1,2.616211414E0,-6.930489540E-1,-8.104647994E-1
1.797147505E1,2.660193682E0,-6.490666866E-1,-8.593339920E-1
1.797382208E1,2.710284710E0,-6.014192700E-1,-9.082031250E-1
1.797616833E1,2.753045082E0,-5.439979434E-1,-9.656244516E-1
1.797851547E1,2.783588409E0,-4.694724679E-1,-1.029154301E0
1.798086328E1,2.815353394E0,-3.949469626E-1,-1.096349478E0
1.798321026E1,2.843453169E0,-3.118693531E-1,-1.164766312E0
1.798555656E1,2.861779213E0,-2.275699973E-1,-1.239291787E0
1.798790370E1,2.877661705E0,-1.408272386E-1,-1.312595487E0
1.799025151E1,2.889878988E0,-6.263654679E-2,-1.388342738E0
1.799259854E1,2.884991884E0,2.166279033E-2,-1.464089990E0
1.799494479E1,2.873996496E0,1.145142242E-1,-1.547167540E0
1.799729193E1,2.859335661E0,1.902614534E-1,-1.629023433E0
1.799963974E1,2.845896721E0,2.415741086E-1,-1.710879326E0
1.800198677E1,2.838566303E0,2.806694210E-1,-1.786626577E0
1.800433302E1,2.826349020E0,3.087691963E-1,-1.855043411E0
1.800668016E1,2.811688185E0,3.441993594E-1,-1.918573380E0
1.800902797E1,2.783588409E0,4.126161933E-1,-1.969885945E0
1.801137500E1,2.738384485E0,5.201283693E-1,-2.010203123E0
1.801372125E1,2.680963039E0,6.508534551E-1,-2.033415794E0
1.801606838E1,2.603994131E0,8.133434653E-1,-2.029750824E0
1.801841620E1,2.516029596E0,9.941594601E-1,-2.000429153E0
1.802076318E1,2.404852390E0,1.183527470E0,-1.950338364E0
1.802310948E1,2.297340155E0,1.344795704E0,-1.873369336E0
1.802545661E1,2.184941053E0,1.491403341E0,-1.779296160E0
1.802780443E1,2.056659460E0,1.650228143E0,-1.666897058E0
1.803015146E1,1.935708046E0,1.802944303E0,-1.531285048E0
1.803249771E1,1.803761244E0,1.989868999E0,-1.395673156E0
1.803484484E1,1.671814561E0,2.189010859E0,-1.253952503E0
1.803719266E1,1.556971908E0,2.362496614E0,-1.117118835E0
1.803953964E1,1.482446432E0,2.460234880E0,-9.973893762E-1
1.804188594E1,1.428690314E0,2.502995491E0,-8.935424089E-1
1.804423307E1,1.400590539E0,2.509104013E0,-7.982475162E-1
1.804658088E1,1.404255748E0,2.500551939E0,-7.176133394E-1
1.804892792E1,1.437242508E0,2.487112999E0,-6.479747891E-1
1.805127417E1,1.508102775E0,2.467565298E0,-5.807796717E-1
1.805362130E1,1.620501876E0,2.437021971E0,-5.148062706E-1
1.805596911E1,1.764665961E0,2.383265972E0,-4.500545859E-1
1.805831609E1,1.936929822E0,2.312405586E0,-3.926332891E-1
1.806066240E1,2.117745876E0,2.237879992E0,-3.449858427E-1
1.806300953E1,2.299783468E0,2.154802561E0,-3.058905005E-1
1.806535734E1,2.478156090E0,2.064394474E0,-2.777907252E-1
1.806770432E1,2.649198294E0,1.970321178E0,-2.484692186E-1
1.807005062E1,2.814131737E0,1.870139360E0,-2.142608017E-1
1.807239776E1,2.968069553E0,1.765070677E0,-1.849392951E-1
1.807474557E1,3.117120504E0,1.656336784E0,-1.568395197E-1
1.807709255E1,3.262506485E0,1.542715907E0,-1.397352964E-1
1.807943885E1,3.388344526E0,1.420542955E0,-1.421787590E-1
1.808178599E1,3.479974270E0,1.310587287E0,-1.568395197E-1
1.808413380E1,3.552056313E0,1.212849021E0,-1.690568030E-1
1.808648078E1,3.589929819E0,1.144432187E0,-1.898262054E-1
1.808882708E1,3.600925446E0,1.090676069E0,-2.142608017E-1
1.809117422E1,3.589929819E0,1.047915459E0,-2.350302041E-1
1.809352203E1,3.565495253E0,1.005154967E0,-2.448040396E-1
1.809586901E1,3.533730268E0,9.465119839E-1,-2.509126961E-1
1.809821531E1,3.492191553E0,9.086383581E-1,-2.606865168E-1
1.810056245E1,3.440878868E0,8.854255080E-1,-2.716820836E-1
1.810291026E1,3.390787840E0,8.768733740E-1,-2.887862921E-1
1.810525724E1,3.339475393E0,8.915341496E-1,-3.119991422E-1
1.810760354E1,3.295493126E0,9.171904325E-1,-3.376554847E-1
1.810995068E1,3.253954172E0,9.660596251E-1,-3.620900512E-1
1.811229849E1,3.225854397E0,1.035698175E0,-3.816377223E-1
1.811464547E1,3.213637114E0,1.115110636E0,-3.853029311E-1
1.811699177E1,3.218524218E0,1.201853395E0,-3.706421554E-1
1.811933891E1,3.240515232E0,1.277600646E0,-3.376554847E-1
1.812168672E1,3.278388739E0,1.335021973E0,-2.936732173E-1
1.812403370E1,3.316262484E0,1.375339031E0,-2.411388457E-1
1.812638000E1,3.373683691E0,1.366786838E0,-1.849392951E-1
1.812872714E1,3.432326794E0,1.335021973E0,-1.324049234E-1
1.813107495E1,3.497078419E0,1.265383363E0,-8.720094711E-2
1.813342193E1,3.541060686E0,1.171310186E0,-6.643154472E-2
1.813576823E1,3.576490879E0,1.040585160E0,-6.520981342E-2
1.813811536E1,3.591151476E0,9.061948657E-1,-7.864883542E-2
1.814046318E1,3.569160461E0,7.913523316E-1,-1.116355285E-1
1.814281016E1,3.515404463E0,6.862835884E-1,-1.629481614E-1
1.814515646E1,3.428661585E0,5.812148452E-1,-2.203694433E-1
1.814750359E1,3.297936440E0,4.602636397E-1,-2.838993669E-1
1.814985141E1,3.120785713E0,3.380906880E-1,-3.498727679E-1
1.815219839E1,2.900874376E0,2.110308707E-1,-4.121809602E-1
1.815454469E1,2.655306816E0,7.908406854E-2,-4.659370482E-1
1.815689182E1,2.413404465E0,-5.774962157E-2,-5.099193454E-1
1.815923964E1,2.184941053E0,-2.153527141E-1,-5.502364039E-1
1.816158661E1,1.983355641E0,-3.973904252E-1,-5.807796717E-1
1.816393292E1,1.811091661E0,-5.928671360E-1,-5.905535221E-1
1.816628005E1,1.657153726E0,-7.944524884E-1,-5.917752385E-1
1.816862786E1,1.536202550E0,-1.025359392E0,-5.758927464E-1
1.817097484E1,1.429912090E0,-1.252601027E0,-5.636754632E-1
1.817332115E1,1.348056197E0,-1.490838289E0,-5.551233292E-1
1.817566828E1,1.283304572E0,-1.722966909E0,-5.465712547E-1
1.817801609E1,1.224661589E0,-1.930660844E0,-5.367974043E-1
1.818036307E1,1.173348904E0,-2.112698555E0,-5.294670463E-1
1.818270938E1,1.123257995E0,-2.273966789E0,-5.270235538E-1
1.818505651E1,1.075610518E0,-2.401026487E0,-5.270235538E-1
1.818740432E1,1.030406594E0,-2.503651857E0,-5.258018374E-1
1.818975130E1,9.839808941E-1,-2.576955557E0,-5.245801210E-1
1.819209760E1,9.387769103E-1,-2.624603033E0,-5.245801210E-1
1.819444474E1,8.935729265E-1,-2.658811569E0,-5.209149122E-1
1.819679255E1,8.373733759E-1,-2.652702808E0,-5.160279870E-1
1.819913953E1,7.909476161E-1,-2.634377003E0,-5.086976290E-1
1.820148583E1,7.371915579E-1,-2.598946810E0,-4.989237785E-1
1.820383297E1,6.871006489E-1,-2.543968916E0,-4.903716445E-1
1.820618078E1,6.467835903E-1,-2.475552082E0,-4.805978239E-1
1.820852776E1,6.040230393E-1,-2.394917965E0,-4.696022570E-1
1.821087406E1,5.685929060E-1,-2.304509878E0,-4.573849440E-1
1.821322120E1,5.417148471E-1,-2.206771612E0,-4.451676607E-1
1.821556901E1,5.172802210E-1,-2.095594168E0,-4.353938401E-1
1.821791599E1,4.989543259E-1,-1.980751753E0,-4.243982732E-1
1.822026229E1,4.867370427E-1,-1.862244010E0,-4.121809602E-1
1.822260943E1,4.732979834E-1,-1.731518984E0,-4.048506021E-1
1.822495724E1,4.684110880E-1,-1.605680823E0,-3.938550353E-1
1.822730422E1,4.635241628E-1,-1.482286215E0,-3.816377223E-1
1.822965052E1,4.598589540E-1,-1.360113263E0,-3.706421554E-1
1.823199766E1,4.623024166E-1,-1.248935819E0,-3.547596931E-1
1.823434547E1,4.598589540E-1,-1.136536717E0,-3.364337385E-1
1.823669245E1,4.586372375E-1,-1.035133243E0,-3.156643510E-1
1.823903875E1,4.623024166E-1,-9.435034990E-1,-2.948949337E-1
1.824138588E1,4.574155211E-1,-8.445433974E-1,-2.802341878E-1
1.824373370E1,4.451982081E-1,-7.480267882E-1,-2.667951584E-1
1.824608068E1,4.415330291E-1,-6.771664619E-1,-2.509126961E-1
1.824842698E1,4.268722832E-1,-5.953105688E-1,-2.386953831E-1
1.825077411E1,4.146549702E-1,-5.268937349E-1,-2.276998162E-1
1.825312193E1,3.975507617E-1,-4.658072889E-1,-2.167042494E-1
1.825546891E1,3.767813742E-1,-4.096077085E-1,-2.069304287E-1
1.825781521E1,3.474598527E-1,-3.485212624E-1,-1.947131306E-1
1.826016234E1,3.156948984E-1,-2.947651446E-1,-1.776089072E-1
1.826251016E1,2.851516604E-1,-2.483394146E-1,-1.568395197E-1
1.826485714E1,2.558301687E-1,-2.153527141E-1,-1.311831921E-1
1.826720344E1,2.228434533E-1,-1.872529387E-1,-1.043051556E-1
1.826955057E1,1.776394695E-1,-1.640400887E-1,-7.864883542E-2
1.827189838E1,1.336572021E-1,-1.506010592E-1,-4.321867973E-2
1.827424536E1,8.967494220E-2,-1.444924176E-1,-4.123336636E-3
1.827659167E1,3.836230934E-2,-1.542662382E-1,3.863719478E-2
1.827893880E1,-1.295032911E-2,-1.725921929E-1,8.628463745E-2
1.828128661E1,-6.914988160E-2,-1.921398640E-1,1.351538301E-1
1.828363359E1,-1.277928948E-1,-2.165744603E-1,1.864664555E-1
1.828597990E1,-1.864359230E-1,-2.385655940E-1,2.402225584E-1
1.828832693E1,-2.401920110E-1,-2.617784441E-1,2.915351987E-1
1.829067484E1,-2.976132929E-1,-2.764392197E-1,3.355174363E-1
1.829302182E1,-3.586997688E-1,-2.923216820E-1,3.794997036E-1
1.829536812E1,-4.112341404E-1,-3.069824576E-1,4.161515832E-1
1.829771526E1,-4.698771238E-1,-3.167562783E-1,4.454731047E-1
1.830006307E1,-5.346288085E-1,-3.253083825E-1,4.662424922E-1
1.830241005E1,-6.079325676E-1,-3.338604867E-1,4.833467007E-1
1.830475635E1,-7.056708932E-1,-3.289735913E-1,4.906770885E-1
1.830710349E1,-8.058527112E-1,-3.399691582E-1,4.918988049E-1
1.830945130E1,-9.219170213E-1,-3.619602621E-1,4.882336259E-1
1.831179828E1,-1.044090033E0,-3.912817836E-1,4.747945964E-1
1.831414458E1,-1.158932567E0,-4.340423048E-1,4.601338506E-1
1.831649161E1,-1.264001369E0,-4.865766764E-1,4.418079257E-1
1.831883953E1,-1.362961411E0,-5.232285857E-1,4.149298668E-1
1.832118651E1,-1.436265230E0,-5.415545106E-1,3.843866289E-1
1.832353281E1,-1.487577796E0,-5.244503021E-1,3.501782119E-1
1.832587984E1,-1.515677571E0,-4.706941843E-1,3.123045862E-1
1.832822776E1,-1.524229765E0,-3.424125910E-1,2.695440650E-1
1.833057474E1,-1.488799572E0,-1.872529387E-1,2.218966186E-1
1.833292104E1,-1.427713037E0,8.223766461E-3,1.632536054E-1
1.833526807E1,-1.342192054E0,2.281350791E-1,9.361501783E-2
1.833761599E1,-1.210245252E0,4.370507896E-1,2.153298259E-2
1.833996297E1,-1.052642107E0,6.300840378E-1,-5.177078769E-2
1.834230927E1,-8.657174706E-1,7.876871228E-1,-1.189659089E-1
1.834465630E1,-6.458061934E-1,8.878689408E-1,-1.824958324E-1
1.834700422E1,-4.185644984E-1,9.416250587E-1,-2.411388457E-1
1.834935120E1,-1.791055351E-1,9.184122086E-1,-2.900080383E-1
1.835169750E1,5.424479395E-2,8.414432406E-1,-3.315468132E-1
1.835404453E1,2.851516604E-1,7.229354978E-1,-3.608683348E-1
1.835639245E1,4.952891171E-1,5.775496960E-1,-3.755290806E-1
1.835873943E1,6.919875741E-1,4.065075517E-1,-3.669769764E-1
1.836108573E1,8.544775844E-1,2.525696754E-1,-3.400989175E-1
1.836343276E1,9.974198341E-1,8.152753860E-2,-2.912297547E-1
1.836578063E1,1.114705920E0,-9.562323242E-2,-2.252563685E-1
1.836812766E1,1.208779097E0,-2.764392197E-1,-1.543960571E-1
1.837047396E1,1.280861139E0,-4.535899758E-1,-8.964440227E-2
1.837282099E1,1.323621631E0,-6.087496281E-1,-4.321867973E-2
1.837516885E1,1.354164839E0,-7.516919374E-1,-1.267544180E-2
1.837751588E1,1.368825555E0,-8.579823971E-1,7.635809015E-4
1.837986219E1,1.372490764E0,-9.178471565E-1,7.635809015E-4
1.838220922E1,1.365160465E0,-9.288427234E-1,-1.756235957E-2
1.838455708E1,1.349277973E0,-9.007429481E-1,-4.321867973E-2
1.838690411E1,1.329730272E0,-8.579823971E-1,-6.765326858E-2
1.838925042E1,1.300408721E0,-8.042263389E-1,-8.964440227E-2
1.839159745E1,1.260091662E0,-7.468050718E-1,-1.067486182E-1
1.839394531E1,1.217331171E0,-6.869403124E-1,-1.189659089E-1
1.839629234E1,1.168462038E0,-6.185234785E-1,-1.324049234E-1
1.839863865E1,1.102488637E0,-5.317806602E-1,-1.519525945E-1
1.840098568E1,1.029184818E0,-4.401509464E-1,-1.727219969E-1
1.840333354E1,9.497724771E-1,-3.240866661E-1,-1.861610264E-1
1.840568057E1,8.679165840E-1,-1.872529387E-1,-1.983783096E-1
1.840802688E1,7.921693921E-1,-3.698022291E-2,-2.069304287E-1
1.841037391E1,7.347480655E-1,9.496655315E-2,-1.996000409E-1
1.841272177E1,6.809920073E-1,1.963700950E-1,-1.824958324E-1
1.841506880E1,6.406749487E-1,2.415741086E-1,-1.690568030E-1
1.841741510E1,6.064664721E-1,2.366871834E-1,-1.629481614E-1
1.841976214E1,5.820319057E-1,1.792658865E-1,-1.653916240E-1
1.842211000E1,5.612624884E-1,7.053196430E-2,-1.751654595E-1
1.842445703E1,5.380496383E-1,-7.851902395E-2,-1.812741011E-1
1.842680333E1,5.111715794E-1,-2.630001903E-1,-1.886044741E-1
1.842915036E1,4.732979834E-1,-4.523682594E-1,-1.922696680E-1
1.843149823E1,4.305374622E-1,-6.441797614E-1,-1.959348619E-1
1.843384526E1,3.816682696E-1,-8.188871145E-1,-2.032652348E-1
1.843619156E1,3.303556442E-1,-9.728249907E-1,-2.154825330E-1
1.843853859E1,2.863733768E-1,-1.114545584E0,-2.301432788E-1
1.844088646E1,2.570518851E-1,-1.240383744E0,-2.521344125E-1
1.844323349E1,2.387259156E-1,-1.340565562E0,-2.826776505E-1
1.844557979E1,2.411693782E-1,-1.423643112E0,-3.193295300E-1
1.844792682E1,2.509432435E-1,-1.450521231E0,-3.694204390E-1
1.845027469E1,2.875951231E-1,-1.422421455E0,-4.231765270E-1
1.845262172E1,3.303556442E-1,-1.327126503E0,-4.891499281E-1
1.845496802E1,3.841117322E-1,-1.176853776E0,-5.587885380E-1
1.845731505E1,4.439764917E-1,-9.642729163E-1,-6.296488643E-1
1.845966292E1,4.952891171E-1,-6.954923868E-1,-7.005091310E-1
1.846200995E1,5.258323550E-1,-3.863948584E-1,-7.725911736E-1
1.846435625E1,5.343844891E-1,-5.286271125E-2,-8.361211419E-1
1.846670328E1,5.001760125E-1,2.733390331E-1,-8.996510506E-1
1.846905115E1,4.256505370E-1,5.311239362E-1,-9.582940340E-1
1.847139818E1,3.156948984E-1,6.740663052E-1,-1.005941391E0
1.847374443E1,1.886350363E-1,6.630707383E-1,-1.041371584E0
1.847609156E1,6.157516688E-2,5.311239362E-1,-1.074358344E0
1.847843938E1,-5.204567313E-2,3.197647631E-1,-1.107344985E0
1.848078641E1,-1.595578641E-1,8.274926990E-2,-1.131779552E0
1.848313266E1,-2.682917714E-1,-1.408272386E-1,-1.146440387E0
1.848547979E1,-3.806909025E-1,-3.363039494E-1,-1.152549028E0
1.848782760E1,-4.918682575E-1,-4.890201092E-1,-1.151327252E0
1.849017464E1,-5.981587172E-1,-6.111930609E-1,-1.136666536E0
1.849252094E1,-6.995622516E-1,-7.028228045E-1,-1.114675403E0
1.849486797E1,-7.973006368E-1,-7.565788627E-1,-1.080466986E0
1.849721583E1,-8.913738132E-1,-7.932307720E-1,-1.029154301E0
1.849956286E1,-9.805600047E-1,-8.152219057E-1,-9.619592428E-1
1.850190911E1,-1.051420450E0,-8.567606807E-1,-8.788816333E-1
1.850425625E1,-1.112506866E0,-8.982995152E-1,-7.884736657E-1
1.850660406E1,-1.177258492E0,-9.129602313E-1,-7.017308474E-1
1.850895109E1,-1.212688684E0,-9.532773495E-1,-6.101011634E-1
1.851129734E1,-1.249340534E0,-9.801553488E-1,-5.282452703E-1
1.851364448E1,-1.274996877E0,-1.005811691E0,-4.488328397E-1
1.851599229E1,-1.299431443E0,-1.026581049E0,-3.755290806E-1
1.851833932E1,-1.326309562E0,-1.037576675E0,-3.058905005E-1
1.852068557E1,-1.336083412E0,-1.058346033E0,-2.301432788E-1
1.852303271E1,-1.337305069E0,-1.079115510E0,-1.482874155E-1
1.852538052E1,-1.323866129E0,-1.091332793E0,-6.154462323E-2
1.852772750E1,-1.285992503E0,-1.107215285E0,3.741546348E-2
1.853007380E1,-1.229792953E0,-1.115767360E0,1.583666801E-1
1.853242094E1,-1.158932567E0,-1.104771733E0,2.939786613E-1
1.853476875E1,-1.077076674E0,-1.077893734E0,4.295906126E-1
1.853711578E1,-9.915556312E-1,-1.033911467E0,5.590938926E-1
1.853946203E1,-8.999258876E-1,-9.691597819E-1,6.702712774E-1
1.854180917E1,-8.144048452E-1,-8.763083816E-1,7.570140958E-1
1.854415698E1,-7.313272357E-1,-7.626875043E-1,8.352047801E-1
1.854650396E1,-6.458061934E-1,-6.331841946E-1,9.048433304E-1
1.854885026E1,-5.737241507E-1,-4.865766764E-1,9.610428810E-1
1.855119740E1,-5.175246000E-1,-3.240866661E-1,9.964730144E-1
1.855354521E1,-4.820944071E-1,-1.640400887E-1,1.017242551E0
1.855589219E1,-4.674336910E-1,-1.865427941E-2,1.018464208E0
1.855823849E1,-4.723206162E-1,1.096273139E-1,1.017242551E0
1.856058562E1,-4.894248247E-1,2.098091245E-1,1.016020775E0
1.856293344E1,-5.199680328E-1,2.818911374E-1,1.020907640E0
1.856528042E1,-5.688372254E-1,3.283168674E-1,1.030681491E0
1.856762672E1,-6.372540593E-1,3.503080010E-1,1.045342326E0
1.856997385E1,-7.166664600E-1,3.344255090E-1,1.064889908E0
1.857232167E1,-7.997440696E-1,2.647869587E-1,1.084437609E0
1.857466865E1,-8.877086043E-1,1.536095738E-1,1.100320101E0
1.857701495E1,-9.671210051E-1,2.115119249E-3,1.114980817E0
1.857936208E1,-1.040424824E0,-1.713704467E-1,1.125976443E0
1.858170990E1,-1.103954792E0,-3.827296793E-1,1.138193727E0
1.858405688E1,-1.161376119E0,-6.063061357E-1,1.155297995E0
1.858640318E1,-1.200471401E0,-8.518737555E-1,1.176067352E0
1.858875031E1,-1.232236385E0,-1.108436942E0,1.195615053E0
1.859109813E1,-1.253005743E0,-1.366221905E0,1.218827844E0
1.859344510E1,-1.261557937E0,-1.605680823E0,1.253036261E0
1.859579141E1,-1.267666578E0,-1.806044459E0,1.301905513E0
1.859813854E1,-1.265223026E0,-1.973421454E0,1.353218079E0
1.860048635E1,-1.254227519E0,-2.101702929E0,1.399643779E0
1.860283333E1,-1.237123251E0,-2.188445568E0,1.436295748E0
1.860517964E1,-1.216353893E0,-2.233649731E0,1.464395523E0
1.860752677E1,-1.198027968E0,-2.221432447E0,1.486386657E0
1.860987458E1,-1.179702044E0,-2.168898106E0,1.503490806E0
1.861222156E1,-1.162597775E0,-2.085820436E0,1.510821223E0
1.861456786E1,-1.140606642E0,-1.984416842E0,1.513264656E0
1.861691500E1,-1.118615508E0,-1.862244010E0,1.514486432E0
1.861926281E1,-1.111285210E0,-1.688758492E0,1.510821223E0
1.862160979E1,-1.116172075E0,-1.495725155E0,1.497382164E0
1.862395609E1,-1.139384985E0,-1.285587788E0,1.475391030E0
1.862630323E1,-1.143050075E0,-1.103550076E0,1.454621673E0
1.862865104E1,-1.157710910E0,-9.398382902E-1,1.435073972E0
1.863099802E1,-1.171149850E0,-8.017828465E-1,1.417969823E0
1.863334432E1,-1.182145476E0,-6.893837452E-1,1.405752420E0
1.863569135E1,-1.188254118E0,-5.953105688E-1,1.398422122E0
1.863803927E1,-1.204136610E0,-5.024591684E-1,1.389870048E0
1.864038625E1,-1.220019102E0,-4.230467379E-1,1.384983063E0
1.864273255E1,-1.226127744E0,-3.582950830E-1,1.378874421E0
1.864507958E1,-1.238345027E0,-2.849913239E-1,1.369100571E0
1.864742750E1,-1.257892728E0,-2.043571472E-1,1.360548496E0
1.864977448E1,-1.285992503E0,-1.090622619E-1,1.347109437E0
1.865212078E1,-1.328752995E0,4.558578134E-3,1.333670378E0
1.865446781E1,-1.370291829E0,9.741001576E-2,1.326340079E0
1.865681573E1,-1.398391604E0,1.646051407E-1,1.323896646E0
1.865916271E1,-1.453369379E0,2.708955705E-1,1.317788005E0
1.866150901E1,-1.529116631E0,4.003989100E-1,1.300683737E0
1.866385604E1,-1.613415956E0,5.347891450E-1,1.281136036E0
1.866620396E1,-1.702602148E0,6.642924547E-1,1.267697096E0
1.866855094E1,-1.801562309E0,7.913523316E-1,1.257923245E0
1.867089724E1,-1.902965784E0,9.184122086E-1,1.244484186E0
1.867324427E1,-2.008034468E0,1.035698175E0,1.210275769E0
1.867559214E1,-2.116768360E0,1.138323426E0,1.139415503E0
1.867793917E1,-2.218171835E0,1.207962036E0,1.072220325E0
1.868028547E1,-2.322018862E0,1.259274721E0,1.018464208E0
1.868263250E1,-2.422200680E0,1.287374496E0,9.781470895E-1
1.868498036E1,-2.518717289E0,1.337465405E0,9.561559558E-1
1.868732740E1,-2.594464540E0,1.416877747E0,9.512690902E-1
1.868967370E1,-2.645777225E0,1.519503117E0,9.537125230E-1
1.869202073E1,-2.695868015E0,1.650228143E0,9.610428810E-1
1.869436859E1,-2.742293835E0,1.804166079E0,9.866992235E-1
1.869671562E1,-2.782610893E0,1.969099522E0,1.024572849E0
1.869906193E1,-2.819262743E0,2.121815920E0,1.051450968E0
1.870140896E1,-2.837588787E0,2.230549812E0,1.067333460E0
1.870375682E1,-2.842475653E0,2.295301437E0,1.074663758E0
1.870610385E1,-2.841253996E0,2.328288078E0,1.073442101E0
1.870845016E1,-2.840032101E0,2.341727018E0,1.063668251E0
1.871079719E1,-2.835145235E0,2.331953287E0,1.056337833E0
1.871314505E1,-2.836366892E0,2.289192677E0,1.040455341E0
1.871549208E1,-2.846140862E0,2.189010859E0,1.024572849E0
1.871783838E1,-2.875462294E0,2.044846773E0,1.008690357E0
1.872018542E1,-2.918222904E0,1.881134987E0,9.903643727E-1
1.872253328E1,-2.970757246E0,1.713757992E0,9.671515226E-1
1.872488031E1,-3.036730528E0,1.552489758E0,9.427169561E-1
1.872722661E1,-3.118586540E0,1.407104015E0,9.195041060E-1
1.872957365E1,-3.195555449E0,1.284931064E0,8.987346888E-1
1.873192151E1,-3.267637491E0,1.211627245E0,8.804087639E-1
1.873426854E1,-3.312841415E0,1.188414335E0,8.669697046E-1
1.873661484E1,-3.333610773E0,1.205518603E0,8.535307050E-1
1.873896188E1,-3.332389116E0,1.261718154E0,8.413134217E-1
1.874130974E1,-3.310398102E0,1.352126122E0,8.315395713E-1
1.874365677E1,-3.282298326E0,1.458416581E0,8.217657208E-1
1.874600307E1,-3.256641865E0,1.558598399E0,8.156570792E-1
1.874835010E1,-3.233429193E0,1.639232516E0,8.095484376E-1
1.875069797E1,-3.205329418E0,1.694210410E0,8.046615124E-1
1.875304500E1,-3.178451300E0,1.733305693E0,7.997745872E-1
1.875539130E1,-3.147907972E0,1.757740259E0,7.973311543E-1
1.875773833E1,-3.116142988E0,1.758962035E0,7.961094379E-1
1.876008620E1,-3.088043213E0,1.740636110E0,8.034397960E-1
1.876243323E1,-3.056278229E0,1.699097276E0,8.083267212E-1
1.876477948E1,-3.015961170E0,1.636789083E0,8.071050048E-1
1.876712661E1,-2.967092037E0,1.561041832E0,7.997745872E-1
1.876947443E1,-2.921888113E0,1.474299073E0,7.936659455E-1
1.877182146E1,-2.873018980E0,1.377782464E0,7.948877215E-1
1.877416776E1,-2.822927952E0,1.289817929E0,8.009963632E-1
1.877651479E1,-2.774058819E0,1.195744753E0,8.229874969E-1
1.877886266E1,-2.731298208E0,1.111445427E0,8.633045554E-1
1.878120969E1,-2.684872627E0,1.014928818E0,9.036216140E-1
1.878355594E1,-2.632338285E0,8.988645077E-1,9.231692553E-1
1.878590307E1,-2.568808317E0,7.571439147E-1,9.231692553E-1
1.878825088E1,-2.493061066E0,5.958756208E-1,9.158388972E-1
1.879059792E1,-2.409983397E0,4.260552227E-1,9.085085392E-1
1.879294417E1,-2.319575548E0,2.586783171E-1,8.938477635E-1
1.879529130E1,-2.223058939E0,1.108490452E-1,8.730784059E-1
1.879763911E1,-2.128985643E0,-1.132390462E-2,8.523089886E-1
1.879998615E1,-2.041021109E0,-1.017318889E-1,8.364264965E-1
1.880233240E1,-1.962830544E0,-1.713704467E-1,8.339830041E-1
1.880467953E1,-1.893192053E0,-2.507828772E-1,8.510872722E-1
1.880702734E1,-1.822331667E0,-3.460777998E-1,8.718566298E-1
1.880937438E1,-1.747806191E0,-4.267119467E-1,8.767435551E-1
1.881172062E1,-1.673280716E0,-4.658072889E-1,8.547524214E-1
1.881406776E1,-1.602420449E0,-4.877983928E-1,8.242092133E-1
1.881641557E1,-1.553551197E0,-5.122329593E-1,7.948877215E-1
1.881876255E1,-1.520564556E0,-5.452196598E-1,7.753400207E-1
1.882110885E1,-1.509568930E0,-5.672107935E-1,7.667878866E-1
1.882345599E1,-1.510790706E0,-5.928671360E-1,7.594575286E-1
1.882580380E1,-1.523007989E0,-6.209669113E-1,7.374663949E-1
1.882815078E1,-1.541333914E0,-6.490666866E-1,7.118101120E-1
1.883049708E1,-1.560881615E0,-6.649491787E-1,6.763799191E-1
1.883284422E1,-1.591424823E0,-6.796099544E-1,6.397280693E-1
1.883519203E1,-1.630520225E0,-6.979358792E-1,6.030761600E-1
1.883753901E1,-1.675724149E0,-7.199270129E-1,5.700894594E-1
1.883988531E1,-1.719706416E0,-7.529137135E-1,5.407679677E-1
1.884223245E1,-1.757580042E0,-7.785699964E-1,5.163334012E-1
1.884458026E1,-1.795453668E0,-7.907872796E-1,4.931205511E-1
1.884692724E1,-1.832105517E0,-7.907872796E-1,4.784598053E-1
1.884927354E1,-1.857761860E0,-8.054480553E-1,4.772380590E-1
1.885162068E1,-1.873644352E0,-8.152219057E-1,4.833467007E-1
1.885396849E1,-1.883418202E0,-8.262174726E-1,4.980074465E-1
1.885631547E1,-1.882196426E0,-8.396564722E-1,5.175551176E-1
1.885866177E1,-1.876087785E0,-8.530955315E-1,5.444331765E-1
1.886100891E1,-1.862648726E0,-8.701997399E-1,5.798633099E-1
1.886335672E1,-1.840657592E0,-8.714214563E-1,6.201803684E-1
1.886570370E1,-1.804005742E0,-8.726431727E-1,6.629409194E-1
1.886805000E1,-1.772240758E0,-8.714214563E-1,7.057014704E-1
1.887039714E1,-1.725815058E0,-8.628693223E-1,7.496836782E-1
1.887274495E1,-1.665950298E0,-8.384347558E-1,7.924442291E-1
1.887509193E1,-1.602420449E0,-7.981176972E-1,8.327612877E-1
1.887743823E1,-1.530338407E0,-7.309225798E-1,8.681914806E-1
1.887978526E1,-1.449704170E0,-6.392928362E-1,9.036216140E-1
1.888213318E1,-1.356852770E0,-5.391110182E-1,9.366083145E-1
1.888448016E1,-1.264001369E0,-4.218250215E-1,9.659298062E-1
1.888682646E1,-1.160154343E0,-2.984303534E-1,9.891426563E-1
1.888917349E1,-1.052642107E0,-1.811442971E-1,1.008690357E0
1.889152141E1,-9.353560805E-1,-8.584939688E-2,1.022129416E0
1.889386838E1,-8.144048452E-1,-2.771798521E-3,1.024572849E0
1.889621469E1,-6.995622516E-1,7.175369561E-2,1.017242551E0
1.889856172E1,-5.993804336E-1,1.450574696E-1,1.007468700E0
1.890090964E1,-5.187463164E-1,2.305785418E-1,9.964730144E-1
1.890325661E1,-4.576598406E-1,3.124343753E-1,9.891426563E-1
1.890560292E1,-4.173427820E-1,3.894033432E-1,9.805905819E-1
1.890794995E1,-3.867995441E-1,4.675940275E-1,9.744819403E-1
1.891029781E1,-3.635866642E-1,5.384543538E-1,9.659298062E-1
1.891264484E1,-3.550345600E-1,6.117581129E-1,9.512690902E-1
1.891499115E1,-3.525910974E-1,6.716228127E-1,9.353865981E-1
1.891733818E1,-3.538128436E-1,7.180485725E-1,9.195041060E-1
1.891968604E1,-3.635866642E-1,7.424831390E-1,9.060650468E-1
1.892203307E1,-3.782474399E-1,7.498134971E-1,8.840739131E-1
1.892437938E1,-4.002385736E-1,7.522569895E-1,8.510872722E-1
1.892672641E1,-4.283383489E-1,7.498134971E-1,8.095484376E-1
1.892907427E1,-4.625467658E-1,7.437048554E-1,7.631227374E-1
1.893142130E1,-5.016421080E-1,7.437048554E-1,7.105883360E-1
1.893376760E1,-5.419591665E-1,7.437048554E-1,6.543887854E-1
1.893611464E1,-5.810545087E-1,7.534787059E-1,5.920805931E-1
1.893846250E1,-6.140412092E-1,7.595873475E-1,5.285506845E-1
1.894080953E1,-6.348106265E-1,7.681394815E-1,4.637990296E-1
1.894315583E1,-6.519148350E-1,7.840219736E-1,4.002691209E-1
1.894550286E1,-6.506931186E-1,7.913523316E-1,3.379608989E-1
1.894785073E1,-6.519148350E-1,8.096782565E-1,2.744309902E-1
1.895019776E1,-6.323671341E-1,7.937957644E-1,2.218966186E-1
1.895254406E1,-6.091542840E-1,7.815784812E-1,1.644753218E-1
1.895489109E1,-5.773892999E-1,7.620308399E-1,1.082757637E-1
1.895723896E1,-5.370722413E-1,7.351527810E-1,5.329794809E-2
1.895958599E1,-4.930899739E-1,7.033877969E-1,-4.123336636E-3
1.896193229E1,-4.429990947E-1,6.728445888E-1,-6.276635081E-2
1.896427932E1,-3.990168273E-1,6.276406050E-1,-1.250745505E-1
1.896662719E1,-3.452607393E-1,5.751062036E-1,-1.873827577E-1
1.896897422E1,-2.866177261E-1,5.054676533E-1,-2.533561587E-1
1.897132052E1,-2.279747277E-1,4.309421480E-1,-3.205512464E-1
1.897366755E1,-1.705534309E-1,3.551948965E-1,-3.877463639E-1
1.897601542E1,-1.082452238E-1,2.745607793E-1,-4.549415112E-1
1.897836245E1,-4.593702406E-2,2.000353038E-1,-5.172497034E-1
1.898070875E1,2.125809528E-2,1.157359555E-1,-5.734493136E-1
1.898305578E1,8.356630057E-2,4.243219271E-2,-6.259836555E-1
1.898540365E1,1.458744854E-1,-2.720638737E-2,-6.699659228E-1
1.898775068E1,2.069609612E-1,-1.017318889E-1,-7.066177726E-1
1.899009693E1,2.607170641E-1,-1.664835513E-1,-7.383827567E-1
1.899244406E1,3.120297194E-1,-2.177961767E-1,-7.615956068E-1
1.899479188E1,3.633423448E-1,-2.825478613E-1,-7.799215317E-1
1.899713891E1,4.024376869E-1,-3.363039494E-1,-7.970257998E-1
1.899948516E1,4.513068497E-1,-3.961687088E-1,-8.116865158E-1
1.900183229E1,4.940674007E-1,-4.425944090E-1,-8.275690079E-1
1.900418010E1,5.466017723E-1,-4.768028259E-1,-8.397862911E-1
1.900652714E1,6.052447557E-1,-5.049026012E-1,-8.520035744E-1
1.900887338E1,6.626660824E-1,-5.244503021E-1,-8.617774248E-1
1.901122052E1,7.298611999E-1,-5.525500774E-1,-8.642209172E-1
1.901356833E1,8.056083918E-1,-5.867584944E-1,-8.593339920E-1
1.901591531E1,8.911294341E-1,-6.173017025E-1,-8.507818580E-1
1.901826161E1,9.876461029E-1,-6.502884030E-1,-8.324559331E-1
1.902060875E1,1.089049578E0,-6.820533872E-1,-8.055778742E-1
1.902295656E1,1.206335545E0,-7.187052965E-1,-7.738128901E-1
1.902530354E1,1.332173705E0,-7.516919374E-1,-7.383827567E-1
1.902764984E1,1.462898731E0,-7.907872796E-1,-7.005091310E-1
1.902999698E1,1.607062817E0,-8.298826218E-1,-6.601920724E-1
1.903234479E1,1.750005245E0,-8.628693223E-1,-6.223184466E-1
1.903469177E1,1.895390987E0,-9.007429481E-1,-5.868883133E-1
1.903703807E1,2.038333416E0,-9.263992906E-1,-5.539016128E-1
1.903938521E1,2.180054188E0,-9.483904243E-1,-5.294670463E-1
1.904173302E1,2.310779095E0,-9.606077075E-1,-5.111410618E-1
1.904408000E1,2.441504240E0,-9.642729163E-1,-5.001454949E-1
1.904642630E1,2.564898968E0,-9.471686482E-1,-5.001454949E-1
1.904877344E1,2.679741383E0,-9.154037237E-1,-5.074759126E-1
1.905112125E1,2.783588409E0,-8.738648891E-1,-5.221366286E-1
1.905346823E1,2.887435436E0,-8.311043978E-1,-5.441277623E-1
1.905581453E1,2.980286837E0,-7.712396383E-1,-5.783361793E-1
1.905816167E1,3.073138237E0,-7.138183713E-1,-6.149880886E-1
1.906050948E1,3.156215906E0,-6.466232538E-1,-6.626355052E-1
1.906285646E1,3.233184814E0,-5.733194947E-1,-7.200568318E-1
1.906520276E1,3.302823544E0,-4.939070344E-1,-7.884736657E-1
1.906754990E1,3.368796825E0,-4.169380963E-1,-8.654426336E-1
1.906989771E1,3.432326794E0,-3.387474120E-1,-9.485202432E-1
1.907224469E1,3.481195927E0,-2.495611608E-1,-1.040149927E0
1.907459099E1,3.516626120E0,-1.628183424E-1,-1.129336119E0
1.907693812E1,3.539839029E0,-6.019308418E-2,-1.225852728E0
1.907928594E1,3.565495253E0,3.143662587E-2,-1.322369337E0
1.908163292E1,3.570382118E0,1.377270818E-1,-1.418885946E0
1.908397922E1,3.570382118E0,2.537913918E-1,-1.512959123E0
1.908632625E1,3.559386730E0,3.796294928E-1,-1.610697508E0
1.908867417E1,3.527621746E0,5.079110861E-1,-1.708435893E0
1.909102115E1,3.482417583E0,6.471882463E-1,-1.807395935E0
1.909336745E1,3.417665958E0,8.060130477E-1,-1.901469111E0
1.909571448E1,3.313818932E0,1.005154967E0,-1.983325005E0
1.909806240E1,3.187980890E0,1.226287961E0,-2.044411421E0
1.910040938E1,3.053590536E0,1.453529716E0,-2.073733091E0
1.910275568E1,2.906983137E0,1.666110635E0,-2.071289539E0
1.910510271E1,2.771371126E0,1.842039585E0,-2.028528929E0
1.910745063E1,2.640645981E0,1.976429820E0,-1.943007946E0
1.910979760E1,2.502590656E0,2.098603010E0,-1.831830502E0
1.911214391E1,2.359648228E0,2.195119619E0,-1.702327251E0
1.911449094E1,2.205710411E0,2.276975393E0,-1.561828375E0
1.911683880E1,2.033446550E0,2.351500988E0,-1.416442513E0
1.911918583E1,1.862404346E0,2.405256987E0,-1.266169786E0
1.912153214E1,1.688918710E0,2.437021971E0,-1.114675403E0
1.912387917E1,1.520320058E0,2.456569672E0,-9.692896008E-1
1.912622703E1,1.374934316E0,2.465121746E0,-8.324559331E-1
1.912857406E1,1.267422080E0,2.459013224E0,-7.151699066E-1
1.913092036E1,1.203892112E0,2.432135105E0,-6.308705807E-1
1.913326740E1,1.186787963E0,2.388152838E0,-5.783361793E-1
1.913561526E1,1.220996380E0,2.346614122E0,-5.539016128E-1
1.913796229E1,1.284526229E0,2.336840153E0,-5.477929711E-1
1.914030859E1,1.393260241E0,2.352722645E0,-5.392408371E-1
1.914265562E1,1.537424326E0,2.400370121E0,-5.258018374E-1
1.914500349E1,1.709688067E0,2.434578657E0,-5.184714794E-1
1.914735052E1,1.894169331E0,2.437021971E0,-5.111410618E-1
1.914969682E1,2.089646101E0,2.405256987E0,-4.928151071E-1
1.915204385E1,2.294896603E0,2.336840153E0,-4.647153318E-1
1.915439172E1,2.489151716E0,2.263536453E0,-4.292851686E-1
1.915673875E1,2.678519726E0,2.178015471E0,-3.853029311E-1
1.915908505E1,2.867887735E0,2.080276966E0,-3.315468132E-1
1.916143208E1,3.036486387E0,1.976429820E0,-2.826776505E-1
1.916377995E1,3.191646099E0,1.855478644E0,-2.399171144E-1
1.916612698E1,3.317484140E0,1.711314559E0,-2.130390704E-1
1.916847328E1,3.412779093E0,1.535385609E0,-2.020435035E-1
1.917082031E1,3.468978643E0,1.369230390E0,-2.093738765E-1
1.917316818E1,3.505630493E0,1.222622871E0,-2.203694433E-1
1.917551521E1,3.517847776E0,1.106558561E0,-2.374736518E-1
1.917786151E1,3.511739254E0,1.018594027E0,-2.533561587E-1
1.918020854E1,3.482417583E0,9.489554167E-1,-2.729038000E-1
1.918255641E1,3.451874495E0,8.951992989E-1,-2.887862921E-1
1.918490344E1,3.404227018E0,9.013079405E-1,-3.058905005E-1
1.918724969E1,3.361466408E0,9.269642830E-1,-3.193295300E-1
1.918959682E1,3.322371006E0,9.733899832E-1,-3.278816342E-1
1.919194464E1,3.294271231E0,1.027146101E0,-3.205512464E-1
1.919429167E1,3.271058559E0,1.090676069E0,-3.266599178E-1
1.919663792E1,3.258841276E0,1.185970902E0,-3.205512464E-1
1.919898505E1,3.267393351E0,1.277600646E0,-3.046687841E-1
1.920133286E1,3.290606260E0,1.332578421E0,-2.887862921E-1
1.920367984E1,3.330923319E0,1.355791330E0,-2.729038000E-1
1.920602615E1,3.384679317E0,1.370452046E0,-2.557995915E-1
1.920837328E1,3.449430943E0,1.383891106E0,-2.350302041E-1
1.921072109E1,3.521512985E0,1.389999747E0,-2.118173391E-1
1.921306812E1,3.600925446E0,1.379004240E0,-1.898262054E-1
1.921541438E1,3.673007488E0,1.339908838E0,-1.666133553E-1
1.921776151E1,3.737759113E0,1.270270228E0,-1.666133553E-1
1.922010932E1,3.771967649E0,1.207962036E0,-1.971565783E-1
1.922245630E1,3.776854515E0,1.155427694E0,-2.521344125E-1
1.922480260E1,3.752419949E0,1.119997501E0,-3.242164552E-1
1.922714974E1,3.710880995E0,1.088232517E0,-4.036288559E-1
1.922949755E1,3.640020847E0,1.051580667E0,-4.952585697E-1
1.923184453E1,3.528843403E0,1.017372251E0,-5.954403877E-1
1.923419083E1,3.384679317E0,9.966028929E-1,-7.017308474E-1
1.923653797E1,3.190424442E0,9.953811169E-1,-8.019126654E-1
1.923888578E1,2.953408718E0,1.023480892E0,-8.862120509E-1
1.924123276E1,2.699289083E0,1.057689309E0,-9.436333179E-1
1.924357906E1,2.441504240E0,1.071128368E0,-9.863938093E-1
1.924592620E1,2.191049576E0,1.043028593E0,-1.016937017E0
1.924827401E1,1.949147105E0,9.794986248E-1,-1.041371584E0
1.925062099E1,1.731679201E0,8.683212996E-1,-1.056032300E0
1.925296729E1,1.539867759E0,7.278223634E-1,-1.063362718E0
1.925531443E1,1.384708047E0,5.543367863E-1,-1.067027926E0
1.925766224E1,1.263756871E0,3.490862548E-1,-1.067027926E0
1.926000922E1,1.167240262E0,1.132925078E-1,-1.064584494E0
1.926235552E1,1.092714787E0,-1.432706714E-1,-1.058475852E0
1.926470255E1,1.026741385E0,-4.034990668E-1,-1.051145434E0
1.926705047E1,9.717636108E-1,-6.771664619E-1,-1.042593360E0
1.926939745E1,9.131205678E-1,-9.361730814E-1,-1.031597733E0
1.927174375E1,8.605862260E-1,-1.181740761E0,-1.020602226E0
1.927409078E1,8.056083918E-1,-1.411425829E0,-1.007163167E0
1.927643870E1,7.494088411E-1,-1.619119883E0,-9.949459434E-1
1.927878568E1,6.919875741E-1,-1.795048952E0,-9.839503765E-1
1.928113198E1,6.357880235E-1,-1.947765112E0,-9.741765261E-1
1.928347901E1,5.783666968E-1,-2.067494392E0,-9.656244516E-1
1.928582693E1,5.258323550E-1,-2.161567688E0,-9.570723176E-1
1.928817391E1,4.720762670E-1,-2.214102030E0,-9.509636760E-1
1.929052021E1,4.207636118E-1,-2.243423462E0,-9.472984672E-1
1.929286724E1,3.718944490E-1,-2.243423462E0,-9.436333179E-1
1.929521510E1,3.279121816E-1,-2.212880373E0,-9.411898255E-1
1.929756214E1,2.900385857E-1,-2.162789345E0,-9.375246763E-1
1.929990844E1,2.558301687E-1,-2.090707302E0,-9.314160347E-1
1.930225547E1,2.228434533E-1,-1.995412469E0,-9.253073335E-1
1.930460333E1,2.045174986E-1,-1.892787218E0,-9.155335426E-1
1.930695036E1,1.849698275E-1,-1.775501251E0,-9.045379758E-1
1.930929667E1,1.690873653E-1,-1.641111016E0,-8.923206925E-1
1.931164370E1,1.617569774E-1,-1.500612140E0,-8.788816333E-1
1.931399156E1,1.556483358E-1,-1.355226278E0,-8.642209172E-1
1.931633859E1,1.532048732E-1,-1.214727402E0,-8.458949327E-1
1.931868490E1,1.519831419E-1,-1.074228525E0,-8.287907243E-1
1.932103193E1,1.580917984E-1,-9.532773495E-1,-8.019126654E-1
1.932337979E1,1.715307981E-1,-8.457651138E-1,-7.762563825E-1
1.932572682E1,1.800829023E-1,-7.480267882E-1,-7.506000400E-1
1.932807312E1,1.874132901E-1,-6.612839699E-1,-7.249437571E-1
1.933042016E1,1.959653944E-1,-5.830932856E-1,-6.956222057E-1
1.933276802E1,1.971871406E-1,-5.171198845E-1,-6.638572812E-1
1.933511505E1,1.996305734E-1,-4.609203637E-1,-6.320922971E-1
1.933746135E1,1.996305734E-1,-4.144946337E-1,-5.966621637E-1
1.933980838E1,1.947436780E-1,-3.705123663E-1,-5.587885380E-1
1.934215625E1,1.849698275E-1,-3.277518451E-1,-5.184714794E-1
1.934450328E1,1.715307981E-1,-2.923216820E-1,-4.781543612E-1
1.934684953E1,1.568700522E-1,-2.691088319E-1,-4.329503775E-1
1.934919667E1,1.434310228E-1,-2.593349814E-1,-3.853029311E-1
1.935154448E1,1.153312549E-1,-2.422307730E-1,-3.352120221E-1
1.935389151E1,8.723148704E-2,-2.275699973E-1,-2.814559042E-1
1.935623776E1,5.180133134E-2,-2.092440724E-1,-2.252563685E-1
1.935858490E1,1.148425974E-2,-1.909181178E-1,-1.690568030E-1
1.936093271E1,-3.249800205E-2,-1.725921929E-1,-1.104138047E-1
1.936327969E1,-7.525853068E-2,-1.628183424E-1,-5.054905638E-2
1.936562599E1,-1.216842532E-1,-1.689269841E-1,1.053741667E-2
1.936797313E1,-1.729968935E-1,-1.762573719E-1,7.406734675E-2
1.937032094E1,-2.169791609E-1,-1.945833266E-1,1.412624717E-1
1.937266792E1,-2.707352340E-1,-2.019136846E-1,2.047923952E-1
1.937501422E1,-3.232696056E-1,-2.092440724E-1,2.719875276E-1
1.937736135E1,-3.733605146E-1,-2.190178931E-1,3.342957199E-1
1.937970917E1,-4.295600653E-1,-2.104657888E-1,3.953821957E-1
1.938205615E1,-4.894248247E-1,-2.104657888E-1,4.576903880E-1
1.938440245E1,-5.541764498E-1,-2.043571472E-1,5.199985504E-1
1.938674958E1,-6.213715672E-1,-2.153527141E-1,5.810850263E-1
1.938909740E1,-6.983405352E-1,-2.373438776E-1,6.397280693E-1
1.939144438E1,-7.838615775E-1,-2.727740109E-1,6.922624111E-1
1.939379068E1,-8.779347539E-1,-3.265301287E-1,7.362446785E-1
1.939613781E1,-9.842252135E-1,-3.973904252E-1,7.667878866E-1
1.939848563E1,-1.106398225E0,-4.743593931E-1,7.802269459E-1
1.940083260E1,-1.228571177E0,-5.867584944E-1,7.802269459E-1
1.940317891E1,-1.359296203E0,-7.101531625E-1,7.655661702E-1
1.940552604E1,-1.481469154E0,-8.555389643E-1,7.423533201E-1
1.940787385E1,-1.591424823E0,-9.862639904E-1,7.142535448E-1
1.941022083E1,-1.679389358E0,-1.084002376E0,6.861537695E-1
1.941256714E1,-1.745362759E0,-1.127984643E0,6.580539942E-1
1.941491427E1,-1.783236384E0,-1.120654225E0,6.262890100E-1
1.941726208E1,-1.796675324E0,-1.052237391E0,5.920805931E-1
1.941960906E1,-1.784458041E0,-9.312862158E-1,5.480983257E-1
1.942195536E1,-1.742919326E0,-7.614657879E-1,4.980074465E-1
1.942430240E1,-1.672058940E0,-5.415545106E-1,4.369210005E-1
1.942665031E1,-1.571877122E0,-2.996520698E-1,3.746127784E-1
1.942899729E1,-1.435043454E0,-5.286271125E-2,3.147480488E-1
1.943134359E1,-1.255449176E0,1.768224239E-1,2.597702146E-1
1.943369062E1,-1.036759615E0,3.613035679E-1,2.084575891E-1
1.943603849E1,-7.838615775E-1,4.737026691E-1,1.608101428E-1
1.943838552E1,-5.077507496E-1,5.115762949E-1,1.082757637E-1
1.944073182E1,-2.157574147E-1,4.737026691E-1,4.718929902E-2
1.944307885E1,7.867938280E-2,3.747425675E-1,-2.122754976E-2
1.944542672E1,3.645640612E-1,2.305785418E-1,-8.964440227E-2
1.944777375E1,6.443400979E-1,6.564505398E-2,-1.470656842E-1
1.945012005E1,8.972381353E-1,-1.115057245E-1,-1.812741011E-1
1.945246708E1,1.104932070E0,-2.959868908E-1,-1.849392951E-1
1.945481495E1,1.274752498E0,-4.951287508E-1,-1.605046988E-1
1.945716198E1,1.400590539E0,-7.016010284E-1,-1.201876402E-1
1.945950828E1,1.493442059E0,-9.129602313E-1,-6.887499988E-2
1.946185531E1,1.561858892E0,-1.124319434E0,-1.634063199E-2
1.946420318E1,1.603397608E0,-1.321017861E0,2.397644147E-2
1.946655021E1,1.622945309E0,-1.493281722E0,4.352411255E-2
1.946889651E1,1.635162592E0,-1.626450300E0,3.252854571E-2
1.947124354E1,1.633940935E0,-1.700975776E0,-1.023198385E-2
1.947359141E1,1.618058443E0,-1.698532224E0,-7.254018635E-2
1.947593844E1,1.592402101E0,-1.643554449E0,-1.360701174E-1
1.947828474E1,1.552085042E0,-1.538485765E0,-1.959348619E-1
1.948063177E1,1.493442059E0,-1.388213038E0,-2.484692186E-1
1.948297964E1,1.421360016E0,-1.209840536E0,-2.936732173E-1
1.948532667E1,1.333395481E0,-1.010698557E0,-3.303250968E-1
1.948767297E1,1.225883245E0,-8.115566969E-1,-3.596465886E-1
1.949002000E1,1.103710294E0,-6.185234785E-1,-3.828594685E-1
1.949236786E1,9.680984020E-1,-4.401509464E-1,-3.950767517E-1
1.949471490E1,8.275995255E-1,-2.593349814E-1,-3.999636769E-1
1.949706120E1,7.017614245E-1,-7.485383004E-2,-3.938550353E-1
1.949940823E1,5.844753981E-1,1.181794181E-1,-3.816377223E-1
1.950175609E1,4.989543259E-1,2.892215252E-1,-3.669769764E-1
1.950410312E1,4.635241628E-1,4.187248349E-1,-3.559814095E-1
1.950644943E1,4.561937749E-1,4.871416688E-1,-3.535379469E-1
1.950879646E1,4.525285959E-1,4.761461318E-1,-3.535379469E-1
1.951114432E1,4.464199543E-1,3.955119848E-1,-3.510944843E-1
1.951349130E1,4.378678501E-1,2.427958250E-1,-3.352120221E-1
1.951583760E1,4.293157458E-1,2.044105902E-2,-3.071122468E-1
1.951818474E1,4.146549702E-1,-2.532263398E-1,-2.790124714E-1
1.952053255E1,3.951072991E-1,-5.611021519E-1,-2.521344125E-1
1.952287953E1,3.694509864E-1,-8.787518144E-1,-2.301432788E-1
1.952522583E1,3.376860321E-1,-1.189071059E0,-2.203694433E-1
1.952757297E1,3.095862567E-1,-1.481064439E0,-2.191477120E-1
1.952992078E1,2.827081978E-1,-1.733962417E0,-2.386953831E-1
1.953226776E1,2.668257356E-1,-1.941656470E0,-2.655734420E-1
1.953461406E1,2.680474520E-1,-2.095594168E0,-3.010035753E-1
1.953696120E1,2.863733768E-1,-2.177450180E0,-3.449858427E-1
1.953930901E1,3.242470026E-1,-2.192110777E0,-3.999636769E-1
1.954165599E1,3.621205986E-1,-2.140798330E0,-4.622718692E-1
1.954400229E1,3.999942243E-1,-2.029620886E0,-5.306887627E-1
1.954634943E1,4.280939996E-1,-1.863465786E0,-6.003273129E-1
1.954869724E1,4.476416707E-1,-1.670432448E0,-6.699659228E-1
1.955104422E1,4.476416707E-1,-1.460295081E0,-7.444913983E-1
1.955339052E1,4.390895665E-1,-1.255044460E0,-8.239037991E-1
1.955573766E1,4.170984328E-1,-1.073006749E0,-9.069814086E-1
1.955808547E1,3.877769411E-1,-9.325079322E-1,-9.912807345E-1
1.956043245E1,3.596771657E-1,-8.396564722E-1,-1.073136568E0
1.956277875E1,3.218035400E-1,-7.822352052E-1,-1.151327252E0
1.956512578E1,2.729343772E-1,-7.626875043E-1,-1.220965862E0
1.956747370E1,2.142913491E-1,-7.749048471E-1,-1.268613219E0
1.956982068E1,1.361006647E-1,-7.907872796E-1,-1.290604353E0
1.957216698E1,3.469712287E-2,-8.103349805E-1,-1.290604353E0
1.957451401E1,-8.747582138E-2,-8.164436221E-1,-1.272278428E0
1.957686188E1,-2.182008773E-1,-8.201088309E-1,-1.240513444E0
1.957920891E1,-3.672518730E-1,-8.176653385E-1,-1.207526803E0
1.958155521E1,-5.211897492E-1,-8.176653385E-1,-1.168431520E0
1.958390224E1,-6.836798191E-1,-8.091132641E-1,-1.119562268E0
1.958625010E1,-8.473915458E-1,-8.115566969E-1,-1.052367210E0
1.958859714E1,-1.012324929E0,-8.188871145E-1,-9.741765261E-1
1.959094344E1,-1.160154343E0,-8.445433974E-1,-8.764382005E-1
1.959329047E1,-1.300653219E0,-8.750866652E-1,-7.738128901E-1
1.959563833E1,-1.441152096E0,-9.031864405E-1,-6.785179973E-1
1.959798536E1,-1.563325047E0,-9.263992906E-1,-5.929969549E-1
1.960033167E1,-1.675724149E0,-9.410600066E-1,-5.148062706E-1
1.960267870E1,-1.761245251E0,-9.532773495E-1,-4.341720939E-1
1.960502656E1,-1.818666458E0,-9.544990659E-1,-3.510944843E-1
1.960737359E1,-1.845544577E0,-9.532773495E-1,-2.704603374E-1
1.960971990E1,-1.828440309E0,-9.569424987E-1,-1.910479367E-1
1.961206693E1,-1.772240758E0,-9.569424987E-1,-1.189659089E-1
1.961441479E1,-1.686719775E0,-9.410600066E-1,-5.299251527E-2
1.961676182E1,-1.579207540E0,-9.056298733E-1,2.519816905E-2
1.961910812E1,-1.464365005E0,-8.457651138E-1,1.192713305E-1
1.962145516E1,-1.347078919E0,-7.504702210E-1,2.255617976E-1
1.962380302E1,-1.235901594E0,-6.258538365E-1,3.367391825E-1
1.962615005E1,-1.112506866E0,-4.951287508E-1,4.515817463E-1
1.962849630E1,-9.891121984E-1,-3.631820083E-1,5.566504598E-1
1.963084344E1,-8.632740378E-1,-2.312352061E-1,6.568322778E-1
1.963319125E1,-7.398793697E-1,-1.053970680E-1,7.447968125E-1
1.963553828E1,-6.287019849E-1,2.654970810E-2,8.217657208E-1
1.963788453E1,-5.285201669E-1,1.597182155E-1,8.877391219E-1
1.964023167E1,-4.429990947E-1,2.904432416E-1,9.378300309E-1
1.964257948E1,-3.782474399E-1,4.003989100E-1,9.732601643E-1
1.964492651E1,-3.391520977E-1,4.785895944E-1,9.928078651E-1
1.964727276E1,-3.257130682E-1,5.262370110E-1,1.011133909E0
1.964961990E1,-3.391520977E-1,5.445629954E-1,1.044120550E0
1.965196771E1,-3.758039773E-1,5.250152946E-1,1.084437609E0
1.965431469E1,-4.344469905E-1,4.737026691E-1,1.128419876E0
1.965666099E1,-5.126376748E-1,3.710773885E-1,1.168736935E0
1.965900812E1,-6.042673588E-1,2.232481539E-1,1.206610560E0
1.966135594E1,-7.093361020E-1,2.654970810E-2,1.237153769E0
1.966370292E1,-8.168482780E-1,-2.129092515E-1,1.268918753E0
1.966604922E1,-9.341343045E-1,-4.719159305E-1,1.297018528E0
1.966839635E1,-1.046533465E0,-7.639092803E-1,1.326340079E0
1.967074417E1,-1.143050075E0,-1.087667584E0,1.361770153E0
1.967309115E1,-1.226127744E0,-1.416312814E0,1.394756913E0
1.967543745E1,-1.285992503E0,-1.735184193E0,1.433852196E0
1.967778458E1,-1.339748502E0,-2.010073185E0,1.476612806E0
1.968013240E1,-1.388617754E0,-2.240980148E0,1.524260283E0
1.968247938E1,-1.416717529E0,-2.443787098E0,1.579238057E0
1.968482568E1,-1.443595529E0,-2.608720541E0,1.624442101E0
1.968717281E1,-1.468030095E0,-2.719897985E0,1.651320100E0
1.968952062E1,-1.483912587E0,-2.782206297E0,1.659872174E0
1.969186760E1,-1.501016855E0,-2.785871267E0,1.653763533E0
1.969421391E1,-1.513234138E0,-2.732115269E0,1.643989682E0
1.969656104E1,-1.521786213E0,-2.617272615E0,1.628107190E0
1.969890885E1,-1.525451422E0,-2.456004381E0,1.617111683E0
1.970125583E1,-1.512012362E0,-2.270301580E0,1.609781265E0
1.970360214E1,-1.498573422E0,-2.040616512E0,1.591455340E0
1.970594917E1,-1.465586662E0,-1.807266235E0,1.574351192E0
1.970829708E1,-1.436265230E0,-1.547037840E0,1.551138282E0
1.971064406E1,-1.413052320E0,-1.267261744E0,1.526703715E0
1.971299036E1,-1.392282963E0,-9.752684832E-1,1.504712582E0
1.971533740E1,-1.381287336E0,-6.893837452E-1,1.482721448E0
1.971768531E1,-1.366626620E0,-4.267119467E-1,1.459508538E0
1.972003229E1,-1.347078919E0,-2.068006098E-1,1.447291255E0
1.972237859E1,-1.327531219E0,-2.842811495E-2,1.452178240E0
1.972472562E1,-1.309205294E0,1.157359555E-1,1.457065105E0
1.972707349E1,-1.301874995E0,2.574565709E-1,1.446069598E0
1.972942052E1,-1.304318428E0,3.942902386E-1,1.433852196E0
1.973176682E1,-1.315313935E0,5.176849365E-1,1.414304614E0
1.973411385E1,-1.326309562E0,6.154232621E-1,1.397200346E0
1.973646172E1,-1.355630994E0,7.021660805E-1,1.375209212E0
1.973880875E1,-1.386174321E0,7.669177055E-1,1.356883287E0
1.974115505E1,-1.439930320E0,8.463301659E-1,1.337335587E0
1.974350208E1,-1.512012362E0,9.416250587E-1,1.310457587E0
1.974584995E1,-1.599976897E0,1.067463160E0,1.273805737E0
1.974819698E1,-1.686719775E0,1.204296827E0,1.235932112E0
1.975054328E1,-1.783236384E0,1.369230390E0,1.194393277E0
1.975289031E1,-1.889526844E0,1.540272474E0,1.154076219E0
1.975523818E1,-2.001925707E0,1.708871126E0,1.114980817E0
1.975758521E1,-2.100885868E0,1.854256988E0,1.089324594E0
1.975993151E1,-2.190072060E0,1.978873372E0,1.073442101E0
1.976227854E1,-2.264597654E0,2.063172817E0,1.072220325E0
1.976462641E1,-2.324462414E0,2.129146099E0,1.078328967E0
1.976697344E1,-2.370887995E0,2.168241501E0,1.090546250E0
1.976931969E1,-2.405096531E0,2.180458784E0,1.110093951E0
1.977166682E1,-2.431974649E0,2.169463158E0,1.136971951E0
1.977401464E1,-2.453965664E0,2.130367994E0,1.167515278E0
1.977636167E1,-2.471069813E0,2.058285952E0,1.200501919E0
1.977870792E1,-2.496726274E0,1.976429820E0,1.229823470E0
1.978105505E1,-2.526047707E0,1.865252495E0,1.251814604E0
1.978340286E1,-2.554147482E0,1.713757992E0,1.265253544E0
1.978574984E1,-2.588356018E0,1.540272474E0,1.271362185E0
1.978809615E1,-2.620121002E0,1.339908838E0,1.267697096E0
1.979044328E1,-2.657994509E0,1.135879993E0,1.255479693E0
1.979279109E1,-2.692203045E0,9.306294918E-1,1.243262410E0
1.979513807E1,-2.728854895E0,7.363744974E-1,1.231045127E0
1.979748438E1,-2.772837162E0,5.445629954E-1,1.224936485E0
1.979983151E1,-2.809489012E0,4.077292681E-1,1.215162635E0
1.980217932E1,-2.836366892E0,3.197647631E-1,1.196836710E0
1.980452630E1,-2.853471279E0,2.757824957E-1,1.176067352E0
1.980687260E1,-2.846140862E0,3.002170920E-1,1.155297995E0
1.980921974E1,-2.822927952E0,4.077292681E-1,1.135750294E0
1.981156755E1,-2.786276102E0,5.543367863E-1,1.114980817E0
1.981391453E1,-2.753289461E0,7.266006470E-1,1.090546250E0
1.981626083E1,-2.727632999E0,8.964210749E-1,1.062446475E0
1.981860797E1,-2.720302820E0,1.058911085E0,1.028238058E0
1.982095578E1,-2.725189686E0,1.209183812E0,9.866992235E-1
1.982330276E1,-2.731298208E0,1.338687062E0,9.390517473E-1
1.982564906E1,-2.733741760E0,1.443755865E0,8.889608383E-1
1.982799620E1,-2.744737387E0,1.531720400E0,8.352047801E-1
1.983034401E1,-2.752067566E0,1.598915458E0,7.826703787E-1
1.983269099E1,-2.760619879E0,1.631902218E0,7.399098873E-1
1.983503729E1,-2.775280476E0,1.635567307E0,7.020362616E-1
1.983738443E1,-2.781389236E0,1.609911084E0,6.714929938E-1
1.983973224E1,-2.781389236E0,1.567150474E0,6.458367109E-1
1.984207922E1,-2.781389236E0,1.520724773E0,6.299542189E-1
1.984442552E1,-2.775280476E0,1.443755865E0,6.311759353E-1
1.984677255E1,-2.761841536E0,1.346017480E0,6.433932185E-1
1.984912047E1,-2.749624252E0,1.234840155E0,6.531670690E-1
1.985146745E1,-2.723967791E0,1.105336785E0,6.519453526E-1
1.985381375E1,-2.681207418E0,9.550640583E-1,6.372845769E-1
1.985616078E1,-2.611568689E0,7.449265718E-1,6.177369356E-1
1.985850865E1,-2.540708542E0,5.360108614E-1,5.823067427E-1
1.986085568E1,-2.461296082E0,3.234299421E-1,5.407679677E-1
1.986320198E1,-2.385548830E0,1.279532611E-1,4.931205511E-1
1.986554901E1,-2.319575548E0,-3.453676403E-2,4.540252090E-1
1.986789688E1,-2.262154102E0,-1.579314470E-1,4.320340753E-1
1.987024391E1,-2.224280596E0,-2.483394146E-1,4.308123589E-1
1.987259021E1,-2.196180820E0,-3.277518451E-1,4.320340753E-1
1.987493724E1,-2.159528971E0,-4.144946337E-1,4.075994790E-1
1.987728510E1,-2.119211912E0,-4.780245721E-1,3.428478241E-1
1.987963214E1,-2.067899227E0,-5.158981681E-1,2.915351987E-1
1.988197844E1,-2.005590916E0,-5.745412111E-1,2.744309902E-1
1.988432547E1,-1.933509111E0,-6.698361039E-1,2.695440650E-1
1.988667333E1,-1.861427069E0,-7.846786380E-1,2.609919608E-1
1.988902036E1,-1.802783966E0,-8.958560228E-1,2.463312149E-1
1.989136661E1,-1.731923699E0,-1.008255124E0,2.463312149E-1
1.989371375E1,-1.672058940E0,-1.116989017E0,2.561050355E-1
1.989606156E1,-1.632963657E0,-1.196401477E0,2.658788860E-1
1.989840859E1,-1.586537957E0,-1.262374878E0,2.829830945E-1
1.990075484E1,-1.547442555E0,-1.290474653E0,2.952003777E-1
1.990310198E1,-1.518121004E0,-1.275813937E0,2.988655567E-1
1.990544979E1,-1.492464781E0,-1.226944685E0,2.988655567E-1
1.990779682E1,-1.464365005E0,-1.141423702E0,2.964220941E-1
1.991014307E1,-1.457034588E0,-1.053459167E0,2.927569151E-1
1.991249021E1,-1.459478021E0,-1.002146482E0,2.866482735E-1
1.991483802E1,-1.471695304E0,-9.703815579E-1,2.842048109E-1
1.991718500E1,-1.498573422E0,-9.337296486E-1,2.793178856E-1
1.991953130E1,-1.526673198E0,-8.921908736E-1,2.768744528E-1
1.992187844E1,-1.553551197E0,-8.262174726E-1,2.780961692E-1
1.992422625E1,-1.563325047E0,-7.565788627E-1,2.964220941E-1
1.992657323E1,-1.569433689E0,-6.625057459E-1,3.281870782E-1
1.992891953E1,-1.568211913E0,-5.635456443E-1,3.672824204E-1
1.993126667E1,-1.541333914E0,-4.780245721E-1,4.234819710E-1
1.993361448E1,-1.512012362E0,-3.790645003E-1,4.845684469E-1
1.993596146E1,-1.472917080E0,-3.082041740E-1,5.517635345E-1
1.993830776E1,-1.420382738E0,-2.471176982E-1,6.152934432E-1
1.994065490E1,-1.351965904E0,-2.019136846E-1,6.861537695E-1
1.994300271E1,-1.279883862E0,-1.518227756E-1,7.557923198E-1
1.994534969E1,-1.205358267E0,-9.073632210E-2,8.229874969E-1
1.994769599E1,-1.129611135E0,-1.132390462E-2,8.950694799E-1
1.995004312E1,-1.058750749E0,9.130137414E-2,9.683732986E-1
1.995239094E1,-9.915556312E-1,1.963700950E-1,1.035568476E0
1.995473792E1,-9.329125881E-1,3.136561215E-1,1.091768026E0
1.995708422E1,-8.803782463E-1,4.150596559E-1,1.143080592E0
1.995943125E1,-8.376176953E-1,4.956938028E-1,1.178510785E0
1.996177917E1,-7.850833535E-1,5.506716371E-1,1.201723695E0
1.996412615E1,-7.374358773E-1,6.019842625E-1,1.210275769E0
1.996647245E1,-6.971188188E-1,6.594055295E-1,1.207832336E0
1.996881948E1,-6.506931186E-1,6.911705136E-1,1.209053993E0
1.997116734E1,-6.115977764E-1,7.156050801E-1,1.213940978E0
1.997351438E1,-5.798327923E-1,7.302658558E-1,1.224936485E0
1.997586068E1,-5.590633750E-1,7.449265718E-1,1.235932112E0
1.997820771E1,-5.407374501E-1,7.485917807E-1,1.246927619E0
1.998055557E1,-5.358505249E-1,7.547004223E-1,1.259144902E0
1.998290260E1,-5.370722413E-1,7.388179302E-1,1.276249170E0
1.998524891E1,-5.419591665E-1,7.143833637E-1,1.283579588E0
1.998759594E1,-5.578416586E-1,6.862835884E-1,1.289688230E0
1.998994380E1,-5.773892999E-1,6.398578882E-1,1.300683737E0
1.999229083E1,-6.054891348E-1,5.836583376E-1,1.308014154E0
1.999463714E1,-6.372540593E-1,5.323456526E-1,1.304348946E0
1.999698417E1,-6.677973270E-1,4.749243855E-1,1.289688230E0
1.999933203E1,-7.044491768E-1,4.175031185E-1,1.264031887E0
2.000167906E1,-7.423228025E-1,3.588601053E-1,1.228601694E0
2.000402536E1,-7.692008615E-1,2.977736294E-1,1.188284636E0
2.000637240E1,-7.997440696E-1,2.452392876E-1,1.135750294E0
2.000872026E1,-8.278438449E-1,1.975918412E-1,1.074663758E0
2.001106729E1,-8.547219038E-1,1.670486033E-1,1.001360059E0
2.001341359E1,-8.681609631E-1,1.499443948E-1,9.219475389E-1
2.001576063E1,-8.901520371E-1,1.658268571E-1,8.290961385E-1
2.001810849E1,-8.962607384E-1,1.817093492E-1,7.399098873E-1
2.002045552E1,-8.999258876E-1,2.183612287E-1,6.519453526E-1
2.002280177E1,-8.889303207E-1,2.489044666E-1,5.676460266E-1
2.002514891E1,-8.803782463E-1,3.002170920E-1,4.833467007E-1
2.002749672E1,-8.632740378E-1,3.466427922E-1,4.027125835E-1
2.002984370E1,-8.327307701E-1,3.796294928E-1,3.306305408E-1
2.003219000E1,-7.985223532E-1,4.028423429E-1,2.658788860E-1
2.003453714E1,-7.606487274E-1,4.150596559E-1,2.047923952E-1
2.003688495E1,-7.203316689E-1,4.175031185E-1,1.437059343E-1
2.003923193E1,-6.800146103E-1,4.101727307E-1,8.506290615E-2
2.004157823E1,-6.470279098E-1,3.930685222E-1,1.786779240E-2
2.004392536E1,-6.079325676E-1,3.625252843E-1,-5.299251527E-2
2.004627318E1,-5.737241507E-1,3.344255090E-1,-1.348483860E-1
2.004862016E1,-5.382940173E-1,3.063257337E-1,-2.228129059E-1
2.005096646E1,-5.053073168E-1,2.855563164E-1,-3.132208884E-1
2.005331359E1,-4.637684822E-1,2.635652423E-1,-4.060723186E-1
2.005566141E1,-4.246731400E-1,2.513479292E-1,-4.977020621E-1
2.005800838E1,-3.611432314E-1,2.159177661E-1,-5.807796717E-1
2.006035469E1,-3.061653972E-1,1.951483786E-1,-6.553051472E-1
2.006270182E1,-2.487441152E-1,1.756007075E-1,-7.188351154E-1
2.006504964E1,-1.827707142E-1,1.609399617E-1,-7.689259648E-1
2.006739661E1,-1.167973280E-1,1.511661112E-1,-8.116865158E-1
2.006974292E1,-5.204567313E-2,1.487226486E-1,-8.458949327E-1
2.007208995E1,1.270598732E-2,1.499443948E-1,-8.727729917E-1
2.007443786E1,7.623592019E-2,1.548312902E-1,-8.984293342E-1
2.007678484E1,1.385441273E-1,1.633834243E-1,-9.253073335E-1
2.007913115E1,2.020740360E-1,1.707137823E-1,-9.558506012E-1
2.008147818E1,2.631605268E-1,1.743789613E-1,-9.876155853E-1
2.008382609E1,3.254687190E-1,1.804876328E-1,-1.016937017E0
2.008617307E1,3.926638365E-1,1.829310954E-1,-1.041371584E0
2.008851938E1,4.647458792E-1,1.743789613E-1,-1.062140942E0
2.009086641E1,5.514886975E-1,1.548312902E-1,-1.081688643E0
2.009321427E1,6.467835903E-1,1.365053654E-1,-1.095127702E0
2.009556130E1,7.567391992E-1,1.010752097E-1,-1.104901552E0
2.009790760E1,8.605862260E-1,6.931023300E-2,-1.115897059E0
2.010025464E1,9.852025509E-1,1.433241367E-2,-1.120784044E0
2.010260250E1,1.104932070E0,-3.575849533E-2,-1.124449253E0
2.010494953E1,1.224661589E0,-8.829285949E-2,-1.125670910E0
2.010729583E1,1.351721406E0,-1.506010592E-1,-1.120784044E0
2.010964286E1,1.470229149E0,-2.043571472E-1,-1.109788418E0
2.011199073E1,1.587515235E0,-2.617784441E-1,-1.086575627E0
2.011433776E1,1.710909843E0,-3.228649199E-1,-1.051145434E0
2.011668406E1,1.820865512E0,-3.753992915E-1,-1.013271809E0
2.011903109E1,1.925934196E0,-4.279336631E-1,-9.741765261E-1
2.012137896E1,2.029781342E0,-4.865766764E-1,-9.314160347E-1
2.012372599E1,2.120189428E0,-5.415545106E-1,-8.935424089E-1
2.012607229E1,2.209375620E0,-6.001974940E-1,-8.581122160E-1
2.012841932E1,2.290009737E0,-6.527318954E-1,-8.239037991E-1
2.013076719E1,2.363313437E0,-6.967141628E-1,-7.884736657E-1
2.013311422E1,2.437839031E0,-7.297008634E-1,-7.567086816E-1
2.013546047E1,2.511142731E0,-7.578006387E-1,-7.249437571E-1
2.013780760E1,2.583224773E0,-7.834569216E-1,-6.992874146E-1
2.014015542E1,2.652863264E0,-7.907872796E-1,-6.772962809E-1
2.014250240E1,2.722501993E0,-7.749048471E-1,-6.626355052E-1
2.014484870E1,2.793362379E0,-7.480267882E-1,-6.565268636E-1
2.014719583E1,2.871552944E0,-7.162618041E-1,-6.577486396E-1
2.014954365E1,2.947300196E0,-6.771664619E-1,-6.724093556E-1
2.015189062E1,3.031599522E0,-6.344059110E-1,-6.956222057E-1
2.015423693E1,3.111011982E0,-5.745412111E-1,-7.347175479E-1
2.015658406E1,3.206306696E0,-5.317806602E-1,-7.872519493E-1
2.015893188E1,3.293049574E0,-4.670290053E-1,-8.617774248E-1
2.016127885E1,3.374905586E0,-3.900600374E-1,-9.570723176E-1
2.016362516E1,3.453096151E0,-2.996520698E-1,-1.069471359E0
2.016597229E1,3.516626120E0,-1.799225509E-1,-1.195309520E0
2.016832010E1,3.563051701E0,-1.132390462E-2,-1.327256322E0
2.017066708E1,3.615586281E0,1.462791860E-1,-1.453094482E0
2.017301338E1,3.654681444E0,3.368689716E-1,-1.582597733E0
2.017536052E1,3.674229145E0,5.580019951E-1,-1.716987967E0
2.017770833E1,3.690111637E0,7.803567648E-1,-1.850156546E0
2.018005531E1,3.696220398E0,1.008820176E0,-1.969885945E0
2.018240161E1,3.690111637E0,1.245835662E0,-2.049298286E0
2.018474875E1,3.671785831E0,1.477964282E0,-2.071289539E0
2.018709656E1,3.648572922E0,1.688101768E0,-2.019976854E0
2.018944354E1,3.598481894E0,1.912899971E0,-1.921016812E0
2.019178984E1,3.530065060E0,2.151137352E0,-1.782961369E0
2.019413688E1,3.454317808E0,2.378378868E0,-1.620471358E0
2.019648474E1,3.373683691E0,2.587294817E0,-1.435990214E0
2.019883177E1,3.275945425E0,2.754671574E0,-1.239291787E0
2.020117807E1,3.165989637E0,2.891505241E0,-1.042593360E0
2.020352510E1,3.042595148E0,3.013678312E0,-8.642209172E-1
2.020587297E1,2.904539585E0,3.135851145E0,-7.102829814E-1
2.020822000E1,2.788475275E0,3.234811306E0,-5.856665969E-1
2.021056630E1,2.710284710E0,3.293454409E0,-5.001454949E-1
2.021291333E1,2.677298069E0,3.276350021E0,-4.451676607E-1
2.021526120E1,2.694402218E0,3.165172815E0,-4.097374976E-1
2.021760823E1,2.720058441E0,3.006347895E0,-3.889681101E-1
2.021995453E1,2.773814678E0,2.783993244E0,-3.657552600E-1
2.022230156E1,2.827570677E0,2.570190430E0,-3.413206637E-1
2.022464943E1,2.893543959E0,2.373492002E0,-2.997818589E-1
2.022699646E1,2.977843523E0,2.211002111E0,-2.472474724E-1
2.022934276E1,3.074360132E0,2.057064056E0,-1.824958324E-1
2.023168979E1,3.179428816E0,1.921452045E0,-1.177441776E-1
2.023403766E1,3.290606260E0,1.779731393E0,-6.032289192E-2
2.023638469E1,3.401783466E0,1.618463159E0,-1.023198385E-2
2.023873099E1,3.493413210E0,1.464525223E0,2.886335924E-2
2.024107802E1,3.575269222E0,1.303256989E0,6.551523507E-2
2.024342588E1,3.637577295E0,1.127327919E0,9.850192815E-2
2.024577292E1,3.681559563E0,9.330729246E-1,1.229365245E-1
2.024811917E1,3.710880995E0,7.253789306E-1,1.437059343E-1
2.025046630E1,3.725541830E0,5.091328025E-1,1.730274409E-1
2.025281411E1,3.720654964E0,3.454210758E-1,2.047923952E-1
2.025516109E1,3.712102890E0,2.403523624E-1,2.292269915E-1
2.025750740E1,3.687668324E0,1.914831996E-1,2.328921854E-1
2.025985453E1,3.654681444E0,1.572747529E-1,2.231183350E-1
2.026220234E1,3.620473146E0,1.279532611E-1,1.999054849E-1
2.026454932E1,3.574047327E0,9.618828446E-2,1.705839783E-1
2.026689562E1,3.520291328E0,5.098429695E-2,1.388190091E-1
2.026924276E1,3.470200300E0,1.799760386E-2,1.204930618E-1
2.027159057E1,3.418887854E0,1.921933144E-2,1.131626889E-1
2.027393755E1,3.381014109E0,2.899316698E-2,1.204930618E-1
2.027628385E1,3.362688065E0,1.188895479E-2,1.302669048E-1
2.027863099E1,3.355357885E0,-8.880445734E-3,1.375972778E-1
2.028097880E1,3.374905586E0,-3.209330514E-2,1.510363072E-1
2.028332578E1,3.415222645E0,-4.308886826E-2,1.718057096E-1
2.028567208E1,3.473865509E0,-6.507999450E-2,1.962402910E-1
2.028801922E1,3.558164835E0,-1.066187993E-1,2.218966186E-1
2.029036703E1,3.652238131E0,-1.591531634E-1,2.499963939E-1
2.029271401E1,3.737759113E0,-1.958050430E-1,2.695440650E-1
2.029506031E1,3.828167200E0,-2.300134599E-1,2.768744528E-1
2.029740734E1,3.901470900E0,-2.397873104E-1,2.585484982E-1
2.029975526E1,3.950340033E0,-2.300134599E-1,2.023489475E-1
2.030210224E1,3.980883598E0,-2.055788934E-1,1.180495992E-1
2.030444854E1,3.996766090E0,-1.823660135E-1,1.908952184E-2
2.030679557E1,3.983326912E0,-1.591531634E-1,-9.453132004E-2
2.030914344E1,3.945453167E0,-1.383837759E-1,-2.118173391E-1
2.031149047E1,3.879479647E0,-1.115057245E-1,-3.266599178E-1
2.031383677E1,3.767080545E0,-6.874518842E-2,-4.476111233E-1
2.031618380E1,3.620473146E0,-3.993527964E-3,-5.612319708E-1
2.031853167E1,3.446987629E0,8.641444892E-2,-6.614137888E-1
2.032087870E1,3.240515232E0,2.049221992E-1,-7.493783236E-1
2.032322500E1,3.013273478E0,3.380906880E-1,-8.202386498E-1
2.032557203E1,2.784810066E0,4.602636397E-1,-8.703295588E-1
2.032791990E1,2.542907715E0,5.616672039E-1,-8.972075582E-1
2.033026693E1,2.301005363E0,6.251971126E-1,-9.057596922E-1
2.033261323E1,2.076207161E0,6.484099627E-1,-9.008727670E-1
2.033496026E1,1.879508495E0,6.251971126E-1,-8.862120509E-1
2.033730812E1,1.706022978E0,5.641106367E-1,-8.715512753E-1
2.033965516E1,1.577741385E0,4.443811476E-1,-8.532253504E-1
2.034200141E1,1.480002999E0,2.831128836E-1,-8.385645747E-1
2.034434854E1,1.400590539E0,8.519271761E-2,-8.202386498E-1
2.034669635E1,1.345612764E0,-1.457141340E-1,-8.006909490E-1
2.034904338E1,1.310182571E0,-4.108294547E-1,-7.774780989E-1
2.035138964E1,1.283304572E0,-6.954923868E-1,-7.518217564E-1
2.035373677E1,1.266200304E0,-9.874857664E-1,-7.261654735E-1
2.035608458E1,1.250317812E0,-1.263596654E0,-7.029526234E-1
2.035843161E1,1.229548454E0,-1.515272856E0,-6.834049225E-1
2.036077786E1,1.219774604E0,-1.749844909E0,-6.626355052E-1
2.036312500E1,1.199005246E0,-1.945321679E0,-6.504182220E-1
2.036547281E1,1.174570680E0,-2.110255003E0,-6.430878639E-1
2.036781979E1,1.157466412E0,-2.243423462E0,-6.369792223E-1
2.037016609E1,1.133031845E0,-2.338718414E0,-6.345357299E-1
2.037251323E1,1.093936443E0,-2.388809204E0,-6.308705807E-1
2.037486104E1,1.070723653E0,-2.415687323E0,-6.210967302E-1
2.037720802E1,1.032850027E0,-2.383922338E0,-6.210967302E-1
2.037955432E1,1.010858893E0,-2.342383623E0,-6.149880886E-1
2.038190146E1,9.888677597E-1,-2.266636372E0,-6.064359546E-1
2.038424927E1,9.680984020E-1,-2.159124136E0,-6.027708054E-1
2.038659625E1,9.522159100E-1,-2.035729408E0,-5.966621637E-1
2.038894255E1,9.473289847E-1,-1.905004501E0,-5.881100297E-1
2.039128958E1,9.412203431E-1,-1.751066685E0,-5.832231045E-1
2.039363750E1,9.387769103E-1,-1.593463540E0,-5.783361793E-1
2.039598448E1,9.436638355E-1,-1.446856022E0,-5.722275376E-1
2.039833078E1,9.509941936E-1,-1.295361519E0,-5.661188960E-1
2.040067781E1,9.546594024E-1,-1.138980150E0,-5.551233292E-1
2.040302568E1,9.509941936E-1,-9.777119160E-1,-5.416843295E-1
2.040537271E1,9.473289847E-1,-8.054480553E-1,-5.233584046E-1
2.040771901E1,9.461072683E-1,-6.454014778E-1,-4.989237785E-1
2.041006604E1,9.473289847E-1,-4.975722432E-1,-4.720457196E-1
2.041241391E1,9.497724771E-1,-3.766210377E-1,-4.439459443E-1
2.041476094E1,9.497724771E-1,-2.666653693E-1,-4.158461690E-1
2.041710724E1,9.497724771E-1,-1.713704467E-1,-3.877463639E-1
2.041945427E1,9.387769103E-1,-8.218421787E-2,-3.608683348E-1
2.042180214E1,9.338899851E-1,-1.010217518E-2,-3.327685595E-1
2.042414917E1,9.192292094E-1,5.953640118E-2,-3.034470379E-1
2.042649547E1,8.960163593E-1,1.218446121E-1,-2.753472626E-1
2.042884250E1,8.764687181E-1,1.487226486E-1,-2.386953831E-1
2.043119036E1,8.495906591E-1,1.768224239E-1,-2.008217722E-1
2.043353740E1,8.117170334E-1,1.975918412E-1,-1.617264301E-1
2.043588370E1,7.738434076E-1,2.073656619E-1,-1.201876402E-1
2.043823073E1,7.298611999E-1,2.110308707E-1,-7.498364896E-2
2.044057859E1,6.858789325E-1,1.975918412E-1,-2.733619511E-2
2.044292562E1,6.296793818E-1,1.914831996E-1,1.664606296E-2
2.044527188E1,5.710363388E-1,1.780441701E-1,6.185005233E-2
2.044761901E1,5.062846541E-1,1.560530365E-1,1.082757637E-1
2.044996682E1,4.451982081E-1,1.242880747E-1,1.534797698E-1
2.045231380E1,3.767813742E-1,9.374482185E-2,1.986837536E-1
2.045466010E1,3.095862567E-1,5.709294602E-2,2.438877523E-1
2.045700724E1,2.399476618E-1,1.433241367E-2,2.854265571E-1
2.045935505E1,1.764177233E-1,-3.331503272E-2,3.294087946E-1
2.046170203E1,1.092226133E-1,-6.752345711E-2,3.709475994E-1
2.046404833E1,3.958404064E-2,-9.928842634E-2,4.112646878E-1
2.046639547E1,-3.127627075E-2,-1.273882091E-1,4.479165673E-1
2.046874328E1,-9.724965692E-2,-1.457141340E-1,4.809032679E-1
2.047109026E1,-1.693317145E-1,-1.493793130E-1,5.151116252E-1
2.047343656E1,-2.316399068E-1,-1.640400887E-1,5.542069674E-1
2.047578370E1,-2.927263677E-1,-1.799225509E-1,5.884154439E-1
2.047813151E1,-3.562563062E-1,-1.835877597E-1,6.165152192E-1
2.048047849E1,-4.271166027E-1,-1.884746552E-1,6.336194277E-1
2.048282479E1,-5.004203916E-1,-1.921398640E-1,6.470584273E-1
2.048517193E1,-5.859414339E-1,-2.006919682E-1,6.568322778E-1
2.048751974E1,-6.775711179E-1,-2.263482809E-1,6.653843522E-1
2.048986672E1,-7.777529359E-1,-2.715522945E-1,6.751582026E-1
2.049221302E1,-8.925955296E-1,-3.326387703E-1,6.751582026E-1
2.049456005E1,-1.013546705E0,-4.315988421E-1,6.739364862E-1
2.049690797E1,-1.139384985E0,-5.501065850E-1,6.666061282E-1
2.049925495E1,-1.273775220E0,-6.857185960E-1,6.543887854E-1
2.050160125E1,-1.413052320E0,-8.298826218E-1,6.323976517E-1
2.050394828E1,-1.546220779E0,-9.667163491E-1,6.042978764E-1
2.050629620E1,-1.670837283E0,-1.079115510E0,5.664243102E-1
2.050864318E1,-1.779571176E0,-1.142645359E0,5.261071920E-1
2.051098948E1,-1.866313934E0,-1.156084418E0,4.857901633E-1
2.051333651E1,-1.927400470E0,-1.116989017E0,4.503600299E-1
2.051568438E1,-1.954278469E0,-1.026581049E0,4.210385084E-1
2.051803141E1,-1.948169827E0,-8.873039484E-1,3.990473747E-1
2.052037771E1,-1.907852769E0,-7.077097297E-1,3.782779872E-1
2.052272474E1,-1.827218652E0,-5.012373924E-1,3.538433909E-1
2.052507260E1,-1.706267357E0,-2.874347866E-1,3.318522573E-1
2.052741964E1,-1.551107764E0,-6.996691972E-2,3.061959445E-1
2.052976594E1,-1.362961411E0,1.230663434E-1,2.854265571E-1
2.053211297E1,-1.141828418E0,2.782259583E-1,2.719875276E-1
2.053446083E1,-8.877086043E-1,3.967337012E-1,2.622136772E-1
2.053680786E1,-6.164847016E-1,4.737026691E-1,2.499963939E-1
2.053915411E1,-3.208261430E-1,4.956938028E-1,2.402225584E-1
2.054150125E1,-2.761108242E-2,4.969155192E-1,2.231183350E-1
2.054384906E1,2.619388103E-1,4.675940275E-1,1.986837536E-1
2.054619609E1,5.307192802E-1,4.358290434E-1,1.730274409E-1
2.054854234E1,7.652913332E-1,3.967337012E-1,1.485928446E-1
2.055088948E1,9.742070436E-1,3.466427922E-1,1.363755465E-1
2.055323729E1,1.153801203E0,2.794476748E-1,1.412624717E-1
2.055558432E1,1.290634871E0,1.902614534E-1,1.522580385E-1
2.055793057E1,1.393260241E0,7.541888952E-2,1.644753218E-1
2.056027771E1,1.470229149E0,-7.363210618E-2,1.742491722E-1
2.056262552E1,1.508102775E0,-2.214613557E-1,1.791360825E-1
2.056497250E1,1.523985267E0,-3.766210377E-1,1.828012764E-1
2.056731880E1,1.517876625E0,-5.232285857E-1,1.815795451E-1
2.056966594E1,1.501994133E0,-6.515101790E-1,1.730274409E-1
2.057201375E1,1.475116134E0,-7.516919374E-1,1.522580385E-1
2.057436073E1,1.448238015E0,-8.347695470E-1,1.241582558E-1
2.057670703E1,1.406699181E0,-8.714214563E-1,8.384118229E-2
2.057905406E1,1.359051824E0,-8.897473812E-1,4.474584013E-2
2.058140198E1,1.301630497E0,-8.787518144E-1,1.175914612E-2
2.058374896E1,1.242987514E0,-8.543172479E-1,-1.511890069E-2
2.058609526E1,1.175792336E0,-8.164436221E-1,-3.711003065E-2
2.058844229E1,1.102488637E0,-7.651309967E-1,-5.543597415E-2
2.059079021E1,1.010858893E0,-6.881620288E-1,-7.131846249E-2
2.059313719E1,9.106771350E-1,-5.892019272E-1,-7.987056673E-2
2.059548349E1,8.056083918E-1,-4.755811095E-1,-8.353575319E-2
2.059783052E1,7.005396485E-1,-3.472995162E-1,-7.987056673E-2
2.060017844E1,6.040230393E-1,-2.385655940E-1,-6.398808211E-2
2.060252542E1,5.160585046E-1,-1.603748798E-1,-4.444040731E-2
2.060487172E1,4.390895665E-1,-1.249447390E-1,-2.000581846E-2
2.060721875E1,3.853334785E-1,-1.383837759E-1,1.053741667E-2
2.060956661E1,3.584554195E-1,-1.982485056E-1,4.841103032E-2
2.061191365E1,3.584554195E-1,-2.886565030E-1,8.872809261E-2
2.061425995E1,3.841117322E-1,-4.267119467E-1,1.290451735E-1
2.061660698E1,4.170984328E-1,-5.916454196E-1,1.595884115E-1
2.061895484E1,4.561937749E-1,-7.687962055E-1,1.864664555E-1
2.062130188E1,4.916239679E-1,-9.630511403E-1,2.182314247E-1
2.062364818E1,5.087281466E-1,-1.152419209E0,2.561050355E-1
2.062599521E1,5.148367882E-1,-1.325904846E0,3.013090193E-1
2.062834307E1,5.026195049E-1,-1.471290588E0,3.477347493E-1
2.063069010E1,4.830718338E-1,-1.608124256E0,3.917170167E-1
2.063303641E1,4.610807002E-1,-1.730297208E0,4.271471500E-1
2.063538344E1,4.403112829E-1,-1.852470160E0,4.491382837E-1
2.063773130E1,4.207636118E-1,-1.985638738E0,4.613555968E-1
2.064007828E1,4.012159407E-1,-2.110255003E0,4.625773132E-1
2.064242458E1,3.963290453E-1,-2.248310328E0,4.589121342E-1
2.064477172E1,3.828900158E-1,-2.359487772E0,4.418079257E-1
2.064711953E1,3.718944490E-1,-2.440121889E0,4.137081206E-1
2.064946651E1,3.596771657E-1,-2.485325813E0,3.709475994E-1
2.065181281E1,3.389077485E-1,-2.480438948E0,3.220784366E-1
2.065415995E1,3.132514358E-1,-2.429126263E0,2.768744528E-1
2.065650776E1,2.778212726E-1,-2.326501131E0,2.267835289E-1
2.065885474E1,2.313955575E-1,-2.186002254E0,1.693622470E-1
2.066120104E1,1.825263649E-1,-2.016181707E0,1.094974950E-1
2.066354818E1,1.251050979E-1,-1.820705175E0,5.085448548E-2
2.066589599E1,7.623592019E-2,-1.628893733E0,-4.581485409E-4
2.066824297E1,2.858847193E-2,-1.429751754E0,-4.932732508E-2
2.067058927E1,-2.761108242E-2,-1.211062193E0,-1.055268869E-1
2.067293641E1,-8.258890361E-2,-9.887074232E-1,-1.666133553E-1
2.067528422E1,-1.424536407E-1,-7.626875043E-1,-2.386953831E-1
2.067763120E1,-2.182008773E-1,-5.330023766E-1,-3.156643510E-1
2.067997750E1,-3.000567555E-1,-3.082041740E-1,-3.987419307E-1
2.068232453E1,-3.831343353E-1,-9.928842634E-2,-4.842630029E-1
2.068467245E1,-4.747640491E-1,1.035186574E-1,-5.697841048E-1
2.068701943E1,-5.663937926E-1,2.977736294E-1,-6.577486396E-1
2.068936573E1,-6.506931186E-1,4.688157439E-1,-7.457131147E-1
2.069171276E1,-7.337706685E-1,6.203101873E-1,-8.300124407E-1
2.069406068E1,-8.046309948E-1,7.351527810E-1,-9.057596922E-1
2.069640766E1,-8.632740378E-1,7.974609733E-1,-9.668461680E-1
2.069875396E1,-9.133649468E-1,8.133434653E-1,-1.005941391E0
2.070110099E1,-9.573472142E-1,7.974609733E-1,-1.019380450E0
2.070344885E1,-9.952208400E-1,7.510352731E-1,-1.005941391E0
2.070579588E1,-1.036759615E0,7.033877969E-1,-9.729548097E-1
2.070814219E1,-1.084407091E0,6.496316791E-1,-9.216421843E-1
2.071048922E1,-1.130832791E0,5.922104120E-1,-8.593339920E-1
2.071283708E1,-1.180923700E0,5.262370110E-1,-7.921388745E-1
2.071518411E1,-1.238345027E0,4.553767145E-1,-7.225002646E-1
2.071753042E1,-1.285992503E0,3.686339259E-1,-6.430878639E-1
2.071987745E1,-1.332418203E0,2.794476748E-1,-5.575668216E-1
2.072222531E1,-1.376400471E0,1.865962744E-1,-4.659370482E-1
2.072457234E1,-1.405721903E0,7.908406854E-2,-3.730856180E-1
2.072691859E1,-1.421604395E0,-3.331503272E-2,-2.753472626E-1
2.072926573E1,-1.428934813E0,-1.432706714E-1,-1.800523698E-1
2.073161354E1,-1.420382738E0,-2.581132650E-1,-8.353575319E-2
2.073396057E1,-1.397169828E0,-3.534081578E-1,4.428769462E-3
2.073630682E1,-1.367848396E0,-4.169380963E-1,8.872809261E-2
2.073865396E1,-1.312870502E0,-4.706941843E-1,1.742491722E-1
2.074100177E1,-1.240788460E0,-4.804680347E-1,2.646571398E-1
2.074334875E1,-1.156489134E0,-4.609203637E-1,3.562868536E-1
2.074569505E1,-1.069746375E0,-4.083859921E-1,4.503600299E-1
2.074804219E1,-9.866686463E-1,-3.265301287E-1,5.407679677E-1
2.075039000E1,-8.938172460E-1,-2.458959818E-1,6.275107861E-1
2.075273698E1,-8.107396364E-1,-1.689269841E-1,7.044796944E-1
2.075508328E1,-7.337706685E-1,-1.066187993E-1,7.655661702E-1
2.075743042E1,-6.702407598E-1,-5.408443511E-2,8.107701540E-1
2.075977823E1,-6.238150597E-1,-3.087157756E-2,8.462003469E-1
2.076212521E1,-5.957152843E-1,-1.132390462E-2,8.791870475E-1
2.076447151E1,-5.761675835E-1,-1.621082425E-2,9.304996729E-1
2.076681854E1,-5.651720166E-1,-2.354119718E-2,9.940295815E-1
2.076916646E1,-5.627285838E-1,-1.865427941E-2,1.064889908E0
2.077151344E1,-5.578416586E-1,-5.215257406E-3,1.132085085E0
2.077385974E1,-5.639503002E-1,3.754527494E-2,1.182175994E0
2.077620677E1,-5.773892999E-1,7.908406854E-2,1.222493052E0
2.077855469E1,-6.030456424E-1,1.169576868E-1,1.259144902E0
2.078090167E1,-6.360323429E-1,1.499443948E-1,1.289688230E0
2.078324797E1,-6.751276851E-1,1.731572449E-1,1.308014154E0
2.078559500E1,-7.325489521E-1,2.330220044E-1,1.301905513E0
2.078794286E1,-8.095179200E-1,3.246516585E-1,1.270140529E0
2.079028990E1,-9.048128128E-1,4.150596559E-1,1.223714828E0
2.079263620E1,-1.008659720E0,4.761461318E-1,1.171180367E0
2.079498323E1,-1.114950299E0,5.091328025E-1,1.116202593E0
2.079733109E1,-1.221240759E0,5.005807281E-1,1.068555117E0
2.079967812E1,-1.338526845E0,4.737026691E-1,1.028238058E0
2.080202443E1,-1.450925946E0,4.260552227E-1,9.989165664E-1
2.080437146E1,-1.562103271E0,3.661904633E-1,9.830340147E-1
2.080671932E1,-1.672058940E0,2.953301668E-1,9.805905819E-1
2.080906635E1,-1.767353892E0,2.134743035E-1,9.952513576E-1
2.081141260E1,-1.850431442E0,1.291749775E-1,1.016020775E0
2.081375974E1,-1.929843903E0,5.098429695E-2,1.020907640E0
2.081610755E1,-1.994595647E0,-2.720638737E-2,1.003803492E0
2.081845458E1,-2.042242765E0,-9.806669503E-2,9.793688655E-1
2.082080083E1,-2.087446928E0,-1.298316717E-1,9.561559558E-1
2.082314797E1,-2.114324808E0,-1.542662382E-1,9.414952397E-1
2.082549578E1,-2.141202927E0,-1.677052677E-1,9.329431057E-1
2.082784276E1,-2.161972284E0,-1.725921929E-1,9.366083145E-1
2.083018906E1,-2.186406851E0,-1.579314470E-1,9.439386725E-1
2.083253620E1,-2.204732895E0,-1.383837759E-1,9.524908066E-1
2.083488401E1,-2.219393730E0,-1.200578287E-1,9.561559558E-1
2.083723099E1,-2.227945805E0,-1.041753367E-1,9.549342394E-1
2.083957729E1,-2.227945805E0,-1.029536054E-1,9.512690902E-1
2.084192443E1,-2.231611013E0,-9.195805341E-2,9.451603889E-1
2.084427224E1,-2.226723909E0,-7.851902395E-2,9.378300309E-1
2.084661922E1,-2.215728521E0,-7.729729265E-2,9.366083145E-1
2.084896552E1,-2.194959164E0,-9.073632210E-2,9.451603889E-1
2.085131266E1,-2.159528971E0,-1.188360974E-1,9.622645974E-1
2.085366047E1,-2.122877121E0,-1.457141340E-1,9.866992235E-1
2.085600745E1,-2.091112137E0,-1.542662382E-1,1.007468700E0
2.085835375E1,-2.037355900E0,-1.860312223E-1,1.035568476E0
2.086070078E1,-1.972604394E0,-2.520046234E-1,1.072220325E0
2.086304870E1,-1.921291828E0,-2.862130404E-1,1.110093951E0
2.086539568E1,-1.901744127E0,-2.263482809E-1,1.144302368E0
2.086774198E1,-1.918848276E0,-9.317976981E-2,1.172402143E0
2.087008901E1,-1.953056693E0,7.297542691E-2,1.194393277E0
2.087243688E1,-1.992152095E0,2.354654670E-1,1.204167128E0
2.087478391E1,-2.036134243E0,3.735208511E-1,1.204167128E0
2.087713021E1,-2.091112137E0,5.042458773E-1,1.212719202E0
2.087947724E1,-2.170524359E0,6.496316791E-1,1.223714828E0
2.088182510E1,-2.258488894E0,7.889088392E-1,1.215162635E0
2.088417214E1,-2.351340532E0,9.342946410E-1,1.200501919E0
2.088651844E1,-2.436861515E0,1.068684936E0,1.179732561E0
2.088886547E1,-2.517495632E0,1.184749246E0,1.155297995E0
2.089121333E1,-2.590799332E0,1.270270228E0,1.140637159E0
2.089356036E1,-2.657994509E0,1.331356764E0,1.129641652E0
2.089590661E1,-2.721524477E0,1.386334538E0,1.118646026E0
2.089825375E1,-2.783832550E0,1.455973148E0,1.106428742E0
2.090060156E1,-2.841253996E0,1.540272474E0,1.094211459E0
2.090294859E1,-2.902340412E0,1.645341158E0,1.075885534E0
2.090529484E1,-2.951209545E0,1.734527469E0,1.061224818E0
2.090764198E1,-3.004965782E0,1.802944303E0,1.035568476E0
2.090998979E1,-3.039174080E0,1.815161586E0,1.013577342E0
2.091233677E1,-3.072160721E0,1.823713660E0,9.952513576E-1
2.091468307E1,-3.075825930E0,1.842039585E0,9.793688655E-1
2.091703021E1,-3.055056572E0,1.856700420E0,9.537125230E-1
2.091937802E1,-3.018404722E0,1.879913211E0,9.182823896E-1
2.092172500E1,-2.968313694E0,1.897017479E0,8.779652715E-1
2.092407130E1,-2.917001247E0,1.925117254E0,8.339830041E-1
2.092641844E1,-2.859579802E0,1.956882238E0,7.948877215E-1
2.092876625E1,-2.792384863E0,1.993534207E0,7.680096626E-1
2.093111323E1,-2.730076551E0,2.026520967E0,7.435750365E-1
2.093345953E1,-2.682429075E0,2.047290325E0,7.191404700E-1
2.093580667E1,-2.651885748E0,2.048511982E0,6.971493363E-1
2.093815448E1,-2.642112017E0,2.021634102E0,6.763799191E-1
2.094050146E1,-2.654329300E0,1.971542954E0,6.568322778E-1
2.094284776E1,-2.684872627E0,1.914121628E0,6.397280693E-1
2.094519479E1,-2.720302820E0,1.845704794E0,6.189586520E-1
2.094754271E1,-2.759397984E0,1.772401094E0,6.006327271E-1
2.094988969E1,-2.799715042E0,1.692988634E0,5.859719515E-1
2.095223599E1,-2.835145235E0,1.614797950E0,5.737546682E-1
2.095458302E1,-2.870575428E0,1.548824549E0,5.590938926E-1
2.095693089E1,-2.903562069E0,1.484072924E0,5.468766093E-1
2.095927792E1,-2.930440187E0,1.421764731E0,5.346593261E-1
2.096162422E1,-2.952431202E0,1.370452046E0,5.224420428E-1
2.096397125E1,-2.968313694E0,1.316695929E0,5.126681924E-1
2.096631911E1,-2.973200798E0,1.266605020E0,5.102247596E-1
2.096866615E1,-2.970757246E0,1.231174946E0,5.077812672E-1
2.097101245E1,-2.962205172E0,1.203075171E0,5.090029836E-1
2.097335948E1,-2.942657471E0,1.165201545E0,5.126681924E-1
2.097570734E1,-2.917001247E0,1.110223651E0,5.236637592E-1
2.097805438E1,-2.896231651E0,1.057689309E0,5.407679677E-1
2.098040068E1,-2.868131876E0,9.953811169E-1,5.713111758E-1
2.098274771E1,-2.833923578E0,9.135252833E-1,6.030761600E-1
2.098509557E1,-2.782610893E0,7.937957644E-1,6.177369356E-1
2.098744260E1,-2.710528851E0,6.508534551E-1,6.152934432E-1
2.098978885E1,-2.631116390E0,5.176849365E-1,5.994109511E-1
2.099213599E1,-2.549260616E0,3.955119848E-1,5.737546682E-1
2.099448380E1,-2.455187321E0,2.611217797E-1,5.480983257E-1
2.099683078E1,-2.363557816E0,1.328401864E-1,5.224420428E-1
2.099917708E1,-2.273149729E0,2.288452163E-2,4.980074465E-1
2.100152422E1,-2.196180820E0,-6.019308418E-2,4.809032679E-1
2.100387203E1,-2.137537718E0,-1.127274409E-1,4.747945964E-1
2.100621901E1,-2.078894854E0,-1.664835513E-1,4.796815217E-1
2.100856531E1,-2.034912586E0,-2.031354308E-1,4.931205511E-1
2.101091245E1,-2.004369259E0,-2.312352061E-1,5.065595508E-1
2.101326026E1,-1.981156468E0,-2.568915486E-1,5.138899088E-1
2.101560724E1,-1.955500245E0,-2.959868908E-1,5.212202668E-1
2.101795354E1,-1.929843903E0,-3.521864414E-1,5.309941173E-1
2.102030068E1,-1.902965784E0,-4.132729173E-1,5.407679677E-1
2.102264849E1,-1.877309561E0,-4.743593931E-1,5.493201017E-1
2.102499547E1,-1.852874875E0,-5.317806602E-1,5.578721762E-1
2.102734177E1,-1.827218652E0,-5.830932856E-1,5.664243102E-1
2.102968880E1,-1.804005742E0,-6.307407618E-1,5.737546682E-1
2.103203672E1,-1.780792832E0,-6.686143875E-1,5.786415935E-1
2.103438370E1,-1.752693057E0,-6.991575956E-1,5.847502351E-1
2.103673000E1,-1.720928192E0,-7.333660126E-1,5.908588767E-1
2.103907703E1,-1.689163208E0,-7.749048471E-1,6.006327271E-1
2.104142490E1,-1.657398224E0,-8.091132641E-1,6.226238608E-1
2.104377193E1,-1.640293956E0,-8.347695470E-1,6.580539942E-1
2.104611823E1,-1.608529091E0,-8.824170232E-1,7.020362616E-1
2.104846526E1,-1.573098898E0,-9.129602313E-1,7.338012457E-1
2.105081312E1,-1.524229765E0,-9.361730814E-1,7.399098873E-1
2.105316016E1,-1.501016855E0,-9.312862158E-1,7.179187536E-1
2.105550646E1,-1.481469154E0,-9.251775742E-1,6.934841275E-1
2.105785349E1,-1.477803946E0,-9.044081569E-1,6.714929938E-1
2.106020135E1,-1.482690930E0,-8.763083816E-1,6.604974270E-1
2.106254839E1,-1.499795079E0,-8.311043978E-1,6.556105614E-1
2.106489464E1,-1.512012362E0,-7.920090556E-1,6.678278446E-1
2.106724177E1,-1.527894855E0,-7.455832958E-1,6.837103367E-1
2.106958958E1,-1.544999123E0,-6.906055212E-1,7.020362616E-1
2.107193661E1,-1.557216406E0,-6.368494034E-1,7.301360369E-1
2.107428286E1,-1.554772973E0,-5.892019272E-1,7.631227374E-1
2.107663000E1,-1.546220779E0,-5.342241526E-1,8.009963632E-1
2.107897781E1,-1.527894855E0,-4.816897511E-1,8.413134217E-1
2.108132484E1,-1.492464781E0,-4.364857674E-1,8.840739131E-1
2.108367109E1,-1.441152096E0,-3.937252462E-1,9.268344641E-1
2.108601823E1,-1.382509112E0,-3.509646952E-1,9.695950150E-1
2.108836604E1,-1.317757487E0,-3.020955324E-1,1.008690357E0
2.109071302E1,-1.240788460E0,-2.581132650E-1,1.052672625E0
2.109305932E1,-1.157710910E0,-2.190178931E-1,1.095433235E0
2.109540646E1,-1.072189808E0,-1.725921929E-1,1.129641652E0
2.109775427E1,-9.781165719E-1,-1.188360974E-1,1.152854443E0
2.110010125E1,-8.889303207E-1,-5.530615896E-2,1.168736935E0
2.110244755E1,-8.034092784E-1,1.433241367E-2,1.178510785E0
2.110479469E1,-7.215533853E-1,8.030579984E-2,1.188284636E0
2.110714250E1,-6.519148350E-1,1.499443948E-1,1.194393277E0
2.110948948E1,-5.920500755E-1,2.134743035E-1,1.196836710E0
2.111183578E1,-5.358505249E-1,2.757824957E-1,1.190728068E0
2.111418281E1,-4.906465411E-1,3.515297174E-1,1.177289009E0
2.111653073E1,-4.637684822E-1,4.346073270E-1,1.155297995E0
2.111887771E1,-4.393339157E-1,5.201283693E-1,1.135750294E0
2.112122401E1,-4.381121695E-1,5.970973372E-1,1.116202593E0
2.112357104E1,-4.491077363E-1,6.667358875E-1,1.095433235E0
2.112591891E1,-4.515511990E-1,7.119399309E-1,1.074663758E0
2.112826594E1,-4.698771238E-1,7.559221387E-1,1.049007416E0
2.113061224E1,-4.882031083E-1,7.766915560E-1,1.018464208E0
2.113295927E1,-5.114159584E-1,7.876871228E-1,9.793688655E-1
2.113530714E1,-5.321853161E-1,7.889088392E-1,9.304996729E-1
2.113765417E1,-5.639503002E-1,7.803567648E-1,8.743001223E-1
2.114000047E1,-5.896066427E-1,7.656959891E-1,8.144353628E-1
2.114234750E1,-6.042673588E-1,7.424831390E-1,7.484619617E-1
2.114469536E1,-6.140412092E-1,7.168267965E-1,6.763799191E-1
2.114704240E1,-6.274802089E-1,7.009443641E-1,6.006327271E-1
2.114938870E1,-6.311454177E-1,6.826183796E-1,5.224420428E-1
2.115173573E1,-6.274802089E-1,6.679576635E-1,4.442513585E-1
2.115408359E1,-6.225933433E-1,6.557403803E-1,3.672824204E-1
2.115643063E1,-6.103760004E-1,6.410796046E-1,2.976438403E-1
2.115877688E1,-5.957152843E-1,6.349709630E-1,2.304487228E-1
2.116112401E1,-5.700589418E-1,6.190884709E-1,1.718057096E-1
2.116347182E1,-5.431808829E-1,6.032059789E-1,1.143844128E-1
2.116581885E1,-5.138593912E-1,5.873234868E-1,6.185005233E-2
2.116816510E1,-4.772075415E-1,5.653323531E-1,1.175914612E-2
2.117051224E1,-4.454425573E-1,5.494499207E-1,-3.588830307E-2
2.117286005E1,-4.124558568E-1,5.299022198E-1,-8.475748450E-2
2.117520703E1,-3.794691563E-1,5.042458773E-1,-1.348483860E-1
2.117755333E1,-3.428172767E-1,4.663722813E-1,-1.849392951E-1
2.117990047E1,-3.134957552E-1,4.456028938E-1,-2.423605770E-1
2.118224828E1,-2.805090845E-1,4.052858055E-1,-2.997818589E-1
2.118459526E1,-2.450789362E-1,3.686339259E-1,-3.620900512E-1
2.118694156E1,-2.157574147E-1,3.368689716E-1,-4.305069149E-1
2.118928870E1,-1.839924604E-1,3.038822711E-1,-5.001454949E-1
2.119163651E1,-1.497840434E-1,2.684521079E-1,-5.661188960E-1
2.119398349E1,-1.180190593E-1,2.354654670E-1,-6.272053719E-1
2.119632979E1,-8.747582138E-2,2.037004828E-1,-6.858484149E-1
2.119867682E1,-5.204567313E-2,1.609399617E-1,-7.347175479E-1
2.120102469E1,-2.028070576E-2,1.084055826E-1,-7.738128901E-1
2.120337172E1,1.514944993E-2,5.464948341E-2,-8.067995906E-1
2.120571802E1,5.424479395E-2,-8.880445734E-3,-8.300124407E-1
2.120806505E1,8.478803188E-2,-6.507999450E-2,-8.507818580E-1
2.121041292E1,1.165530011E-1,-1.066187993E-1,-8.703295588E-1
2.121275995E1,1.556483358E-1,-1.542662382E-1,-8.849902749E-1
2.121510625E1,1.971871406E-1,-2.006919682E-1,-8.996510506E-1
2.121745328E1,2.387259156E-1,-2.446742356E-1,-9.143118262E-1
2.121980115E1,2.924820185E-1,-2.910999656E-1,-9.240856171E-1
2.122214818E1,3.608988822E-1,-3.375256956E-1,-9.216421843E-1
2.122449448E1,4.390895665E-1,-3.753992915E-1,-9.094249010E-1
2.122684151E1,5.307192802E-1,-4.071642756E-1,-8.874337673E-1
2.122918938E1,6.296793818E-1,-4.315988421E-1,-8.556687832E-1
2.123153641E1,7.469654083E-1,-4.719159305E-1,-8.153517246E-1
2.123388266E1,8.691383004E-1,-5.134547353E-1,-7.750346661E-1
2.123622979E1,1.004750252E0,-5.672107935E-1,-7.322741151E-1
2.123857760E1,1.145249128E0,-6.234103441E-1,-6.895135641E-1
2.124092458E1,1.282082796E0,-6.686143875E-1,-6.491965055E-1
2.124327088E1,1.442129374E0,-7.394746542E-1,-6.052142382E-1
2.124561802E1,1.592402101E0,-7.956742048E-1,-5.673406124E-1
2.124796583E1,1.742674828E0,-8.506520391E-1,-5.367974043E-1
2.125031281E1,1.889282346E0,-9.019646645E-1,-5.099193454E-1
2.125265911E1,2.029781342E0,-9.471686482E-1,-4.928151071E-1
2.125500625E1,2.161728144E0,-9.764901996E-1,-4.867064655E-1
2.125735406E1,2.292453289E0,-9.972594976E-1,-4.915933907E-1
2.125970104E1,2.418291330E0,-1.008255124E0,-5.074759126E-1
2.126204734E1,2.529468775E0,-1.003368258E0,-5.355756879E-1
2.126439448E1,2.635759115E0,-9.935944080E-1,-5.710058212E-1
2.126674229E1,2.729832411E0,-9.752684832E-1,-6.174315214E-1
2.126908927E1,2.814131737E0,-9.508338571E-1,-6.736310720E-1
2.127143557E1,2.892322302E0,-9.154037237E-1,-7.322741151E-1
2.127378260E1,2.957073927E0,-8.653128147E-1,-8.031344414E-1
2.127613047E1,3.008386612E0,-7.981176972E-1,-8.776599169E-1
2.127847750E1,3.054812431E0,-7.235921621E-1,-9.595158100E-1
2.128082380E1,3.092685938E0,-6.429580450E-1,-1.041371584E0
2.128317083E1,3.123229265E0,-5.488848686E-1,-1.122005701E0
2.128551870E1,3.148885489E0,-4.462596178E-1,-1.197752953E0
2.128786573E1,3.152550697E0,-3.228649199E-1,-1.273500204E0
2.129021203E1,3.150107145E0,-1.945833266E-1,-1.346803904E0
2.129255906E1,3.142776966E0,-6.996691972E-2,-1.416442513E0
2.129490693E1,3.122007370E0,6.686678529E-2,-1.490967989E0
2.129725396E1,3.098794699E0,2.085874081E-1,-1.571602225E0
2.129960026E1,3.074360132E0,3.490862548E-1,-1.662010193E0
2.130194729E1,3.047482014E0,4.798113108E-1,-1.760970235E0
2.130429516E1,3.009608269E0,6.166450381E-1,-1.872147679E0
2.130664219E1,2.971734762E0,7.510352731E-1,-1.980881572E0
2.130898849E1,2.928974152E0,8.768733740E-1,-2.090837240E0
2.131133552E1,2.877661705E0,1.001489758E0,-2.189797163E0
2.131368338E1,2.815353394E0,1.143210411E0,-2.271653175E0
2.131603042E1,2.744493008E0,1.289817929E0,-2.322965860E0
2.131837667E1,2.660193682E0,1.448642731E0,-2.343735218E0
2.132072380E1,2.566120625E0,1.633123875E0,-2.324187517E0
2.132307161E1,2.459830046E0,1.846926570E0,-2.260657549E0
2.132541865E1,2.332770348E0,2.085163832E0,-2.159254074E0
2.132776490E1,2.183719158E0,2.336840153E0,-2.027307272E0
2.133011203E1,2.037111759E0,2.539647341E0,-1.878256321E0
2.133245984E1,1.897834420E0,2.687476635E0,-1.719431400E0
2.133480682E1,1.764665961E0,2.791323423E0,-1.549611092E0
2.133715312E1,1.644936442E0,2.857296944E0,-1.371238589E0
2.133950026E1,1.543532968E0,2.907387733E0,-1.189200878E0
2.134184807E1,1.464120507E0,2.948926687E0,-1.010828376E0
2.134419505E1,1.399368882E0,3.002682686E0,-8.507818580E-1
2.134654135E1,1.372490764E0,3.046664953E0,-7.225002646E-1
2.134888849E1,1.399368882E0,3.029560804E0,-6.296488643E-1
2.135123630E1,1.475116134E0,2.952591896E0,-5.722275376E-1
2.135358328E1,1.577741385E0,2.880509853E0,-5.429060459E-1
2.135592958E1,1.695027351E0,2.834084034E0,-5.282452703E-1
2.135827661E1,1.817200303E0,2.824310303E0,-5.184714794E-1
2.136062448E1,1.956477523E0,2.783993244E0,-4.964802861E-1
2.136297151E1,2.095754862E0,2.708245993E0,-4.708239734E-1
2.136531781E1,2.236253738E0,2.604398966E0,-4.353938401E-1
2.136766484E1,2.388969898E0,2.488334656E0,-3.999636769E-1
2.137001271E1,2.546572924E0,2.367383480E0,-3.645335138E-1
2.137235974E1,2.702954292E0,2.240323544E0,-3.376554847E-1
2.137470604E1,2.861779213E0,2.091272593E0,-3.156643510E-1
2.137705307E1,3.002278090E0,1.931225896E0,-2.924514711E-1
2.137940094E1,3.120785713E0,1.766292453E0,-2.704603374E-1
2.138174797E1,3.230741501E0,1.574480891E0,-2.460257709E-1
2.138409427E1,3.313818932E0,1.385112882E0,-2.264780998E-1
2.138644130E1,3.374905586E0,1.201853395E0,-2.105956078E-1
2.138878917E1,3.421331167E0,1.013707042E0,-1.947131306E-1
2.139113620E1,3.455539703E0,8.170086145E-1,-1.702785343E-1
2.139348245E1,3.466535091E0,6.227536798E-1,-1.629481614E-1
2.139582958E1,3.477530718E0,4.272769392E-1,-1.605046988E-1
2.139817740E1,3.466535091E0,2.782259583E-1,-1.531743258E-1
2.140052443E1,3.456761360E0,1.389488280E-1,-1.250745505E-1
2.140287068E1,3.455539703E0,2.044105902E-2,-9.086613357E-2
2.140521781E1,3.459204912E0,-7.363210618E-2,-6.276635081E-2
2.140756562E1,3.482417583E0,-1.664835513E-1,-4.077522084E-2
2.140991260E1,3.520291328E0,-2.593349814E-1,-2.367100865E-2
2.141225891E1,3.577712536E0,-3.607385457E-1,-1.389717311E-2
2.141460604E1,3.655903339E0,-4.633638263E-1,-5.345066078E-3
2.141695385E1,3.743867874E0,-5.354458690E-1,-4.123336636E-3
2.141930083E1,3.844049692E0,-5.684325695E-1,-1.511890069E-2
2.142164714E1,3.950340033E0,-5.513283610E-1,-3.711003065E-2
2.142399417E1,4.063961029E0,-4.804680347E-1,-6.154462323E-2
2.142634208E1,4.161699295E0,-3.338604867E-1,-1.018616930E-1
2.142868906E1,4.230116367E0,-1.066187993E-1,-1.507308632E-1
2.143103536E1,4.271655083E0,1.548312902E-1,-2.423605770E-1
2.143338240E1,4.286315918E0,4.480463564E-1,-3.596465886E-1
2.143573031E1,4.278985500E0,7.351527810E-1,-4.500545859E-1
2.143807729E1,4.244777203E0,9.685031176E-1,-5.160279870E-1
2.144042359E1,4.172695160E0,1.155427694E0,-5.856665969E-1
2.144277062E1,4.062739372E0,1.319139481E0,-6.748528481E-1
2.144511849E1,3.910022974E0,1.452307940E0,-7.554869652E-1
2.144746552E1,3.708437681E0,1.550046325E0,-8.129082322E-1
2.144981182E1,3.468978643E0,1.611132741E0,-8.495601416E-1
2.145215885E1,3.196532965E0,1.639232516E0,-8.642209172E-1
2.145450672E1,2.921643972E0,1.612354517E0,-8.764382005E-1
2.145685375E1,2.645533085E0,1.530498624E0,-8.923206925E-1
2.145920005E1,2.396300077E0,1.385112882E0,-8.984293342E-1
2.146154708E1,2.175167084E0,1.194522977E0,-8.996510506E-1
2.146389495E1,1.987020850E0,9.660596251E-1,-8.959858418E-1
2.146624198E1,1.846521854E0,6.899487972E-1,-8.874337673E-1
2.146858823E1,1.741453052E0,3.649687469E-1,-8.727729917E-1
2.147093536E1,1.663262367E0,-6.436986849E-3,-8.532253504E-1
2.147328318E1,1.598510742E0,-4.010556042E-1,-8.287907243E-1
2.147563021E1,1.545976400E0,-8.225522637E-1,-7.994692326E-1
2.147797646E1,1.490998507E0,-1.234275103E0,-7.677042484E-1
2.148032359E1,1.423803449E0,-1.615454674E0,-7.432696819E-1
2.148267141E1,1.361495256E0,-1.991747260E0,-7.176133394E-1
2.148501838E1,1.286969781E0,-2.303288221E0,-6.992874146E-1
2.148736469E1,1.203892112E0,-2.567181826E0,-6.846266389E-1
2.148971182E1,1.118371129E0,-2.780984402E0,-6.748528481E-1
2.149205964E1,1.026741385E0,-2.949583054E0,-6.699659228E-1
2.149440661E1,9.351117015E-1,-3.072977781E0,-6.663007140E-1
2.149675292E1,8.471472263E-1,-3.156055450E0,-6.650789976E-1
2.149910005E1,7.518523335E-1,-3.187820435E0,-6.687442064E-1
2.150144786E1,6.602225900E-1,-3.189042091E0,-6.687442064E-1
2.150379484E1,5.820319057E-1,-3.160942316E0,-6.687442064E-1
2.150614115E1,5.087281466E-1,-3.097412348E0,-6.724093556E-1
2.150848818E1,4.415330291E-1,-3.002117395E0,-6.797397733E-1
2.151083609E1,3.902204037E-1,-2.879944563E0,-6.858484149E-1
2.151318307E1,3.523467779E-1,-2.747997761E0,-6.907352805E-1
2.151552938E1,3.218035400E-1,-2.584285975E0,-6.980656981E-1
2.151787641E1,3.010341525E-1,-2.410800457E0,-7.017308474E-1
2.152022427E1,2.973689437E-1,-2.232427835E0,-7.053960562E-1
2.152257130E1,2.998124063E-1,-2.049168587E0,-7.102829814E-1
2.152491760E1,3.108079731E-1,-1.859800577E0,-7.127264142E-1
2.152726464E1,3.291339278E-1,-1.678984642E0,-7.115046978E-1
2.152961250E1,3.560119569E-1,-1.512829423E0,-7.053960562E-1
2.153195953E1,3.853334785E-1,-1.356448054E0,-7.005091310E-1
2.153430583E1,4.158767164E-1,-1.206175327E0,-6.944004893E-1
2.153665286E1,4.513068497E-1,-1.073006749E0,-6.846266389E-1
2.153900073E1,4.855153263E-1,-9.532773495E-1,-6.736310720E-1
2.154134776E1,5.185019374E-1,-8.420999646E-1,-6.614137888E-1
2.154369401E1,5.527104139E-1,-7.358095050E-1,-6.455312967E-1
2.154604115E1,5.844753981E-1,-6.454014778E-1,-6.284270883E-1
2.154838896E1,6.089099646E-1,-5.476631522E-1,-6.174315214E-1
2.155073594E1,6.284576058E-1,-4.511465132E-1,-6.039925218E-1
2.155308224E1,6.455618143E-1,-3.595167994E-1,-5.893317461E-1
2.155542938E1,6.590008736E-1,-2.739957571E-1,-5.722275376E-1
2.155777719E1,6.651095152E-1,-1.945833266E-1,-5.514581800E-1
2.156012417E1,6.626660824E-1,-1.176143661E-1,-5.270235538E-1
2.156247047E1,6.516705155E-1,-4.797578603E-2,-4.977020621E-1
2.156481760E1,6.382314563E-1,1.799760386E-2,-4.634936154E-1
2.156716542E1,6.150186062E-1,7.053196430E-2,-4.243982732E-1
2.156951240E1,5.869188309E-1,1.230663434E-1,-3.828594685E-1
2.157185870E1,5.551538467E-1,1.584964991E-1,-3.339902759E-1
2.157420573E1,5.185019374E-1,1.865962744E-1,-2.814559042E-1
2.157655365E1,4.720762670E-1,2.134743035E-1,-2.240346372E-1
2.157890063E1,4.268722832E-1,2.232481539E-1,-1.605046988E-1
2.158124693E1,3.828900158E-1,2.195829749E-1,-9.575305134E-2
2.158359396E1,3.389077485E-1,2.037004828E-1,-3.344484419E-2
2.158594182E1,2.863733768E-1,1.902614534E-1,2.275471017E-2
2.158828885E1,2.326172739E-1,1.817093492E-1,7.406734675E-2
2.159063516E1,1.739742607E-1,1.756007075E-1,1.180495992E-1
2.159298219E1,1.067791507E-1,1.719355285E-1,1.534797698E-1
2.159533005E1,3.836230934E-2,1.609399617E-1,1.889099181E-1
2.159767708E1,-4.593702406E-2,1.511661112E-1,2.182314247E-1
2.160002338E1,-1.424536407E-1,1.413922906E-1,2.426660061E-1
2.160237042E1,-2.438572198E-1,1.169576868E-1,2.646571398E-1
2.160471828E1,-3.550345600E-1,8.152753860E-2,2.854265571E-1
2.160706531E1,-4.772075415E-1,4.365392029E-2,2.976438403E-1
2.160941161E1,-6.030456424E-1,4.558578134E-3,2.988655567E-1
2.161175865E1,-7.374358773E-1,-3.087157756E-2,2.878699899E-1
2.161410651E1,-8.791565299E-1,-7.485383004E-2,2.719875276E-1
2.161645354E1,-1.006216288E0,-1.481575966E-1,2.573267519E-1
2.161879979E1,-1.129611135E0,-2.263482809E-1,2.365573645E-1
2.162114693E1,-1.239566803E0,-3.240866661E-1,2.109010518E-1
2.162349474E1,-1.343413711E0,-4.120511711E-1,1.852447242E-1
2.162584172E1,-1.417939305E0,-4.926853180E-1,1.559232175E-1
2.162818802E1,-1.477803946E0,-5.378893018E-1,1.204930618E-1
2.163053516E1,-1.521786213E0,-5.366675854E-1,7.773253322E-2
2.163288297E1,-1.546220779E0,-4.816897511E-1,3.252854571E-2
2.163522995E1,-1.540112138E0,-3.827296793E-1,-1.267544180E-2
2.163757625E1,-1.504682064E0,-2.361221313E-1,-5.910116062E-2
2.163992339E1,-1.435043454E0,-5.774962157E-2,-1.030834243E-1
2.164227120E1,-1.327531219E0,1.352836192E-1,-1.421787590E-1
2.164461818E1,-1.173593402E0,3.124343753E-1,-1.763871908E-1
2.164696448E1,-9.939990640E-1,4.737026691E-1,-2.081521451E-1
2.164931151E1,-7.765312195E-1,6.068711877E-1,-2.435823083E-1
2.165165943E1,-5.248549581E-1,6.826183796E-1,-2.826776505E-1
2.165400641E1,-2.524093091E-1,7.070530057E-1,-3.254381716E-1
2.165635271E1,2.003636770E-2,6.887270212E-1,-3.681987226E-1
2.165869974E1,2.802647352E-1,6.349709630E-1,-4.072940648E-1
2.166104760E1,5.148367882E-1,5.580019951E-1,-4.329503775E-1
2.166339464E1,7.225307822E-1,4.639288187E-1,-4.353938401E-1
2.166574094E1,8.911294341E-1,3.649687469E-1,-4.195113480E-1
2.166808797E1,1.021854520E0,2.513479292E-1,-3.865246475E-1
2.167043583E1,1.115927577E0,1.181794181E-1,-3.388772011E-1
2.167278286E1,1.173348904E0,-3.331503272E-2,-2.851211131E-1
2.167512917E1,1.199005246E0,-1.896964014E-1,-2.301432788E-1
2.167747620E1,1.205113888E0,-3.460777998E-1,-1.739437282E-1
2.167982406E1,1.194118261E0,-4.853549600E-1,-1.348483860E-1
2.168217109E1,1.175792336E0,-6.160799861E-1,-1.055268869E-1
2.168451734E1,1.147692561E0,-7.113748789E-1,-9.941823781E-2
2.168686448E1,1.122036219E0,-7.724613547E-1,-1.043051556E-1
2.168921229E1,1.081719160E0,-7.932307720E-1,-1.226310953E-1
2.169155927E1,1.027963161E0,-7.834569216E-1,-1.434004903E-1
2.169390557E1,9.852025509E-1,-7.724613547E-1,-1.543960571E-1
2.169625271E1,9.106771350E-1,-7.138183713E-1,-1.715002656E-1
2.169860052E1,8.263778090E-1,-6.478449702E-1,-1.776089072E-1
2.170094750E1,7.457436323E-1,-5.708760023E-1,-1.812741011E-1
2.170329380E1,6.675529480E-1,-4.829114676E-1,-1.812741011E-1
2.170564094E1,6.089099646E-1,-3.912817836E-1,-1.739437282E-1
2.170798875E1,5.795884728E-1,-3.106476367E-1,-1.605046988E-1
2.171033573E1,5.991361141E-1,-2.642219067E-1,-1.336266547E-1
2.171268203E1,6.626660824E-1,-2.483394146E-1,-1.079703420E-1
2.171502917E1,7.469654083E-1,-2.959868908E-1,-7.987056673E-2
2.171737698E1,8.227126002E-1,-4.059425294E-1,-4.444040731E-2
2.171972396E1,8.752470016E-1,-5.647673607E-1,-1.023198385E-2
2.172207026E1,9.106771350E-1,-7.480267882E-1,2.031125128E-2
2.172441729E1,9.241161346E-1,-9.276210070E-1,3.985892236E-2
2.172676516E1,9.241161346E-1,-1.093776226E0,5.451967567E-2
2.172911219E1,9.241161346E-1,-1.266040087E0,6.429351121E-2
2.173145849E1,9.143423438E-1,-1.438303947E0,7.284561545E-2
2.173380552E1,9.045684934E-1,-1.621563315E0,8.017598838E-2
2.173615338E1,8.886860013E-1,-1.806044459E0,8.384118229E-2
2.173850042E1,8.728035092E-1,-1.995412469E0,8.506290615E-2
2.174084672E1,8.544775844E-1,-2.166454554E0,7.895425707E-2
2.174319375E1,8.434820175E-1,-2.319170713E0,6.062832102E-2
2.174554161E1,8.190474510E-1,-2.429126263E0,2.275471017E-2
2.174788865E1,8.068301082E-1,-2.503651857E0,-3.222311288E-2
2.175023490E1,7.823955417E-1,-2.514647484E0,-1.043051556E-1
2.175258203E1,7.542957664E-1,-2.465778351E0,-1.910479367E-1
2.175492984E1,7.323046327E-1,-2.361931324E0,-2.802341878E-1
2.175727688E1,7.164221406E-1,-2.199441195E0,-3.767508268E-1
2.175962312E1,7.042048573E-1,-1.979530096E0,-4.781543612E-1
2.176197026E1,6.956527233E-1,-1.709527850E0,-5.844448209E-1
2.176431807E1,6.883223653E-1,-1.399208546E0,-6.931787729E-1
2.176666505E1,6.748833656E-1,-1.069341660E0,-7.982475162E-1
2.176901135E1,6.614443064E-1,-7.468050718E-1,-8.996510506E-1
2.177135849E1,6.272358894E-1,-4.364857674E-1,-1.002276182E0
2.177370630E1,5.808101892E-1,-1.750356555E-1,-1.096349478E0
2.177605328E1,5.062846541E-1,3.388008475E-2,-1.176983595E0
2.177839958E1,4.158767164E-1,1.719355285E-1,-1.236848354E0
2.178074672E1,2.985906899E-1,2.660087049E-1,-1.283274055E0
2.178309453E1,1.617569774E-1,3.124343753E-1,-1.316260695E0
2.178544151E1,1.881463639E-2,3.270951211E-1,-1.341917038E0
2.178778781E1,-1.326798201E-1,3.112126589E-1,-1.356577754E0
2.179013495E1,-2.927263677E-1,2.806694210E-1,-1.363908172E0
2.179248276E1,-4.527729154E-1,2.342437208E-1,-1.355356097E0
2.179482974E1,-6.177064180E-1,1.914831996E-1,-1.332143188E0
2.179717604E1,-7.801964283E-1,1.401705444E-1,-1.285717487E0
2.179952307E1,-9.390212297E-1,9.741001576E-2,-1.223409295E0
2.180187094E1,-1.084407091E0,4.365392029E-2,-1.146440387E0
2.180421797E1,-1.212688684E0,-2.109774202E-2,-1.065806150E0
2.180656427E1,-1.321422577E0,-1.005101576E-1,-9.839503765E-1
2.180891130E1,-1.415495753E0,-1.933615804E-1,-9.008727670E-1
2.181125917E1,-1.502238631E0,-2.874347866E-1,-8.190168738E-1
2.181360620E1,-1.590203047E0,-3.802862167E-1,-7.359393239E-1
2.181595250E1,-1.684276223E0,-4.670290053E-1,-6.491965055E-1
2.181829953E1,-1.758801818E0,-5.733194947E-1,-5.587885380E-1
2.182064740E1,-1.821110010E0,-6.881620288E-1,-4.671587944E-1
2.182299443E1,-1.854096651E0,-7.895655632E-1,-3.718639016E-1
2.182534068E1,-1.855318427E0,-8.738648891E-1,-2.692386210E-1
2.182768781E1,-1.828440309E0,-9.483904243E-1,-1.495091319E-1
2.183003562E1,-1.771019101E0,-1.014363766E0,-2.122754976E-2
2.183238266E1,-1.678167582E0,-1.087667584E0,1.094974950E-1
2.183472891E1,-1.562103271E0,-1.153640985E0,2.304487228E-1
2.183707604E1,-1.438708663E0,-1.181740761E0,3.440695703E-1
2.183942385E1,-1.299431443E0,-1.196401477E0,4.589121342E-1
2.184177083E1,-1.171149850E0,-1.164636493E0,5.627591014E-1
2.184411714E1,-1.048976898E0,-1.086445808E0,6.592757106E-1
2.184646427E1,-9.451298714E-1,-9.557207823E-1,7.509054542E-1
2.184881208E1,-8.498349786E-1,-8.213305473E-1,8.388699293E-1
2.185115906E1,-7.765312195E-1,-6.832751036E-1,9.085085392E-1
2.185350536E1,-7.203316689E-1,-5.659890771E-1,9.622645974E-1
2.185585240E1,-6.836798191E-1,-4.743593931E-1,9.952513576E-1
2.185820031E1,-6.592451930E-1,-4.071642756E-1,1.008690357E0
2.186054729E1,-6.555799842E-1,-3.485212624E-1,1.017242551E0
2.186289359E1,-6.677973270E-1,-2.984303534E-1,1.029459834E0
2.186524063E1,-6.922318935E-1,-2.691088319E-1,1.042898774E0
2.186758849E1,-7.301055193E-1,-2.593349814E-1,1.058781266E0
2.186993552E1,-7.801964283E-1,-2.703305781E-1,1.075885534E0
2.187228182E1,-8.437263370E-1,-2.874347866E-1,1.089324594E0
2.187462885E1,-9.133649468E-1,-3.130910993E-1,1.095433235E0
2.187697672E1,-9.976642728E-1,-3.106476367E-1,1.086881042E0
2.187932375E1,-1.077076674E0,-3.082041740E-1,1.077107310E0
2.188167005E1,-1.165041208E0,-2.972086072E-1,1.066111684E0
2.188401708E1,-1.243231893E0,-3.033172488E-1,1.063668251E0
2.188636495E1,-1.316535711E0,-3.326387703E-1,1.070998549E0
2.188871198E1,-1.382509112E0,-3.778427541E-1,1.084437609E0
2.189105828E1,-1.447260737E0,-4.169380963E-1,1.103985310E0
2.189340531E1,-1.504682064E0,-4.633638263E-1,1.129641652E0
2.189575318E1,-1.544999123E0,-5.244503021E-1,1.156519651E0
2.189810016E1,-1.564546824E0,-6.026409864E-1,1.185841203E0
2.190044646E1,-1.571877122E0,-6.906055212E-1,1.209053993E0
2.190279359E1,-1.565768480E0,-7.846786380E-1,1.223714828E0
2.190514141E1,-1.554772973E0,-8.445433974E-1,1.228601694E0
2.190748838E1,-1.544999123E0,-8.799735308E-1,1.228601694E0
2.190983469E1,-1.529116631E0,-8.934125900E-1,1.232266903E0
2.191218182E1,-1.512012362E0,-8.873039484E-1,1.232266903E0
2.191452964E1,-1.485134363E0,-8.677562475E-1,1.233488679E0
2.191687661E1,-1.461921453E0,-8.323261142E-1,1.231045127E0
2.191922292E1,-1.439930320E0,-7.797917128E-1,1.231045127E0
2.192156995E1,-1.416717529E0,-7.297008634E-1,1.228601694E0
2.192391786E1,-1.398391604E0,-6.698361039E-1,1.227379918E0
2.192626484E1,-1.388617754E0,-5.892019272E-1,1.227379918E0
2.192861115E1,-1.392282963E0,-4.926853180E-1,1.224936485E0
2.193095818E1,-1.402056813E0,-3.839513958E-1,1.224936485E0
2.193330604E1,-1.402056813E0,-2.825478613E-1,1.226158261E0
2.193565307E1,-1.413052320E0,-1.738139093E-1,1.222493052E0
2.193799938E1,-1.426491380E0,-7.241038233E-2,1.215162635E0
2.194034641E1,-1.443595529E0,1.433241367E-2,1.206610560E0
2.194269427E1,-1.471695304E0,9.496655315E-2,1.199280143E0
2.194504130E1,-1.509568930E0,1.731572449E-1,1.193171501E0
2.194738760E1,-1.553551197E0,2.391306460E-1,1.193171501E0
2.194973464E1,-1.602420449E0,3.051040173E-1,1.193171501E0
2.195208250E1,-1.661063433E0,3.649687469E-1,1.194393277E0
2.195442953E1,-1.728258491E0,4.260552227E-1,1.193171501E0
2.195677583E1,-1.812557817E0,4.883634448E-1,1.187062860E0
2.195912286E1,-1.900522351E0,5.360108614E-1,1.177289009E0
2.196147073E1,-1.994595647E0,5.763279200E-1,1.171180367E0
2.196381771E1,-2.088668585E0,6.080929041E-1,1.172402143E0
2.196616401E1,-2.182741642E0,6.276406050E-1,1.185841203E0
2.196851115E1,-2.284145355E0,6.594055295E-1,1.201723695E0
2.197085896E1,-2.381883621E0,6.838401556E-1,1.220049620E0
2.197320594E1,-2.489395857E0,7.119399309E-1,1.238375545E0
2.197555224E1,-2.588356018E0,7.424831390E-1,1.261588454E0
2.197789938E1,-2.697089911E0,7.840219736E-1,1.287244678E0
2.198024719E1,-2.807045460E0,8.145651817E-1,1.319009662E0
2.198259417E1,-2.920666456E0,8.402215242E-1,1.337335587E0
2.198494047E1,-3.034287214E0,8.487735987E-1,1.344666004E0
2.198728760E1,-3.144242764E0,8.292259574E-1,1.336113930E0
2.198963542E1,-3.263972282E0,8.047913313E-1,1.311679363E0
2.199198240E1,-3.389810562E0,7.547004223E-1,1.266475320E0
2.199432870E1,-3.515648603E0,6.887270212E-1,1.207832336E0
2.199667573E1,-3.632934570E0,6.300840378E-1,1.163850069E0
2.199902365E1,-3.725785971E0,6.007625461E-1,1.155297995E0
2.200137062E1,-3.785650730E0,6.423013210E-1,1.156519651E0
2.200371693E1,-3.806420088E0,7.437048554E-1,1.150411010E0
2.200606396E1,-3.788094282E0,9.049731493E-1,1.146745801E0
2.200841182E1,-3.728229523E0,1.126106143E0,1.151632786E0
2.201075885E1,-3.639043331E0,1.394886613E0,1.155297995E0
2.201310516E1,-3.513205051E0,1.673440933E0,1.157741427E0
2.201545219E1,-3.344606400E0,1.900682688E0,1.167515278E0
2.201780005E1,-3.188225031E0,2.081498623E0,1.174845576E0
2.202014708E1,-3.075825930E0,2.195119619E0,1.173623919E0
2.202249333E1,-2.997635365E0,2.239101887E0,1.165071726E0
2.202484047E1,-2.947544336E0,2.245210409E0,1.146745801E0
2.202718828E1,-2.919444561E0,2.228106260E0,1.119867802E0
2.202953531E1,-2.908448935E0,2.182902336E0,1.091768026E0
2.203188156E1,-2.918222904E0,2.136476517E0,1.066111684E0
2.203422870E1,-2.935327053E0,2.088829041E0,1.036790133E0
2.203657651E1,-2.962205172E0,2.024077415E0,1.001360059E0
2.203892349E1,-2.998857021E0,1.933669329E0,9.683732986E-1
2.204126979E1,-3.042839289E0,1.846926570E0,9.353865981E-1
2.204361693E1,-3.086821556E0,1.772401094E0,9.060650468E-1
2.204596474E1,-3.134469032E0,1.732084036E0,8.779652715E-1
2.204831172E1,-3.177229643E0,1.708871126E0,8.535307050E-1
2.205065802E1,-3.219990015E0,1.719866753E0,8.254309297E-1
2.205300516E1,-3.251754999E0,1.735749125E0,8.022180796E-1
2.205535297E1,-3.277411222E0,1.739414334E0,7.716748118E-1
2.205769995E1,-3.284741640E0,1.713757992E0,7.350229621E-1
2.206004625E1,-3.272524357E0,1.666110635E0,6.995927691E-1
2.206239328E1,-3.228542089E0,1.581811309E0,6.556105614E-1
2.206474120E1,-3.163790464E0,1.466968656E0,5.981892347E-1
2.206708818E1,-3.086821556E0,1.321582913E0,5.346593261E-1
2.206943448E1,-2.993970156E0,1.156649470E0,4.809032679E-1
2.207178151E1,-2.901118755E0,1.011263609E0,4.418079257E-1
2.207412938E1,-2.802158594E0,8.487735987E-1,4.149298668E-1
2.207647641E1,-2.706863642E0,6.838401556E-1,4.027125835E-1
2.207882271E1,-2.611568689E0,5.140197277E-1,4.124864042E-1
2.208116974E1,-2.526047707E0,3.515297174E-1,4.027125835E-1
2.208351760E1,-2.456409216E0,2.183612287E-1,3.648389578E-1
2.208586464E1,-2.385548830E0,7.664062083E-2,3.379608989E-1
2.208821094E1,-2.313466787E0,-5.652789026E-2,3.159697950E-1
2.209055797E1,-2.252380371E0,-1.689269841E-1,2.939786613E-1
2.209290583E1,-2.193737268E0,-2.776609361E-1,2.756527066E-1
2.209525286E1,-2.139981270E0,-3.753992915E-1,2.622136772E-1
2.209759911E1,-2.089890242E0,-4.596986175E-1,2.524398565E-1
2.209994625E1,-2.047129869E0,-5.195633769E-1,2.402225584E-1
2.210229406E1,-2.010478020E0,-5.598804355E-1,2.292269915E-1
2.210464104E1,-1.973826051E0,-5.879802108E-1,2.170096934E-1
2.210698734E1,-1.935952544E0,-6.087496281E-1,2.096793205E-1
2.210933448E1,-1.902965784E0,-6.221886277E-1,1.974620223E-1
2.211168229E1,-1.858983517E0,-6.502884030E-1,1.876881868E-1
2.211402927E1,-1.818666458E0,-6.869403124E-1,1.766926199E-1
2.211637557E1,-1.779571176E0,-7.345877290E-1,1.632536054E-1
2.211872271E1,-1.741697550E0,-7.822352052E-1,1.461493820E-1
2.212107052E1,-1.701380491E0,-8.372130394E-1,1.363755465E-1
2.212341750E1,-1.659841657E0,-8.982995152E-1,1.302669048E-1
2.212576380E1,-1.630520225E0,-9.532773495E-1,1.266017109E-1
2.212811083E1,-1.593868256E0,-1.013141990E0,1.253799796E-1
2.213045875E1,-1.566990256E0,-1.057124376E0,1.278234422E-1
2.213280573E1,-1.537668705E0,-1.112102151E0,1.400407404E-1
2.213515203E1,-1.512012362E0,-1.154862642E0,1.632536054E-1
2.213749906E1,-1.494908214E0,-1.189071059E0,1.937968433E-1
2.213984693E1,-1.485134363E0,-1.220836043E0,2.328921854E-1
2.214219396E1,-1.458256364E0,-1.269705296E0,2.707657814E-1
2.214454026E1,-1.422826171E0,-1.301470160E0,2.829830945E-1
2.214688729E1,-1.389839411E0,-1.332013488E0,2.756527066E-1
2.214923516E1,-1.378843904E0,-1.332013488E0,2.597702146E-1
2.215158219E1,-1.362961411E0,-1.325904846E0,2.597702146E-1
2.215392849E1,-1.372735262E0,-1.269705296E0,2.732092440E-1
2.215627552E1,-1.391061187E0,-1.200066686E0,2.927569151E-1
2.215862339E1,-1.393504620E0,-1.151197553E0,3.184132278E-1
2.216097042E1,-1.397169828E0,-1.105993509E0,3.465130031E-1
2.216331667E1,-1.391061187E0,-1.070563316E0,3.843866289E-1
2.216566380E1,-1.378843904E0,-1.030246258E0,4.259254336E-1
2.216801161E1,-1.365404844E0,-9.850422144E-1,4.723511636E-1
2.217035859E1,-1.350744128E0,-9.349513650E-1,5.261071920E-1
2.217270490E1,-1.327531219E0,-8.873039484E-1,5.859719515E-1
2.217505203E1,-1.305540085E0,-8.298826218E-1,6.519453526E-1
2.217739984E1,-1.265223026E0,-7.761265635E-1,7.166970372E-1
2.217974682E1,-1.222462535E0,-7.223704457E-1,7.838921547E-1
2.218209312E1,-1.174815059E0,-6.698361039E-1,8.535307050E-1
2.218444026E1,-1.113728642E0,-6.295190454E-1,9.231692553E-1
2.218678807E1,-1.048976898E0,-5.879802108E-1,9.940295815E-1
2.218913505E1,-9.805600047E-1,-5.391110182E-1,1.062446475E0
2.219148135E1,-8.987041712E-1,-4.987939596E-1,1.125976443E0
2.219382849E1,-8.241786957E-1,-4.572551847E-1,1.190728068E0
2.219617630E1,-7.484314442E-1,-4.181598425E-1,1.249371052E0
2.219852328E1,-6.800146103E-1,-3.753992915E-1,1.301905513E0
2.220086958E1,-6.177064180E-1,-3.277518451E-1,1.348331213E0
2.220321661E1,-5.627285838E-1,-2.776609361E-1,1.392313480E0
2.220556448E1,-5.211897492E-1,-2.177961767E-1,1.425300121E0
2.220791151E1,-4.857596159E-1,-1.518227756E-1,1.448513031E0
2.221025781E1,-4.686554074E-1,-7.118865103E-2,1.453399897E0
2.221260484E1,-4.662119448E-1,1.555414125E-2,1.443626046E0
2.221495271E1,-4.686554074E-1,9.130137414E-2,1.430187106E0
2.221729974E1,-4.833161831E-1,1.609399617E-1,1.411861062E0
2.221964604E1,-5.126376748E-1,2.122525871E-1,1.384983063E0
2.222199307E1,-5.517330170E-1,2.501262128E-1,1.350774646E0
2.222434094E1,-5.896066427E-1,2.757824957E-1,1.314122796E0
2.222668797E1,-6.287019849E-1,2.977736294E-1,1.268918753E0
2.222903422E1,-6.677973270E-1,3.112126589E-1,1.218827844E0
2.223138135E1,-6.983405352E-1,3.112126589E-1,1.168736935E0
2.223372917E1,-7.301055193E-1,3.099909127E-1,1.111315727E0
2.223607615E1,-7.582052946E-1,3.087691963E-1,1.051450968E0
2.223842245E1,-7.789747119E-1,2.977736294E-1,9.903643727E-1
2.224076958E1,-8.009658456E-1,2.892215252E-1,9.243910313E-1
2.224311740E1,-8.107396364E-1,2.867780626E-1,8.547524214E-1
2.224546438E1,-8.156265616E-1,2.916649878E-1,7.851138711E-1
2.224781068E1,-8.070744872E-1,2.953301668E-1,7.142535448E-1
2.225015781E1,-7.911919951E-1,3.026605546E-1,6.446149945E-1
2.225250562E1,-7.667573690E-1,3.099909127E-1,5.725329518E-1
2.225485260E1,-7.386575937E-1,3.209864795E-1,4.992292225E-1
2.225719891E1,-6.958971024E-1,3.295385838E-1,4.234819710E-1
2.225954594E1,-6.470279098E-1,3.295385838E-1,3.465130031E-1
2.226189380E1,-6.018239260E-1,3.356472254E-1,2.658788860E-1
2.226424083E1,-5.444026589E-1,3.209864795E-1,1.840229928E-1
2.226658714E1,-4.882031083E-1,3.075474501E-1,9.972365946E-2
2.226893417E1,-4.332252443E-1,2.831128836E-1,1.420260500E-2
2.227128203E1,-3.745822310E-1,2.647869587E-1,-7.620538026E-2
2.227362906E1,-3.086088598E-1,2.427958250E-1,-1.653916240E-1
2.227597536E1,-2.401920110E-1,2.134743035E-1,-2.570213377E-1
2.227832240E1,-1.754403561E-1,1.829310954E-1,-3.462075889E-1
2.228067026E1,-1.082452238E-1,1.572747529E-1,-4.305069149E-1
2.228301729E1,-4.349356145E-2,1.352836192E-1,-5.111410618E-1
2.228536354E1,2.492328547E-2,9.985347837E-2,-5.783361793E-1
2.228771068E1,9.211840481E-2,6.320159137E-2,-6.308705807E-1
2.229005849E1,1.556483358E-1,2.410624921E-2,-6.785179973E-1
2.229240552E1,2.203999907E-1,-1.987601072E-2,-7.139481902E-1
2.229475177E1,2.790430188E-1,-6.630172580E-2,-7.493783236E-1
2.229709891E1,3.413512111E-1,-1.176143661E-1,-7.750346661E-1
2.229944672E1,4.036594033E-1,-1.603748798E-1,-7.982475162E-1
2.230179370E1,4.623024166E-1,-2.092440724E-1,-8.214603662E-1
2.230414000E1,5.233888626E-1,-2.605567276E-1,-8.434514999E-1
2.230648714E1,5.869188309E-1,-3.118693531E-1,-8.654426336E-1
2.230883495E1,6.553356647E-1,-3.644037247E-1,-8.849902749E-1
2.231118193E1,7.286394238E-1,-4.144946337E-1,-9.045379758E-1
2.231352823E1,8.019431829E-1,-4.670290053E-1,-9.167552590E-1
2.231587536E1,8.825773597E-1,-5.207850933E-1,-9.216421843E-1
2.231822318E1,9.680984020E-1,-5.684325695E-1,-9.143118262E-1
2.232057016E1,1.069501877E0,-6.185234785E-1,-8.923206925E-1
2.232291646E1,1.175792336E0,-6.576188207E-1,-8.642209172E-1
2.232526349E1,1.288191438E0,-7.040445209E-1,-8.300124407E-1
2.232761141E1,1.406699181E0,-7.529137135E-1,-7.921388745E-1
2.232995838E1,1.517876625E0,-7.859004140E-1,-7.518217564E-1
2.233230469E1,1.635162592E0,-8.213305473E-1,-7.102829814E-1
2.233465172E1,1.753670335E0,-8.555389643E-1,-6.663007140E-1
2.233699958E1,1.877065063E0,-8.824170232E-1,-6.198750138E-1
2.233934661E1,2.001681566E0,-9.117385149E-1,-5.710058212E-1
2.234169292E1,2.122632742E0,-9.325079322E-1,-5.258018374E-1
2.234403995E1,2.238697052E0,-9.459469318E-1,-4.879281819E-1
2.234638781E1,2.363313437E0,-9.716032743E-1,-4.573849440E-1
2.234873484E1,2.459830046E0,-9.752684832E-1,-4.390590191E-1
2.235108109E1,2.557568550E0,-9.862639904E-1,-4.268417060E-1
2.235342823E1,2.643089533E0,-9.887074232E-1,-4.280634522E-1
2.235577604E1,2.716393232E0,-9.728249907E-1,-4.366155565E-1
2.235812302E1,2.781144857E0,-9.557207823E-1,-4.537197649E-1
2.236046932E1,2.839787960E0,-9.227340817E-1,-4.793760777E-1
2.236281646E1,2.888657093E0,-8.763083816E-1,-5.123628378E-1
2.236516427E1,2.939969778E0,-8.262174726E-1,-5.490146875E-1
2.236751125E1,2.974178314E0,-7.455832958E-1,-5.966621637E-1
2.236985755E1,3.016938686E0,-6.625057459E-1,-6.443095803E-1
2.237220469E1,3.045038462E0,-5.537717938E-1,-6.980656981E-1
2.237455250E1,3.073138237E0,-4.389292300E-1,-7.518217564E-1
2.237689948E1,3.098794699E0,-3.191997409E-1,-8.080213666E-1
2.237924578E1,3.119564056E0,-1.945833266E-1,-8.715512753E-1
2.238159292E1,3.140333414E0,-7.118865103E-2,-9.375246763E-1
2.238394073E1,3.146442175E0,6.931023300E-2,-1.013271809E0
2.238628771E1,3.150107145E0,2.037004828E-1,-1.091462493E0
2.238863401E1,3.162324667E0,3.185430169E-1,-1.164766312E0
2.239098104E1,3.170876741E0,4.297204018E-1,-1.238070011E0
2.239332891E1,3.178206921E0,5.274587870E-1,-1.310152054E0
2.239567594E1,3.178206921E0,6.239753962E-1,-1.384677529E0
2.239802224E1,3.179428816E0,7.241572142E-1,-1.466533422E0
2.240036927E1,3.162324667E0,8.548822403E-1,-1.554497957E0
2.240271714E1,3.133002996E0,1.003933191E0,-1.641240716E0
2.240506417E1,3.098794699E0,1.160314560E0,-1.725540042E0
2.240741047E1,3.064586163E0,1.300813556E0,-1.798843861E0
2.240975750E1,3.030377865E0,1.432760239E0,-1.857486844E0
2.241210536E1,2.988838911E0,1.562263608E0,-1.901469111E0
2.241445240E1,2.935082912E0,1.710092902E0,-1.902690887E0
2.241679865E1,2.872774601E0,1.879913211E0,-1.851378202E0
2.241914578E1,2.792140484E0,2.075390100E0,-1.757305026E0
2.242149359E1,2.722501993E0,2.253762484E0,-1.627801776E0
2.242384057E1,2.647976398E0,2.417474270E0,-1.475085497E0
2.242618688E1,2.573451042E0,2.551864624E0,-1.300378203E0
2.242853401E1,2.508699417E0,2.647159576E0,-1.117118835E0
2.243088182E1,2.431730270E0,2.708245993E0,-9.424116015E-1
2.243322880E1,2.348652840E0,2.737567425E0,-7.884736657E-1
2.243557510E1,2.265575171E0,2.731458902E0,-6.553051472E-1
2.243792224E1,2.186162710E0,2.703359127E0,-5.477929711E-1
2.244027005E1,2.116524220E0,2.665485382E0,-4.696022570E-1
2.244261703E1,2.076207161E0,2.626389980E0,-4.109592438E-1
2.244496333E1,2.070098400E0,2.598290205E0,-3.743073642E-1
2.244731036E1,2.105528593E0,2.566525221E0,-3.413206637E-1
2.244965828E1,2.169058561E0,2.554307938E0,-3.119991422E-1
2.245200526E1,2.261909962E0,2.544534206E0,-2.790124714E-1
2.245435156E1,2.374309063E0,2.516434431E0,-2.496909350E-1
2.245669859E1,2.500147104E0,2.490778208E0,-2.228129059E-1
2.245904646E1,2.630872250E0,2.462678432E0,-2.008217722E-1
2.246139349E1,2.768927574E0,2.410143852E0,-1.837175637E-1
2.246373979E1,2.897209167E0,2.358831406E0,-1.605046988E-1
2.246608682E1,3.030377865E0,2.283084154E0,-1.275179982E-1
2.246843469E1,3.167211533E0,2.191454411E0,-8.109229803E-2
2.247078172E1,3.288162708E0,2.082720518E0,-3.955348954E-2
2.247312802E1,3.396896601E0,1.960547447E0,-4.123336636E-3
2.247547505E1,3.484861135E0,1.823713660E0,1.908952184E-2
2.247782292E1,3.537395477E0,1.701540709E0,3.130681440E-2
2.248016995E1,3.572825670E0,1.572037458E0,3.985892236E-2
2.248251620E1,3.589929819E0,1.442534089E0,3.863719478E-2
2.248486333E1,3.596038580E0,1.311809063E0,3.375027701E-2
2.248721115E1,3.588708162E0,1.199409962E0,3.375027701E-2
2.248955813E1,3.554499626E0,1.116332412E0,3.863719478E-2
2.249190443E1,3.515404463E0,1.025924325E0,4.718929902E-2
2.249425156E1,3.467756987E0,9.269642830E-1,5.818486586E-2
2.249659938E1,3.407892227E0,8.341128230E-1,6.551523507E-2
2.249894635E1,3.352914333E0,7.229354978E-1,6.795869768E-2
2.250129266E1,3.304045200E0,6.068711877E-1,6.429351121E-2
2.250363979E1,3.251510859E0,5.115762949E-1,6.673696637E-2
2.250598760E1,3.211193800E0,4.407159686E-1,8.261945099E-2
2.250833458E1,3.195311308E0,3.722991347E-1,1.143844128E-1
2.251068089E1,3.201419830E0,2.855563164E-1,1.522580385E-1
2.251302792E1,3.234406710E0,2.012570202E-1,1.913533807E-1
2.251537578E1,3.294271231E0,1.426140070E-1,2.267835289E-1
2.251772281E1,3.350470781E0,1.108490452E-1,2.365573645E-1
2.252006911E1,3.411557436E0,9.618828446E-2,2.377790958E-1
2.252241615E1,3.475087404E0,1.218446121E-1,2.316704541E-1
2.252476401E1,3.545947552E0,1.499443948E-1,2.206748873E-1
2.252711104E1,3.613142729E0,1.890397370E-1,1.974620223E-1
2.252945734E1,3.701107264E0,2.159177661E-1,1.779143512E-1
2.253180438E1,3.780519724E0,2.366871834E-1,1.547015011E-1
2.253415224E1,3.834275723E0,2.464610040E-1,1.082757637E-1
2.253649927E1,3.847714663E0,2.611217797E-1,4.352411255E-2
2.253884552E1,3.829388857E0,2.818911374E-1,-2.611446753E-2
2.254119266E1,3.764637232E0,3.197647631E-1,-9.941823781E-2
2.254354047E1,3.684003115E0,3.454210758E-1,-1.763871908E-1
2.254588745E1,3.576490879E0,3.613035679E-1,-2.533561587E-1
2.254823375E1,3.442100525E0,3.686339259E-1,-3.315468132E-1
2.255058089E1,3.283275843E0,3.564166427E-1,-3.950767517E-1
2.255292870E1,3.098794699E0,3.173213005E-1,-4.341720939E-1
2.255527568E1,2.898431063E0,2.501262128E-1,-4.488328397E-1
2.255762198E1,2.684628248E0,1.646051407E-1,-4.561632276E-1
2.255996911E1,2.467160463E0,5.587121472E-2,-4.683805108E-1
2.256231693E1,2.264353514E0,-7.118865103E-2,-4.830412865E-1
2.256466391E1,2.082315683E0,-2.104657888E-1,-5.013672113E-1
2.256701021E1,1.914938688E0,-3.436343372E-1,-5.148062706E-1
2.256935724E1,1.778105021E0,-4.902418256E-1,-5.196931958E-1
2.257170516E1,1.666927576E0,-6.454014778E-1,-5.160279870E-1
2.257405214E1,1.574076176E0,-8.078915477E-1,-5.086976290E-1
2.257639844E1,1.505659342E0,-9.777119160E-1,-4.928151071E-1
2.257874547E1,1.451903224E0,-1.160971284E0,-4.744891822E-1
2.258109333E1,1.405477524E0,-1.351561069E0,-4.573849440E-1
2.258344036E1,1.361495256E0,-1.539707422E0,-4.439459443E-1
2.258578667E1,1.319956422E0,-1.731518984E0,-4.292851686E-1
2.258813370E1,1.278417587E0,-1.918443561E0,-4.182896018E-1
2.259048156E1,1.231991887E0,-2.095594168E0,-4.146244228E-1
2.259282859E1,1.183122754E0,-2.251975536E0,-4.085157812E-1
2.259517490E1,1.131810069E0,-2.388809204E0,-4.036288559E-1
2.259752193E1,1.078053951E0,-2.495099783E0,-3.999636769E-1
2.259986979E1,1.021854520E0,-2.572068691E0,-3.950767517E-1
2.260221682E1,9.742070436E-1,-2.631933451E0,-3.853029311E-1
2.260456307E1,9.265596271E-1,-2.658811569E0,-3.755290806E-1
2.260691021E1,8.862425685E-1,-2.653924704E0,-3.645335138E-1
2.260925802E1,8.447037339E-1,-2.609942436E0,-3.596465886E-1
2.261160500E1,8.043866754E-1,-2.532973289E0,-3.620900512E-1
2.261395130E1,7.555174828E-1,-2.418130875E0,-3.706421554E-1
2.261629844E1,7.066482902E-1,-2.273966789E0,-3.828594685E-1
2.261864625E1,6.663312316E-1,-2.122472286E0,-3.938550353E-1
2.262099323E1,6.284576058E-1,-1.945321679E0,-4.011853933E-1
2.262333953E1,5.905840397E-1,-1.749844909E0,-4.036288559E-1
2.262568667E1,5.710363388E-1,-1.556811690E0,-4.011853933E-1
2.262803448E1,5.527104139E-1,-1.351561069E0,-3.938550353E-1
2.263038146E1,5.392713547E-1,-1.157306194E0,-3.840811849E-1
2.263272776E1,5.356062055E-1,-9.716032743E-1,-3.718639016E-1
2.263507479E1,5.307192802E-1,-7.846786380E-1,-3.584248722E-1
2.263742271E1,5.368279219E-1,-6.307407618E-1,-3.400989175E-1
2.263976969E1,5.478234887E-1,-4.951287508E-1,-3.193295300E-1
2.264211599E1,5.551538467E-1,-3.644037247E-1,-2.985601425E-1
2.264446302E1,5.612624884E-1,-2.483394146E-1,-2.802341878E-1
2.264681088E1,5.637059808E-1,-1.359403133E-1,-2.606865168E-1
2.264915792E1,5.673711300E-1,-5.041924864E-2,-2.386953831E-1
2.265150422E1,5.673711300E-1,2.532797679E-2,-2.191477120E-1
2.265385125E1,5.661494136E-1,8.274926990E-2,-1.947131306E-1
2.265619911E1,5.563755631E-1,1.328401864E-1,-1.739437282E-1
2.265854615E1,5.527104139E-1,1.633834243E-1,-1.482874155E-1
2.266089240E1,5.356062055E-1,1.817093492E-1,-1.201876402E-1
2.266323953E1,5.123932958E-1,1.804876328E-1,-8.964440227E-2
2.266558734E1,4.855153263E-1,1.719355285E-1,-5.787943304E-2
2.266793432E1,4.513068497E-1,1.499443948E-1,-2.244927734E-2
2.267028062E1,4.109897912E-1,1.120707765E-1,1.786779240E-2
2.267262776E1,3.657858074E-1,6.320159137E-2,5.818486586E-2
2.267497557E1,3.132514358E-1,1.677587256E-2,9.972365946E-2
2.267732255E1,2.594953477E-1,-4.308886826E-2,1.449276507E-1
2.267966885E1,2.008523196E-1,-1.090622619E-1,1.913533807E-1
2.268201599E1,1.373223811E-1,-1.738139093E-1,2.390008271E-1
2.268436380E1,6.890554726E-2,-2.336786687E-1,2.829830945E-1
2.268671078E1,4.886947572E-4,-2.862130404E-1,3.220784366E-1
2.268905708E1,-7.281506807E-2,-3.301953077E-1,3.575085700E-1
2.269140422E1,-1.473405808E-1,-3.729558289E-1,3.929387331E-1
2.269375203E1,-2.218660861E-1,-4.059425294E-1,4.247036874E-1
2.269609901E1,-2.915046513E-1,-4.340423048E-1,4.528034627E-1
2.269844531E1,-3.648084104E-1,-4.535899758E-1,4.760163426E-1
2.270079234E1,-4.356687069E-1,-4.706941843E-1,4.992292225E-1
2.270314026E1,-5.089724660E-1,-4.829114676E-1,5.187768340E-1
2.270548724E1,-5.786110759E-1,-5.122329593E-1,5.383245349E-1
2.270783354E1,-6.616886854E-1,-5.268937349E-1,5.505418181E-1
2.271018057E1,-7.459880114E-1,-5.476631522E-1,5.578721762E-1
2.271252844E1,-8.363959789E-1,-5.549935102E-1,5.590938926E-1
2.271487547E1,-9.292474389E-1,-5.549935102E-1,5.554287434E-1
2.271722172E1,-1.007438064E0,-5.598804355E-1,5.505418181E-1
2.271956885E1,-1.085628867E0,-5.330023766E-1,5.383245349E-1
2.272191667E1,-1.149158716E0,-4.975722432E-1,5.248854756E-1
2.272426370E1,-1.193140984E0,-4.413726926E-1,5.102247596E-1
2.272660995E1,-1.220019102E0,-3.656254709E-1,4.931205511E-1
2.272895708E1,-1.229792953E0,-2.544480860E-1,4.674642384E-1
2.273130490E1,-1.221240759E0,-1.225012764E-1,4.369210005E-1
2.273365188E1,-1.190697551E0,2.777143940E-2,3.978256583E-1
2.273599818E1,-1.141828418E0,1.963700950E-1,3.513999283E-1
2.273834531E1,-1.069746375E0,3.637470007E-1,3.037524819E-1
2.274069312E1,-9.768949151E-1,5.225718617E-1,2.573267519E-1
2.274304010E1,-8.608305454E-1,6.606272459E-1,2.182314247E-1
2.274538641E1,-7.239968777E-1,7.620308399E-1,1.828012764E-1
2.274773354E1,-5.737241507E-1,8.267824650E-1,1.412624717E-1
2.275008135E1,-4.039037526E-1,8.402215242E-1,9.239328653E-2
2.275242833E1,-2.218660861E-1,8.072348237E-1,3.619373217E-2
2.275477464E1,-3.494145721E-2,7.302658558E-1,-2.977965400E-2
2.275712167E1,1.507614106E-1,6.068711877E-1,-9.453132004E-2
2.275946953E1,3.266904652E-1,4.602636397E-1,-1.531743258E-1
2.276181656E1,4.867370427E-1,2.965518832E-1,-1.934913993E-1
2.276416286E1,6.150186062E-1,1.291749775E-1,-2.167042494E-1
2.276650990E1,7.225307822E-1,-5.041924864E-2,-2.240346372E-1
2.276885776E1,8.104953170E-1,-2.422307730E-1,-2.215911746E-1
2.277120479E1,8.679165840E-1,-4.291553795E-1,-2.179259807E-1
2.277355109E1,9.033467770E-1,-6.136365533E-1,-2.167042494E-1
2.277589812E1,9.277813435E-1,-7.932307720E-1,-2.130390704E-1
2.277824599E1,9.387769103E-1,-9.654946327E-1,-2.069304287E-1
2.278059302E1,9.338899851E-1,-1.113323927E0,-2.057086974E-1
2.278293927E1,9.290030599E-1,-1.245270610E0,-2.044869661E-1
2.278528641E1,9.131205678E-1,-1.336900353E0,-2.105956078E-1
2.278763422E1,8.850207925E-1,-1.399208546E0,-2.154825330E-1
2.278998120E1,8.483689427E-1,-1.413869381E0,-2.142608017E-1
2.279232750E1,8.166039586E-1,-1.393099904E0,-1.996000409E-1
2.279467464E1,7.848389745E-1,-1.338122129E0,-1.837175637E-1
2.279702245E1,7.530740499E-1,-1.247714162E0,-1.788306385E-1
2.279936943E1,7.213090658E-1,-1.149975777E0,-1.886044741E-1
2.280171573E1,6.638877988E-1,-1.032689691E0,-2.093738765E-1
2.280406286E1,6.113533974E-1,-9.386165738E-1,-2.240346372E-1
2.280641068E1,5.404931307E-1,-8.469868898E-1,-2.264780998E-1
2.280875766E1,4.659676254E-1,-7.797917128E-1,-2.093738765E-1
2.281110396E1,3.889986575E-1,-7.248139381E-1,-1.739437282E-1
2.281345099E1,3.132514358E-1,-6.747230291E-1,-1.360701174E-1
2.281579885E1,2.436128408E-1,-6.392928362E-1,-1.043051556E-1
2.281814588E1,1.910784692E-1,-6.160799861E-1,-7.254018635E-2
2.282049219E1,1.593135148E-1,-6.136365533E-1,-4.199695215E-2
2.282283922E1,1.385441273E-1,-6.331841946E-1,-1.145371329E-2
2.282518708E1,1.189964637E-1,-6.722795367E-1,1.664606296E-2
2.282753411E1,1.043356955E-1,-7.321442962E-1,5.329794809E-2
2.282988042E1,8.723148704E-2,-8.115566969E-1,9.850192815E-2
2.283222745E1,6.890554726E-2,-8.970777988E-1,1.473711133E-1
2.283457531E1,4.813614488E-2,-9.764901996E-1,1.974620223E-1
2.283692234E1,2.736674063E-2,-1.048572183E0,2.402225584E-1
2.283926859E1,1.637117751E-2,-1.126762867E0,2.683223188E-1
2.284161573E1,5.375612527E-3,-1.202510118E0,2.793178856E-1
2.284396354E1,9.040800855E-3,-1.284366012E0,2.756527066E-1
2.284631052E1,1.148425974E-2,-1.368665338E0,2.585484982E-1
2.284865682E1,1.270598732E-2,-1.455408096E0,2.316704541E-1
2.285100396E1,1.514944993E-2,-1.544594407E0,1.974620223E-1
2.285335177E1,1.759290509E-2,-1.619119883E0,1.620318741E-1
2.285569875E1,1.392771862E-2,-1.671654224E0,1.192713305E-1
2.285804505E1,7.819071412E-3,-1.699754000E0,7.406734675E-2
2.286039219E1,4.153883085E-3,-1.707084417E0,2.886335924E-2
2.286274000E1,-4.398221150E-3,-1.676541209E0,-1.511890069E-2
2.286508698E1,-1.295032911E-2,-1.610567808E0,-6.643154472E-2
2.286743328E1,-2.516762353E-2,-1.514051080E0,-1.177441776E-1
2.286978031E1,-3.738491237E-2,-1.394321680E0,-1.763871908E-1
2.287212823E1,-4.105010629E-2,-1.256266236E0,-2.362519205E-1
2.287447521E1,-4.593702406E-2,-1.075450301E0,-2.961166799E-1
2.287682151E1,-5.693258345E-2,-8.518737555E-1,-3.620900512E-1
2.287916854E1,-6.304123253E-2,-6.026409864E-1,-4.329503775E-1
2.288151641E1,-7.037161291E-2,-3.240866661E-1,-5.111410618E-1
2.288386344E1,-7.403679937E-2,-2.964984626E-2,-6.003273129E-1
2.288620974E1,-8.136717975E-2,2.611217797E-1,-6.992874146E-1
2.288855677E1,-9.114101529E-2,5.421195030E-1,-7.994692326E-1
2.289090464E1,-1.045800298E-1,7.864654064E-1,-8.898772001E-1
2.289325167E1,-1.229059696E-1,9.880508184E-1,-9.717330933E-1
2.289559792E1,-1.461188346E-1,1.126106143E0,-1.031597733E0
2.289794505E1,-1.754403561E-1,1.194522977E0,-1.071914792E0
2.290029286E1,-2.157574147E-1,1.203075171E0,-1.090240836E0
2.290263984E1,-2.646265924E-1,1.151762486E0,-1.092684269E0
2.290498615E1,-3.257130682E-1,1.065019727E0,-1.085353851E0
2.290733328E1,-3.929081857E-1,9.452902079E-1,-1.065806150E0
2.290968109E1,-4.723206162E-1,8.121217489E-1,-1.040149927E0
2.291202807E1,-5.651720166E-1,6.826183796E-1,-1.004719734E0
2.291437438E1,-6.690190434E-1,5.628889203E-1,-9.619592428E-1
2.291672151E1,-7.997440696E-1,4.712592065E-1,-9.155335426E-1
2.291906932E1,-9.194735885E-1,3.515297174E-1,-8.568904996E-1
2.292141630E1,-1.045311809E0,2.366871834E-1,-7.872519493E-1
2.292376260E1,-1.172371626E0,1.132925078E-1,-7.127264142E-1
2.292610964E1,-1.290879369E0,-2.231946960E-2,-6.333140135E-1
2.292845750E1,-1.400835037E0,-1.591531634E-1,-5.575668216E-1
2.293080453E1,-1.488799572E0,-2.972086072E-1,-4.854847491E-1
2.293315083E1,-1.557216406E0,-4.279336631E-1,-4.182896018E-1
2.293549786E1,-1.606085539E0,-5.464414358E-1,-3.510944843E-1
2.293784573E1,-1.625633240E0,-6.417363286E-1,-2.826776505E-1
2.294019276E1,-1.617081165E0,-6.954923868E-1,-1.947131306E-1
2.294253906E1,-1.580429316E0,-7.101531625E-1,-8.720094711E-2
2.294488609E1,-1.516899347E0,-6.906055212E-1,2.275471017E-2
2.294723396E1,-1.433821678E0,-6.417363286E-1,1.302669048E-1
2.294958099E1,-1.328752995E0,-5.757629275E-1,2.292269915E-1
2.295192729E1,-1.212688684E0,-4.951287508E-1,3.294087946E-1
2.295427432E1,-1.081963658E0,-4.144946337E-1,4.271471500E-1
2.295662219E1,-9.426864386E-1,-3.411908746E-1,5.126681924E-1
2.295896917E1,-7.985223532E-1,-2.752174735E-1,5.859719515E-1
2.296131547E1,-6.629104018E-1,-2.165744603E-1,6.458367109E-1
2.296366260E1,-5.444026589E-1,-1.713704467E-1,6.898189783E-1
2.296601042E1,-4.539946616E-1,-1.273882091E-1,7.203621864E-1
2.296835740E1,-3.892430067E-1,-9.195805341E-2,7.460185289E-1
2.297070370E1,-3.513693810E-1,-5.652789026E-2,7.777834535E-1
2.297305083E1,-3.354868889E-1,-2.231946960E-2,8.229874969E-1
2.297539865E1,-3.342651725E-1,5.780307576E-3,8.828521967E-1
2.297774562E1,-3.525910974E-1,2.166279033E-2,9.537125230E-1
2.298009193E1,-3.916864395E-1,2.777143940E-2,1.024572849E0
2.298243896E1,-4.466642737E-1,1.433241367E-2,1.084437609E0
2.298478688E1,-5.175246000E-1,-7.658716291E-3,1.133306861E0
2.298713385E1,-6.018239260E-1,-5.897135288E-2,1.185841203E0
2.298948016E1,-6.800146103E-1,-1.554879844E-1,1.233488679E0
2.299182719E1,-7.520966530E-1,-3.020955324E-1,1.261588454E0
2.299417505E1,-8.339524865E-1,-4.633638263E-1,1.254258037E0
2.299652208E1,-9.206953049E-1,-6.111930609E-1,1.224936485E0
2.299886838E1,-1.033094525E0,-6.881620288E-1,1.178510785E0
2.300121542E1,-1.155267358E0,-7.235921621E-1,1.132085085E0
2.300356328E1,-1.267666578E0,-7.578006387E-1,1.089324594E0
2.300591031E1,-1.377622128E0,-7.871221304E-1,1.061224818E0
2.300825656E1,-1.493686438E0,-8.005611300E-1,1.049007416E0
2.301060370E1,-1.596311688E0,-8.237739801E-1,1.052672625E0
2.301295151E1,-1.696493506E0,-8.482086062E-1,1.066111684E0
2.301529849E1,-1.780792832E0,-8.799735308E-1,1.086881042E0
2.301764479E1,-1.844322801E0,-8.982995152E-1,1.106428742E0
2.301999193E1,-1.887083411E0,-8.995212317E-1,1.114980817E0
2.302233974E1,-1.920070052E0,-8.701997399E-1,1.116202593E0
2.302468672E1,-1.934730768E0,-8.274391890E-1,1.117424369E0
2.302703302E1,-1.948169827E0,-7.614657879E-1,1.110093951E0
2.302938016E1,-1.949391603E0,-6.979358792E-1,1.101541877E0
2.303172797E1,-1.943282962E0,-6.246321201E-1,1.089324594E0
2.303407495E1,-1.931065559E0,-5.574370027E-1,1.075885534E0
2.303642125E1,-1.915183187E0,-4.951287508E-1,1.063668251E0
2.303876828E1,-1.900522351E0,-4.328205884E-1,1.051450968E0
2.304111620E1,-1.890748501E0,-3.692906499E-1,1.039233685E0
2.304346318E1,-1.885861635E0,-3.045389950E-1,1.027016401E0
2.304580948E1,-1.884639859E0,-2.532263398E-1,1.019685984E0
2.304815651E1,-1.885861635E0,-2.055788934E-1,1.011133909E0
2.305050438E1,-1.894413710E0,-1.493793130E-1,1.002581716E0
2.305285141E1,-1.904187560E0,-8.951459080E-2,9.891426563E-1
2.305519771E1,-1.921291828E0,-3.209330514E-2,9.720384479E-1
2.305754474E1,-1.945726395E0,4.121046141E-2,9.500473142E-1
2.305989260E1,-1.976269603E0,1.157359555E-1,9.292779565E-1
2.306223964E1,-2.010478020E0,1.829310954E-1,9.109519720E-1
2.306458594E1,-2.045907974E0,2.427958250E-1,8.938477635E-1
2.306693297E1,-2.076451302E0,2.867780626E-1,8.791870475E-1
2.306928083E1,-2.115546703E0,3.307603300E-1,8.633045554E-1
2.307162786E1,-2.139981270E0,3.478645384E-1,8.523089886E-1
2.307397411E1,-2.153420210E0,3.283168674E-1,8.449785709E-1
2.307632125E1,-2.121655226E0,2.110308707E-1,8.608610630E-1
2.307866906E1,-2.091112137E0,1.413922906E-1,8.730784059E-1
2.308101604E1,-2.136316061E0,2.427958250E-1,8.779652715E-1
2.308336234E1,-2.204732895E0,3.906250596E-1,8.852956891E-1
2.308570948E1,-2.270706177E0,5.543367863E-1,8.926260471E-1
2.308805729E1,-2.334236145E0,7.278223634E-1,8.816304803E-1
2.309040427E1,-2.400209665E0,9.098600745E-1,8.571959138E-1
2.309275057E1,-2.458852530E0,1.087010860E0,8.315395713E-1
2.309509760E1,-2.526047707E0,1.256831288E0,8.107701540E-1
2.309744552E1,-2.606681824E0,1.407104015E0,7.997745872E-1
2.309979250E1,-2.697089911E0,1.519503117E0,7.961094379E-1
2.310213880E1,-2.793606520E0,1.597693801E0,7.875573039E-1
2.310448583E1,-2.890123129E0,1.651449800E0,7.753400207E-1
2.310683370E1,-2.978087664E0,1.672219276E0,7.594575286E-1
2.310918073E1,-3.050169706E0,1.646562934E0,7.484619617E-1
2.311152703E1,-3.094151974E0,1.569594026E0,7.594575286E-1
2.311387406E1,-3.116142988E0,1.488959789E0,7.667878866E-1
2.311622193E1,-3.122251749E0,1.420542955E0,7.680096626E-1
2.311856896E1,-3.095373631E0,1.391221523E0,7.680096626E-1
2.312091521E1,-3.030622005E0,1.404660463E0,7.680096626E-1
2.312326234E1,-2.960983515E0,1.476742506E0,7.680096626E-1
2.312561016E1,-2.873018980E0,1.589141607E0,7.741183043E-1
2.312795719E1,-2.764285088E0,1.733305693E0,7.753400207E-1
2.313030344E1,-2.642112017E0,1.890908837E0,7.741183043E-1
2.313265057E1,-2.527269363E0,2.027742624E0,7.655661702E-1
2.313499839E1,-2.424644232E0,2.126702785E0,7.521271706E-1
2.313734536E1,-2.352562189E0,2.173128366E0,7.399098873E-1
2.313969167E1,-2.312245131E0,2.165797949E0,7.301360369E-1
2.314203880E1,-2.290253878E0,2.121815920E0,7.240273952E-1
2.314438661E1,-2.300027847E0,2.047290325E0,7.179187536E-1
2.314673359E1,-2.320797205E0,1.934891105E0,7.154752612E-1
2.314907990E1,-2.359892607E0,1.802944303E0,7.130318284E-1
2.315142693E1,-2.413648605E0,1.673440933E0,7.032579780E-1
2.315377484E1,-2.474735022E0,1.556154966E0,6.934841275E-1
2.315612182E1,-2.527269363E0,1.446199298E0,6.861537695E-1
2.315846813E1,-2.585912466E0,1.354569554E0,6.763799191E-1
2.316081516E1,-2.637225151E0,1.271492004E0,6.641626358E-1
2.316316302E1,-2.678763866E0,1.209183812E0,6.409497857E-1
2.316551005E1,-2.714194059E0,1.172531962E0,6.189586520E-1
2.316785635E1,-2.738628626E0,1.154205918E0,5.981892347E-1
2.317020338E1,-2.752067566E0,1.144432187E0,5.823067427E-1
2.317255125E1,-2.759397984E0,1.141988635E0,5.664243102E-1
2.317489828E1,-2.759397984E0,1.132214785E0,5.542069674E-1
2.317724453E1,-2.744737387E0,1.106558561E0,5.480983257E-1
2.317959167E1,-2.720302820E0,1.072350144E0,5.395462513E-1
2.318193948E1,-2.689759493E0,1.027146101E0,5.285506845E-1
2.318428646E1,-2.649442434E0,9.648379087E-1,5.236637592E-1
2.318663276E1,-2.595686197E0,8.817602992E-1,5.236637592E-1
2.318897990E1,-2.546817064E0,7.986826897E-1,5.248854756E-1
2.319132771E1,-2.490617514E0,6.997225881E-1,5.297724009E-1
2.319367469E1,-2.434417963E0,6.044276953E-1,5.358810425E-1
2.319602099E1,-2.387992382E0,5.201283693E-1,5.444331765E-1
2.319836813E1,-2.341566563E0,4.370507896E-1,5.713111758E-1
2.320071594E1,-2.301249504E0,3.588601053E-1,5.969675183E-1
2.320306292E1,-2.252380371E0,2.794476748E-1,6.079630852E-1
2.320540922E1,-2.190072060E0,1.768224239E-1,6.042978764E-1
2.320775625E1,-2.135094404E0,8.274926990E-2,5.847502351E-1
2.321010411E1,-2.059347153E0,-1.376736164E-2,5.639808178E-1
2.321245115E1,-1.986043334E0,-1.102839932E-1,5.358810425E-1
2.321479745E1,-1.913961411E0,-1.860312223E-1,5.028944016E-1
2.321714448E1,-1.846766233E0,-2.385655940E-1,4.723511636E-1
2.321949234E1,-1.788123250E0,-2.630001903E-1,4.466948211E-1
2.322183938E1,-1.744140983E0,-2.776609361E-1,4.259254336E-1
2.322418568E1,-1.708710909E0,-2.910999656E-1,4.161515832E-1
2.322653271E1,-1.685497999E0,-3.008738160E-1,4.112646878E-1
2.322888057E1,-1.670837283E0,-3.143128157E-1,4.075994790E-1
2.323122760E1,-1.659841657E0,-3.424125910E-1,4.124864042E-1
2.323357385E1,-1.651289582E0,-3.839513958E-1,4.185950458E-1
2.323592099E1,-1.650067806E0,-4.303771257E-1,4.259254336E-1
2.323826880E1,-1.653733015E0,-4.816897511E-1,4.344775379E-1
2.324061578E1,-1.658620000E0,-5.415545106E-1,4.491382837E-1
2.324296208E1,-1.672058940E0,-6.111930609E-1,4.637990296E-1
2.324530922E1,-1.684276223E0,-6.869403124E-1,4.857901633E-1
2.324765703E1,-1.697715282E0,-7.602440715E-1,5.065595508E-1
2.325000401E1,-1.723371625E0,-8.140001893E-1,5.199985504E-1
2.325235031E1,-1.753914833E0,-8.530955315E-1,5.273289680E-1
2.325469745E1,-1.775905967E0,-8.970777988E-1,5.371027589E-1
2.325704526E1,-1.793010235E0,-9.483904243E-1,5.456548929E-1
2.325939224E1,-1.801562309E0,-1.005811691E0,5.542069674E-1
2.326173854E1,-1.805227518E0,-1.053459167E0,5.700894594E-1
2.326408557E1,-1.802783966E0,-1.104771733E0,5.957458019E-1
2.326643349E1,-1.817444801E0,-1.140201926E0,6.348411441E-1
2.326878047E1,-1.824775100E0,-1.159749627E0,6.824885607E-1
2.327112677E1,-1.819888234E0,-1.173188567E0,7.264708281E-1
2.327347380E1,-1.812557817E0,-1.160971284E0,7.472402453E-1
2.327582167E1,-1.812557817E0,-1.108436942E0,7.496836782E-1
2.327816870E1,-1.812557817E0,-1.037576675E0,7.557923198E-1
2.328051500E1,-1.815001369E0,-9.496121407E-1,7.692313790E-1
2.328286203E1,-1.811336160E0,-8.530955315E-1,7.961094379E-1
2.328520990E1,-1.797897100E0,-7.565788627E-1,8.364264965E-1
2.328755693E1,-1.783236384E0,-6.661708951E-1,8.865174055E-1
2.328990318E1,-1.753914833E0,-5.867584944E-1,9.463821650E-1
2.329225031E1,-1.714819551E0,-5.195633769E-1,1.009912133E0
2.329459812E1,-1.663506866E0,-4.645855427E-1,1.074663758E0
2.329694510E1,-1.599976897E0,-4.254902005E-1,1.134528518E0
2.329929141E1,-1.521786213E0,-3.925035000E-1,1.184619427E0
2.330163854E1,-1.435043454E0,-3.668471873E-1,1.218827844E0
2.330398635E1,-1.329974771E0,-3.558516204E-1,1.246927619E0
2.330633333E1,-1.215132117E0,-3.607385457E-1,1.267697096E0
2.330867964E1,-1.100289583E0,-3.778427541E-1,1.278692603E0
2.331102667E1,-9.842252135E-1,-4.047208130E-1,1.278692603E0
2.331337458E1,-8.779347539E-1,-4.328205884E-1,1.273805737E0
2.331572156E1,-7.826398611E-1,-4.596986175E-1,1.257923245E0
2.331806786E1,-6.958971024E-1,-4.816897511E-1,1.226158261E0
2.332041490E1,-6.201498508E-1,-4.755811095E-1,1.178510785E0
2.332276276E1,-5.676155090E-1,-4.303771257E-1,1.119867802E0
2.332510979E1,-5.309635997E-1,-3.631820083E-1,1.056337833E0
2.332745609E1,-5.150811076E-1,-2.593349814E-1,9.879209399E-1
2.332980312E1,-5.175246000E-1,-1.298316717E-1,9.195041060E-1
2.333215099E1,-5.260766745E-1,-5.215257406E-3,8.474220634E-1
2.333449802E1,-5.407374501E-1,1.059621200E-1,7.741183043E-1
2.333684432E1,-5.529547334E-1,2.000353038E-1,6.983710527E-1
2.333919135E1,-5.578416586E-1,2.745607793E-1,6.214020848E-1
2.334153922E1,-5.651720166E-1,3.441993594E-1,5.493201017E-1
2.334388625E1,-5.627285838E-1,3.857381344E-1,4.870119095E-1
2.334623250E1,-5.553982258E-1,4.089510143E-1,4.295906126E-1
2.334857964E1,-5.382940173E-1,4.223900437E-1,3.843866289E-1
2.335092745E1,-5.138593912E-1,4.260552227E-1,3.489564657E-1
2.335327443E1,-4.820944071E-1,4.223900437E-1,3.233001530E-1
2.335562073E1,-4.527729154E-1,4.248334765E-1,3.025307655E-1
2.335796786E1,-4.210079610E-1,4.272769392E-1,2.866482735E-1
2.336031568E1,-3.867995441E-1,4.272769392E-1,2.732092440E-1
2.336266266E1,-3.538128436E-1,4.333855808E-1,2.585484982E-1
2.336500896E1,-3.232696056E-1,4.431594312E-1,2.365573645E-1
2.336735609E1,-2.988350093E-1,4.578201771E-1,2.133445144E-1
2.336970391E1,-2.756221592E-1,4.675940275E-1,1.901316494E-1
2.337205088E1,-2.621831298E-1,4.627071023E-1,1.669187844E-1
2.337439719E1,-2.499658614E-1,4.492680728E-1,1.424842030E-1
2.337674422E1,-2.438572198E-1,4.284986854E-1,1.168278754E-1
2.337909208E1,-2.414137572E-1,3.955119848E-1,8.628463745E-2
2.338143911E1,-2.401920110E-1,3.515297174E-1,4.963275790E-2
2.338378542E1,-2.401920110E-1,2.953301668E-1,9.315687232E-3
2.338613245E1,-2.414137572E-1,2.318002582E-1,-3.344484419E-2
2.338848031E1,-2.475223988E-1,1.707137823E-1,-7.987056673E-2
2.339082734E1,-2.487441152E-1,1.084055826E-1,-1.299614608E-1
2.339317365E1,-2.475223988E-1,3.876700252E-2,-1.812741011E-1
2.339552068E1,-2.450789362E-1,-2.109774202E-2,-2.338084728E-1
2.339786854E1,-2.401920110E-1,-7.974075526E-2,-2.851211131E-1
2.340021557E1,-2.328616530E-1,-1.334968507E-1,-3.315468132E-1
2.340256182E1,-2.267529815E-1,-1.750356555E-1,-3.767508268E-1
2.340490896E1,-2.072053105E-1,-2.214613557E-1,-4.134027064E-1
2.340725677E1,-1.864359230E-1,-2.642219067E-1,-4.488328397E-1
2.340960375E1,-1.571144015E-1,-3.069824576E-1,-4.744891822E-1
2.341195005E1,-1.265711635E-1,-3.350822330E-1,-5.025889874E-1
2.341429719E1,-8.869755268E-2,-3.680689335E-1,-5.306887627E-1
2.341664500E1,-4.471529275E-2,-3.986121416E-1,-5.587885380E-1
2.341899198E1,6.597341970E-3,-4.242684841E-1,-5.881100297E-1
2.342133828E1,6.524036080E-2,-4.474813342E-1,-6.174315214E-1
2.342368531E1,1.312137395E-1,-4.670290053E-1,-6.467530727E-1
2.342603323E1,1.959653944E-1,-4.792462885E-1,-6.748528481E-1
2.342838021E1,2.802647352E-1,-5.024591684E-1,-6.956222057E-1
2.343072651E1,3.694509864E-1,-5.232285857E-1,-7.115046978E-1
2.343307354E1,4.610807002E-1,-5.513283610E-1,-7.163916230E-1
2.343542141E1,5.600407720E-1,-5.879802108E-1,-7.115046978E-1
2.343776844E1,6.773267984E-1,-6.429580450E-1,-6.907352805E-1
2.344011474E1,7.921693921E-1,-6.869403124E-1,-6.663007140E-1
2.344246177E1,9.131205678E-1,-7.297008634E-1,-6.369792223E-1
2.344480964E1,1.041402102E0,-7.846786380E-1,-6.015490890E-1
2.344715667E1,1.181900978E0,-8.506520391E-1,-5.600102544E-1
2.344950292E1,1.326065063E0,-9.166254401E-1,-5.196931958E-1
2.345185005E1,1.471450925E0,-9.887074232E-1,-4.781543612E-1
2.345419786E1,1.624167085E0,-1.057124376E0,-4.317286313E-1
2.345654490E1,1.773218036E0,-1.116989017E0,-3.877463639E-1
2.345889115E1,1.918603897E0,-1.171966910E0,-3.437641263E-1
2.346123828E1,2.060324669E0,-1.220836043E0,-3.058905005E-1
2.346358609E1,2.193493128E0,-1.256266236E0,-2.704603374E-1
2.346593307E1,2.321774721E0,-1.290474653E0,-2.435823083E-1
2.346827938E1,2.441504240E0,-1.329569936E0,-2.264780998E-1
2.347062651E1,2.550238132E0,-1.355226278E0,-2.228129059E-1
2.347297432E1,2.649198294E0,-1.365000129E0,-2.313650101E-1
2.347532130E1,2.739606142E0,-1.371108770E0,-2.484692186E-1
2.347766760E1,2.820240259E0,-1.367443562E0,-2.741255462E-1
2.348001464E1,2.881326675E0,-1.339343786E0,-3.119991422E-1
2.348236255E1,2.937526226E0,-1.297805071E0,-3.547596931E-1
2.348470953E1,2.985173702E0,-1.237940311E0,-4.024071395E-1
2.348705583E1,3.031599522E0,-1.163414836E0,-4.512763023E-1
2.348940286E1,3.069473028E0,-1.068119884E0,-5.050324202E-1
2.349175073E1,3.093907595E0,-9.483904243E-1,-5.685623884E-1
2.349409776E1,3.123229265E0,-8.359913230E-1,-6.345357299E-1
2.349644406E1,3.135446548E0,-6.967141628E-1,-7.078395486E-1
2.349879109E1,3.142776966E0,-5.525500774E-1,-7.823650241E-1
2.350113896E1,3.147663832E0,-4.022773504E-1,-8.532253504E-1
2.350348599E1,3.142776966E0,-2.483394146E-1,-9.216421843E-1
2.350583224E1,3.131781340E0,-9.562323242E-2,-9.937242270E-1
2.350817938E1,3.112233639E0,5.220602825E-2,-1.067027926E0
2.351052719E1,3.093907595E0,1.829310954E-1,-1.145218611E0
2.351287417E1,3.067029715E0,3.087691963E-1,-1.224631071E0
2.351522047E1,3.041373253E0,4.150596559E-1,-1.307708621E0
2.351756760E1,3.014495373E0,5.189066529E-1,-1.398116589E0
2.351991542E1,2.992504120E0,6.056494713E-1,-1.493411541E0
2.352226240E1,2.968069553E0,6.948357224E-1,-1.594815016E0
2.352460870E1,2.936304569E0,8.011261821E-1,-1.702327251E0
2.352695583E1,2.889878988E0,9.232990742E-1,-1.804952502E0
2.352930365E1,2.828792334E0,1.069906592E0,-1.897803903E0
2.353165062E1,2.756710291E0,1.227509737E0,-1.972329378E0
2.353399693E1,2.663858891E0,1.405882239E0,-2.032194138E0
2.353634396E1,2.551459789E0,1.596472025E0,-2.072511196E0
2.353869182E1,2.423178196E0,1.778509736E0,-2.092058897E0
2.354103885E1,2.283900976E0,1.936112761E0,-2.088393688E0
2.354338516E1,2.139736891E0,2.074168444E0,-2.067624331E0
2.354573219E1,1.982133746E0,2.204893351E0,-2.026085615E0
2.354808005E1,1.819643736E0,2.328288078E0,-1.961333871E0
2.355042708E1,1.664484143E0,2.418696165E0,-1.874591112E0
2.355277339E1,1.506880999E0,2.510325670E0,-1.767078876E0
2.355512042E1,1.351721406E0,2.599512100E0,-1.641240716E0
2.355746828E1,1.236878872E0,2.628833532E0,-1.493411541E0
2.355981526E1,1.162353396E0,2.620281458E0,-1.328477979E0
2.356216156E1,1.133031845E0,2.586072922E0,-1.152549028E0
2.356450870E1,1.135475278E0,2.542090654E0,-9.766200185E-1
2.356685651E1,1.162353396E0,2.509104013E0,-8.153517246E-1
2.356920349E1,1.234435320E0,2.437021971E0,-6.699659228E-1
2.357154979E1,1.339504123E0,2.328288078E0,-5.490146875E-1
2.357389693E1,1.460455298E0,2.217110634E0,-4.610501528E-1
2.357624474E1,1.588736892E0,2.103489876E0,-3.926332891E-1
2.357859172E1,1.724348903E0,2.006973267E0,-3.400989175E-1
2.358093802E1,1.855073929E0,1.937334538E0,-3.107774258E-1
2.358328505E1,1.980912089E0,1.905569553E0,-2.985601425E-1
2.358563297E1,2.106750250E0,1.872582912E0,-2.936732173E-1
2.358797995E1,2.225258112E0,1.840817928E0,-2.924514711E-1
2.359032625E1,2.337657213E0,1.807831168E0,-2.887862921E-1
2.359267328E1,2.445169449E0,1.774844527E0,-2.790124714E-1
2.359502115E1,2.555124998E0,1.761405468E0,-2.594648004E-1
2.359736818E1,2.656528473E0,1.767514110E0,-2.374736518E-1
2.359971448E1,2.755488634E0,1.780953169E0,-2.081521451E-1
2.360206151E1,2.864222527E0,1.777287960E0,-1.800523698E-1
2.360440938E1,2.961961031E0,1.763848901E0,-1.519525945E-1
2.360675641E1,3.051147223E0,1.705205917E0,-1.275179982E-1
2.360910266E1,3.122007370E0,1.617241383E0,-1.067486182E-1
2.361144979E1,3.165989637E0,1.519503117E0,-8.597921580E-2
2.361379760E1,3.192867756E0,1.437647223E0,-6.398808211E-2
2.361614464E1,3.217302322E0,1.368008614E0,-4.199695215E-2
2.361849088E1,3.236850023E0,1.299591780E0,-2.244927734E-2
2.362083802E1,3.252732515E0,1.231174946E0,-1.511890069E-2
2.362318583E1,3.269836664E0,1.151762486E0,-1.756235957E-2
2.362553281E1,3.280832291E0,1.079680443E0,-2.733619511E-2
2.362787911E1,3.290606260E0,1.010041833E0,-3.222311288E-2
2.363022625E1,3.307710409E0,9.330729246E-1,-1.756235957E-2
2.363257406E1,3.326036215E0,8.609908819E-1,5.650498904E-3
2.363492104E1,3.350470781E0,7.828001976E-1,2.519816905E-2
2.363726734E1,3.382235765E0,7.082747221E-1,4.108064994E-2
2.363961438E1,3.405448675E0,6.361926794E-1,5.207621679E-2
2.364196224E1,3.435992002E0,5.518933535E-1,6.551523507E-2
2.364430927E1,3.481195927E0,4.688157439E-1,8.384118229E-2
2.364665557E1,3.532508612E0,3.832947016E-1,1.021671221E-1
2.364900260E1,3.578934193E0,3.173213005E-1,1.192713305E-1
2.365135047E1,3.635133743E0,2.672304213E-1,1.375972778E-1
2.365369750E1,3.685224771E0,2.269133329E-1,1.571449488E-1
2.365604380E1,3.723098278E0,2.073656619E-1,1.730274409E-1
2.365839083E1,3.752419949E0,1.963700950E-1,1.828012764E-1
2.366073870E1,3.774410963E0,1.878179908E-1,1.852447242E-1
2.366308573E1,3.778076172E0,1.804876328E-1,1.815795451E-1
2.366543198E1,3.763415337E0,1.804876328E-1,1.449276507E-1
2.366777911E1,3.724320173E0,1.914831996E-1,5.818486586E-2
2.367012693E1,3.682781219E0,1.951483786E-1,-2.489273623E-2
2.367247391E1,3.624138355E0,1.597182155E-1,-9.208785743E-2
2.367482021E1,3.531286955E0,9.374482185E-2,-1.580612361E-1
2.367716734E1,3.405448675E0,1.799760386E-2,-2.325867414E-1
2.367951516E1,3.241736889E0,-5.164097995E-2,-3.144426048E-1
2.368186214E1,3.045038462E0,-1.188360974E-1,-3.901898265E-1
2.368420844E1,2.826349020E0,-1.848094761E-1,-4.549415112E-1
2.368655547E1,2.580781221E0,-2.300134599E-1,-5.038107038E-1
2.368890338E1,2.329105139E0,-2.605567276E-1,-5.380191207E-1
2.369125036E1,2.092089653E0,-3.094259202E-1,-5.587885380E-1
2.369359667E1,1.873399854E0,-3.582950830E-1,-5.746710300E-1
2.369594370E1,1.686475277E0,-4.242684841E-1,-5.820013881E-1
2.369829156E1,1.538645983E0,-5.122329593E-1,-5.844448209E-1
2.370063859E1,1.420138240E0,-6.050844193E-1,-5.832231045E-1
2.370298490E1,1.319956422E0,-7.052662373E-1,-5.856665969E-1
2.370533193E1,1.234435320E0,-8.213305473E-1,-5.868883133E-1
2.370767979E1,1.161131620E0,-9.459469318E-1,-5.905535221E-1
2.371002682E1,1.096379995E0,-1.081558943E0,-5.905535221E-1
2.371237307E1,1.031628251E0,-1.219614387E0,-5.942186713E-1
2.371472021E1,9.742070436E-1,-1.355226278E0,-5.954403877E-1
2.371706802E1,9.143423438E-1,-1.478621006E0,-5.954403877E-1
2.371941505E1,8.569210172E-1,-1.589798331E0,-5.942186713E-1
2.372176130E1,7.994997501E-1,-1.687536716E0,-5.881100297E-1
2.372410844E1,7.433001995E-1,-1.760840535E0,-5.807796717E-1
2.372645625E1,6.980962157E-1,-1.834144235E0,-5.746710300E-1
2.372880323E1,6.663312316E-1,-1.897674203E0,-5.624537468E-1
2.373114953E1,6.382314563E-1,-1.931882620E0,-5.526798964E-1
2.373349667E1,6.113533974E-1,-1.952651978E0,-5.392408371E-1
2.373584448E1,5.918057561E-1,-1.948986769E0,-5.233584046E-1
2.373819146E1,5.869188309E-1,-1.928217411E0,-5.074759126E-1
2.374053776E1,5.783666968E-1,-1.875683069E0,-4.989237785E-1
2.374288479E1,5.771449804E-1,-1.801157594E0,-4.915933907E-1
2.374523266E1,5.832536221E-1,-1.709527850E0,-4.867064655E-1
2.374757969E1,5.979143977E-1,-1.605680823E0,-4.818195403E-1
2.374992599E1,6.064664721E-1,-1.478621006E0,-4.781543612E-1
2.375227302E1,6.272358894E-1,-1.347895980E0,-4.732674360E-1
2.375462088E1,6.504487395E-1,-1.213505745E0,-4.671587944E-1
2.375696792E1,6.797702909E-1,-1.084002376E0,-4.598284066E-1
2.375931422E1,7.115352154E-1,-9.606077075E-1,-4.476111233E-1
2.376166125E1,7.396349907E-1,-8.335478306E-1,-4.341720939E-1
2.376400911E1,7.726216912E-1,-7.199270129E-1,-4.170678854E-1
2.376635615E1,7.994997501E-1,-6.099713445E-1,-4.048506021E-1
2.376870240E1,8.300430179E-1,-5.256720185E-1,-3.853029311E-1
2.377104953E1,8.410385251E-1,-4.181598425E-1,-3.779725432E-1
2.377339734E1,8.434820175E-1,-3.045389950E-1,-3.718639016E-1
2.377574432E1,8.434820175E-1,-2.141309977E-1,-3.596465886E-1
2.377809062E1,8.471472263E-1,-1.518227756E-1,-3.388772011E-1
2.378043776E1,8.337081671E-1,-7.729729265E-2,-3.217729926E-1
2.378278557E1,8.202691674E-1,-3.453676403E-2,-3.034470379E-1
2.378513255E1,7.982780337E-1,3.336848691E-3,-2.863428295E-1
2.378747885E1,7.616261244E-1,4.121046141E-2,-2.704603374E-1
2.378982589E1,7.200873494E-1,6.564505398E-2,-2.496909350E-1
2.379217380E1,6.736616492E-1,8.030579984E-2,-2.215911746E-1
2.379452078E1,6.235707402E-1,7.908406854E-2,-1.886044741E-1
2.379686708E1,5.710363388E-1,5.709294602E-2,-1.495091319E-1
2.379921411E1,5.185019374E-1,3.265835717E-2,-1.140789911E-1
2.380156198E1,4.623024166E-1,-3.993527964E-3,-7.864883542E-2
2.380390901E1,3.963290453E-1,-4.308886826E-2,-4.321867973E-2
2.380625531E1,3.401294947E-1,-9.440150112E-2,-2.901607426E-3
2.380860234E1,2.729343772E-1,-1.359403133E-1,3.497200459E-2
2.381095021E1,2.069609612E-1,-1.848094761E-1,7.284561545E-2
2.381329724E1,1.458744854E-1,-2.312352061E-1,1.094974950E-1
2.381564349E1,8.234456927E-2,-2.691088319E-1,1.449276507E-1
2.381799062E1,2.858847193E-2,-3.155345619E-1,1.815795451E-1
2.382033844E1,-2.883281000E-2,-3.534081578E-1,2.121227831E-1
2.382268547E1,-8.381063491E-2,-3.790645003E-1,2.341139019E-1
2.382503172E1,-1.375667304E-1,-3.937252462E-1,2.499963939E-1
2.382737885E1,-1.913228482E-1,-4.120511711E-1,2.646571398E-1
2.382972667E1,-2.340833694E-1,-4.401509464E-1,2.866482735E-1
2.383207365E1,-2.866177261E-1,-4.621420801E-1,3.037524819E-1
2.383441995E1,-3.440389931E-1,-4.865766764E-1,3.171915114E-1
2.383676708E1,-4.087906778E-1,-4.987939596E-1,3.184132278E-1
2.383911490E1,-4.833161831E-1,-5.085678101E-1,3.086394072E-1
2.384146188E1,-5.786110759E-1,-5.158981681E-1,2.878699899E-1
2.384380818E1,-6.849015355E-1,-5.293372273E-1,2.683223188E-1
2.384615531E1,-7.936354280E-1,-5.464414358E-1,2.463312149E-1
2.384850312E1,-9.084780216E-1,-5.623239279E-1,2.255617976E-1
2.385085010E1,-1.013546705E0,-5.769846439E-1,2.047923952E-1
2.385319641E1,-1.107620001E0,-5.647673607E-1,1.815795451E-1
2.385554344E1,-1.180923700E0,-5.305589437E-1,1.583666801E-1
2.385789130E1,-1.240788460E0,-4.609203637E-1,1.375972778E-1
2.386023833E1,-1.265223026E0,-3.753992915E-1,1.204930618E-1
2.386258464E1,-1.262779593E0,-2.581132650E-1,1.046105772E-1
2.386493167E1,-1.238345027E0,-1.053970680E-1,8.872809261E-2
2.386727953E1,-1.180923700E0,5.587121472E-2,7.773253322E-2
2.386962656E1,-1.095402718E0,2.281350791E-1,6.673696637E-2
2.387197281E1,-9.805600047E-1,3.942902386E-1,6.307177991E-2
2.387431995E1,-8.412829041E-1,5.506716371E-1,6.673696637E-2
2.387666776E1,-6.861232519E-1,6.923922300E-1,7.284561545E-2
2.387901474E1,-4.979768991E-1,7.803567648E-1,8.506290615E-2
2.388136104E1,-2.988350093E-1,8.218955398E-1,9.361501783E-2
2.388370818E1,-9.236273915E-2,8.218955398E-1,9.117155522E-2
2.388605599E1,1.165530011E-1,7.791350484E-1,7.651080191E-2
2.388840297E1,3.266904652E-1,6.948357224E-1,5.207621679E-2
2.389074927E1,5.294975638E-1,5.812148452E-1,2.519816905E-2
2.389309630E1,7.090917826E-1,4.688157439E-1,-6.566795520E-3
2.389544422E1,8.679165840E-1,3.503080010E-1,-2.733619511E-2
2.389779120E1,9.974198341E-1,2.269133329E-1,-3.955348954E-2
2.390013750E1,1.102488637E0,9.374482185E-2,-4.321867973E-2
2.390248453E1,1.183122754E0,-5.164097995E-2,-4.199695215E-2
2.390483240E1,1.235657096E0,-2.055788934E-1,-3.466657177E-2
2.390717943E1,1.262535095E0,-3.619602621E-1,-2.000581846E-2
2.390952573E1,1.282082796E0,-5.171198845E-1,3.207039787E-3
2.391187276E1,1.280861139E0,-6.588405371E-1,2.764162794E-2
2.391422063E1,1.266200304E0,-7.859004140E-1,4.963275790E-2
2.391656766E1,1.253983021E0,-8.958560228E-1,6.918042153E-2
2.391891391E1,1.228326678E0,-9.777119160E-1,8.017598838E-2
2.392126104E1,1.184344411E0,-1.020472407E0,8.017598838E-2
2.392360885E1,1.152579546E0,-1.071785092E0,8.139771968E-2
2.392595583E1,1.107375503E0,-1.091332793E0,7.284561545E-2
2.392830214E1,1.054841161E0,-1.093776226E0,5.818486586E-2
2.393064927E1,9.974198341E-1,-1.068119884E0,3.497200459E-2
2.393299708E1,9.534376860E-1,-1.040020108E0,1.175914612E-2
2.393534406E1,9.021250010E-1,-9.838205576E-1,-9.010254405E-3
2.393769036E1,8.483689427E-1,-9.068515897E-1,-1.511890069E-2
2.394003750E1,7.958345413E-1,-8.201088309E-1,-5.345066078E-3
2.394238531E1,7.457436323E-1,-7.541354299E-1,1.420260500E-2
2.394473229E1,6.956527233E-1,-7.101531625E-1,3.497200459E-2
2.394707859E1,6.528922319E-1,-7.064879537E-1,5.451967567E-2
2.394942562E1,6.003578305E-1,-7.333660126E-1,7.528907061E-2
2.395177349E1,5.502669215E-1,-7.846786380E-1,9.483674169E-2
2.395412052E1,5.026195049E-1,-8.579823971E-1,1.168278754E-1
2.395646682E1,4.488633871E-1,-9.215123653E-1,1.339320987E-1
2.395881385E1,3.926638365E-1,-9.813771248E-1,1.461493820E-1
2.396116172E1,3.413512111E-1,-1.042463541E0,1.583666801E-1
2.396350875E1,2.888168395E-1,-1.096219659E0,1.656970531E-1
2.396585500E1,2.277303785E-1,-1.138980150E0,1.705839783E-1
2.396820214E1,1.568700522E-1,-1.157306194E0,1.791360825E-1
2.397054995E1,9.334013611E-2,-1.179297328E0,2.060141265E-1
2.397289698E1,3.836230934E-2,-1.201288342E0,2.353356332E-1
2.397524323E1,-1.954764128E-3,-1.230609894E0,2.719875276E-1
2.397759036E1,-3.616318852E-2,-1.261153102E0,3.025307655E-1
2.397993818E1,-5.204567313E-2,-1.296583295E0,3.257436156E-1
2.398228516E1,-5.448912829E-2,-1.343008995E0,3.477347493E-1
2.398463146E1,-4.960221052E-2,-1.394321680E0,3.672824204E-1
2.398697859E1,-3.738491237E-2,-1.449299455E0,3.868300915E-1
2.398932641E1,-1.539378799E-2,-1.510385990E0,4.112646878E-1
2.399167339E1,7.819071412E-3,-1.544594407E0,4.271471500E-1
2.399401969E1,5.790998042E-2,-1.560476899E0,4.369210005E-1
2.399636672E1,1.128878072E-1,-1.529933572E0,4.332558215E-1
2.399871464E1,1.678656191E-1,-1.463960290E0,4.124864042E-1
2.400106161E1,2.252869159E-1,-1.380882621E0,3.819431663E-1
2.400340792E1,2.765995562E-1,-1.294139862E0,3.526216745E-1
2.400575495E1,3.046993315E-1,-1.195179701E0,3.159697950E-1
2.400810281E1,3.156948984E-1,-1.087667584E0,2.671006024E-1
2.401044984E1,3.022558689E-1,-9.630511403E-1,2.121227831E-1
2.401279615E1,2.717126310E-1,-8.262174726E-1,1.534797698E-1
2.401514318E1,2.130696028E-1,-6.686143875E-1,8.750636876E-2
2.401749104E1,1.434310228E-1,-5.024591684E-1,8.093957789E-3
2.401983807E1,6.890554726E-2,-3.265301287E-1,-9.208785743E-2
2.402218432E1,-9.285138920E-3,-1.359403133E-1,-2.167042494E-1
2.402453146E1,-8.258890361E-2,6.320159137E-2,-3.535379469E-1
2.402687927E1,-1.522275060E-1,2.574565709E-1,-4.964802861E-1
2.402922625E1,-2.279747277E-1,4.456028938E-1,-6.479747891E-1
2.403157255E1,-3.049436510E-1,5.958756208E-1,-8.006909490E-1
2.403391969E1,-3.867995441E-1,7.033877969E-1,-9.411898255E-1
2.403626750E1,-4.735423326E-1,7.669177055E-1,-1.040149927E0
2.403861448E1,-5.700589418E-1,7.876871228E-1,-1.078023434E0
2.404096078E1,-6.580234766E-1,7.571439147E-1,-1.065806150E0
2.404330792E1,-7.178882360E-1,6.557403803E-1,-1.021823883E0
2.404565573E1,-7.569835782E-1,5.091328025E-1,-9.705113769E-1
2.404800271E1,-7.643139362E-1,3.124343753E-1,-9.191986918E-1
2.405034901E1,-7.643139362E-1,1.035186574E-1,-8.715512753E-1
2.405269604E1,-7.484314442E-1,-1.115057245E-1,-8.239037991E-1
2.405504391E1,-7.325489521E-1,-3.130910993E-1,-7.786998153E-1
2.405739094E1,-7.386575937E-1,-4.743593931E-1,-7.286089063E-1
2.405973724E1,-7.630922198E-1,-5.892019272E-1,-6.675224304E-1
2.406208427E1,-8.009658456E-1,-6.710578203E-1,-5.954403877E-1
2.406443214E1,-8.461698294E-1,-7.419181466E-1,-5.172497034E-1
2.406677917E1,-9.048128128E-1,-7.920090556E-1,-4.402807355E-1
2.406912542E1,-9.487950802E-1,-8.689779639E-1,-3.608683348E-1
2.407147255E1,-9.891121984E-1,-9.532773495E-1,-2.912297547E-1
2.407382036E1,-1.015990138E0,-1.046128750E0,-2.264780998E-1
2.407616734E1,-1.039203167E0,-1.134093285E0,-1.641698927E-1
2.407851365E1,-1.059972525E0,-1.191514611E0,-8.842267096E-2
2.408086078E1,-1.080741882E0,-1.190292835E0,-2.901607426E-3
2.408320859E1,-1.089294076E0,-1.135315061E0,8.994982392E-2
2.408555557E1,-1.088072300E0,-1.035133243E0,1.876881868E-1
2.408790188E1,-1.068524599E0,-9.080733061E-1,2.744309902E-1
2.409024891E1,-1.042868257E0,-7.455832958E-1,3.367391825E-1
2.409259682E1,-1.009881496E0,-5.745412111E-1,3.941604793E-1
2.409494380E1,-9.781165719E-1,-4.071642756E-1,4.589121342E-1
2.409729010E1,-9.463516474E-1,-2.593349814E-1,5.407679677E-1
2.409963714E1,-9.060345292E-1,-1.554879844E-1,6.287325025E-1
2.410198500E1,-8.632740378E-1,-8.951459080E-2,7.142535448E-1
2.410433203E1,-8.229569197E-1,-3.820195049E-2,7.912225127E-1
2.410667833E1,-7.948571444E-1,-1.550069079E-3,8.571959138E-1
2.410902536E1,-7.789747119E-1,3.632354364E-2,9.158388972E-1
2.411137323E1,-7.582052946E-1,4.731911048E-2,9.793688655E-1
2.411372026E1,-7.435445189E-1,3.998873010E-2,1.035568476E0
2.411606651E1,-7.301055193E-1,1.188895479E-2,1.086881042E0
2.411841365E1,-7.203316689E-1,-3.698022291E-2,1.129641652E0
2.412076146E1,-7.105578184E-1,-1.115057245E-1,1.163850069E0
2.412310849E1,-7.130013108E-1,-1.860312223E-1,1.183397770E0
2.412545474E1,-7.398793697E-1,-2.385655940E-1,1.184619427E0
2.412780188E1,-7.838615775E-1,-2.825478613E-1,1.176067352E0
2.413014969E1,-8.388394117E-1,-3.253083825E-1,1.158963084E0
2.413249667E1,-9.096997380E-1,-3.595167994E-1,1.135750294E0
2.413484297E1,-9.817817807E-1,-4.034990668E-1,1.112537384E0
2.413719010E1,-1.052642107E0,-4.523682594E-1,1.090546250E0
2.413953792E1,-1.116172075E0,-5.049026012E-1,1.073442101E0
2.414188490E1,-1.196806192E0,-5.268937349E-1,1.053894401E0
2.414423120E1,-1.266444802E0,-5.464414358E-1,1.040455341E0
2.414657823E1,-1.336083412E0,-5.525500774E-1,1.031903267E0
2.414892609E1,-1.397169828E0,-5.635456443E-1,1.033125043E0
2.415127313E1,-1.454591155E0,-5.586587191E-1,1.035568476E0
2.415361943E1,-1.498573422E0,-5.501065850E-1,1.042898774E0
2.415596646E1,-1.531560063E0,-5.439979434E-1,1.055116177E0
2.415831432E1,-1.553551197E0,-5.281154513E-1,1.061224818E0
2.416066135E1,-1.559659839E0,-5.122329593E-1,1.058781266E0
2.416300766E1,-1.560881615E0,-4.951287508E-1,1.045342326E0
2.416535469E1,-1.549885988E0,-4.829114676E-1,1.029459834E0
2.416770255E1,-1.538890481E0,-4.682507217E-1,1.012355566E0
2.417004958E1,-1.534003496E0,-4.487030506E-1,9.964730144E-1
2.417239583E1,-1.536447048E0,-4.157163799E-1,9.842557311E-1
2.417474297E1,-1.537668705E0,-3.863948584E-1,9.769253731E-1
2.417709078E1,-1.553551197E0,-3.448560536E-1,9.683732986E-1
2.417943781E1,-1.571877122E0,-3.094259202E-1,9.598211646E-1
2.418178406E1,-1.586537957E0,-2.910999656E-1,9.561559558E-1
2.418413120E1,-1.613415956E0,-2.532263398E-1,9.537125230E-1
2.418647901E1,-1.652511239E0,-2.116875350E-1,9.414952397E-1
2.418882599E1,-1.690384865E0,-1.909181178E-1,9.256127477E-1
2.419117229E1,-1.741697550E0,-1.664835513E-1,9.060650468E-1
2.419351932E1,-1.808892608E0,-1.237230077E-1,8.901826143E-1
2.419586724E1,-1.890748501E0,-5.774962157E-2,8.779652715E-1
2.419821422E1,-1.971382737E0,-3.283396363E-4,8.706349134E-1
2.420056052E1,-2.050795078E0,6.686678529E-2,8.584176302E-1
2.420290755E1,-2.139981270E0,1.523878574E-1,8.437568545E-1
2.420525542E1,-2.221837044E0,2.391306460E-1,8.339830041E-1
2.420760245E1,-2.303693056E0,3.234299421E-1,8.278743625E-1
2.420994875E1,-2.379440308E0,3.979554474E-1,8.266526461E-1
2.421229578E1,-2.458852530E0,4.920285940E-1,8.193222880E-1
2.421464365E1,-2.543151855E0,6.166450381E-1,8.205440044E-1
2.421699068E1,-2.640890360E0,7.766915560E-1,8.229874969E-1
2.421933693E1,-2.721524477E0,9.171904325E-1,8.278743625E-1
2.422168406E1,-2.802158594E0,1.065019727E0,8.327612877E-1
2.422403188E1,-2.873018980E0,1.200631738E0,8.425351381E-1
2.422637885E1,-2.931661844E0,1.328913331E0,8.523089886E-1
2.422872516E1,-2.984196186E0,1.458416581E0,8.657479882E-1
2.423107229E1,-3.029400349E0,1.583032966E0,8.926260471E-1
2.423342010E1,-3.084378004E0,1.717423201E0,9.292779565E-1
2.423576708E1,-3.130803823E0,1.844483137E0,9.647080898E-1
2.423811339E1,-3.165012121E0,1.950773597E0,9.854775071E-1
2.424046052E1,-3.180894613E0,2.021634102E0,9.989165664E-1
2.424280833E1,-3.173564434E0,2.071724892E0,1.014798999E0
2.424515531E1,-3.143021107E0,2.124259233E0,1.020907640E0
2.424750161E1,-3.099038839E0,2.165797949E0,1.025794625E0
2.424984865E1,-3.059943438E0,2.225662708E0,1.017242551E0
2.425219651E1,-3.014739513E0,2.259871244E0,1.008690357E0
2.425454354E1,-2.964648485E0,2.295301437E0,9.915861487E-1
2.425688984E1,-2.907227278E0,2.334396839E0,9.683732986E-1
2.425923688E1,-2.837588787E0,2.350279093E0,9.439386725E-1
2.426158474E1,-2.772837162E0,2.357609510E0,9.121736884E-1
2.426393177E1,-2.714194059E0,2.336840153E0,8.718566298E-1
2.426627807E1,-2.672655344E0,2.291636229E0,8.303178549E-1
2.426862510E1,-2.643333673E0,2.224441051E0,7.985528708E-1
2.427097297E1,-2.637225151E0,2.164576292E0,7.741183043E-1
2.427331995E1,-2.638446808E0,2.093715906E0,7.570140958E-1
2.427566625E1,-2.662881374E0,2.033851385E0,7.362446785E-1
2.427801338E1,-2.700755119E0,1.971542954E0,7.179187536E-1
2.428036120E1,-2.734963417E0,1.899460912E0,7.032579780E-1
2.428270818E1,-2.777724028E0,1.838374496E0,6.898189783E-1
2.428505448E1,-2.818041086E0,1.789505243E0,6.727147698E-1
2.428740161E1,-2.862023354E0,1.756518602E0,6.531670690E-1
2.428974943E1,-2.896231651E0,1.729640484E0,6.372845769E-1
2.429209641E1,-2.932883739E0,1.710092902E0,6.238455772E-1
2.429444271E1,-2.970757246E0,1.711314559E0,6.091848016E-1
2.429678974E1,-2.998857021E0,1.705205917E0,5.981892347E-1
2.429913760E1,-3.018404722E0,1.685658216E0,5.884154439E-1
2.430148464E1,-3.025735140E0,1.658780217E0,5.835285187E-1
2.430383094E1,-3.022069931E0,1.633123875E0,5.810850263E-1
2.430617797E1,-3.009852648E0,1.598915458E0,5.786415935E-1
2.430852583E1,-2.989083290E0,1.554933190E0,5.761981010E-1
2.431087286E1,-2.956096411E0,1.493846774E0,5.774198771E-1
2.431321917E1,-2.917001247E0,1.425429940E0,5.835285187E-1
2.431556620E1,-2.880349159E0,1.359456539E0,5.920805931E-1
2.431791406E1,-2.837588787E0,1.275157213E0,6.152934432E-1
2.432026109E1,-2.797271729E0,1.194522977E0,6.495018601E-1
2.432260734E1,-2.753289461E0,1.091897726E0,6.751582026E-1
2.432495448E1,-2.698311567E0,9.623944163E-1,6.739364862E-1
2.432730229E1,-2.626229525E0,8.035696149E-1,6.543887854E-1
2.432964927E1,-2.549260616E0,6.520751715E-1,6.287325025E-1
2.433199557E1,-2.463739634E0,5.042458773E-1,5.908588767E-1
2.433434271E1,-2.380661964E0,3.747425675E-1,5.346593261E-1
2.433669052E1,-2.308579922E0,2.574565709E-1,4.711294174E-1
2.433903750E1,-2.251158714E0,1.365053654E-1,4.356992543E-1
2.434138380E1,-2.188850403E0,-6.436986849E-3,4.613555968E-1
2.434373083E1,-2.146089792E0,-1.029536054E-1,5.163334012E-1
2.434607870E1,-2.099664211E0,-2.239048183E-1,5.786415935E-1
2.434842573E1,-2.071564436E0,-3.399691582E-1,6.262890100E-1
2.435077203E1,-2.049573183E0,-4.535899758E-1,6.495018601E-1
2.435311906E1,-2.016586542E0,-5.525500774E-1,6.556105614E-1
2.435546693E1,-1.989708543E0,-6.454014778E-1,6.531670690E-1
2.435781396E1,-1.960387111E0,-7.272573709E-1,6.507236362E-1
2.436016026E1,-1.929843903E0,-8.115566969E-1,6.495018601E-1
2.436250729E1,-1.902965784E0,-8.897473812E-1,6.604974270E-1
2.436485516E1,-1.890748501E0,-9.581642151E-1,6.788234115E-1
2.436720219E1,-1.889526844E0,-1.021694183E0,7.008145452E-1
2.436954844E1,-1.884639859E0,-1.096219659E0,7.252491117E-1
2.437189557E1,-1.895635486E0,-1.156084418E0,7.399098873E-1
2.437424338E1,-1.913961411E0,-1.207397103E0,7.435750365E-1
2.437659036E1,-1.923735261E0,-1.267261744E0,7.411316037E-1
2.437893667E1,-1.942061186E0,-1.314909220E0,7.276925445E-1
2.438128380E1,-1.965273976E0,-1.339343786E0,7.069231868E-1
2.438363161E1,-1.989708543E0,-1.354004622E0,6.934841275E-1
2.438597859E1,-2.015364885E0,-1.329569936E0,6.824885607E-1
2.438832490E1,-2.041021109E0,-1.280700803E0,6.849320531E-1
2.439067193E1,-2.072786093E0,-1.211062193E0,6.983710527E-1
2.439301984E1,-2.103329420E0,-1.115767360E0,7.301360369E-1
2.439536682E1,-2.111881495E0,-1.009476900E0,7.582358122E-1
2.439771313E1,-2.082559824E0,-9.178471565E-1,7.814486623E-1
2.440006016E1,-2.039799452E0,-8.152219057E-1,7.777834535E-1
2.440240802E1,-1.987265229E0,-7.138183713E-1,7.619010210E-1
2.440475505E1,-1.931065559E0,-6.099713445E-1,7.509054542E-1
2.440710135E1,-1.865092278E0,-5.183416605E-1,7.472402453E-1
2.440944838E1,-1.793010235E0,-4.206032753E-1,7.411316037E-1
2.441179625E1,-1.712375998E0,-3.436343372E-1,7.399098873E-1
2.441414328E1,-1.632963657E0,-2.568915486E-1,7.362446785E-1
2.441648953E1,-1.548664331E0,-1.811442971E-1,7.338012457E-1
2.441883667E1,-1.459478021E0,-1.151709035E-1,7.301360369E-1
2.442118448E1,-1.369070053E0,-3.698022291E-2,7.240273952E-1
2.442353146E1,-1.268888235E0,4.487564787E-2,7.203621864E-1
2.442587776E1,-1.161376119E0,1.255097985E-1,7.191404700E-1
2.442822490E1,-1.059972525E0,2.146960497E-1,7.215839028E-1
2.443057271E1,-9.475733638E-1,2.977736294E-1,7.289143205E-1
2.443291969E1,-8.339524865E-1,3.686339259E-1,7.374663949E-1
2.443526599E1,-7.325489521E-1,4.480463564E-1,7.447968125E-1
2.443761302E1,-6.384757757E-1,5.127980113E-1,7.606792450E-1
2.443996094E1,-5.602850914E-1,5.763279200E-1,7.741183043E-1
2.444230792E1,-5.065290332E-1,6.349709630E-1,7.851138711E-1
2.444465422E1,-4.674336910E-1,6.838401556E-1,7.900007963E-1
2.444700125E1,-4.332252443E-1,7.107181549E-1,7.924442291E-1
2.444934911E1,-4.136775732E-1,7.241572142E-1,7.887790203E-1
2.445169615E1,-3.953516483E-1,7.278223634E-1,7.777834535E-1
2.445404245E1,-3.941299021E-1,7.351527810E-1,7.533488870E-1
2.445638948E1,-3.965733647E-1,7.290441394E-1,7.264708281E-1
2.445873734E1,-3.990168273E-1,7.131616473E-1,7.057014704E-1
2.446108438E1,-4.051254690E-1,6.911705136E-1,6.849320531E-1
2.446343062E1,-4.148993194E-1,6.850618720E-1,6.617192030E-1
2.446577776E1,-4.148993194E-1,6.618490219E-1,6.446149945E-1
2.446812557E1,-4.148993194E-1,6.423013210E-1,6.299542189E-1
2.447047255E1,-4.087906778E-1,6.215319037E-1,6.177369356E-1
2.447281885E1,-4.087906778E-1,6.117581129E-1,5.994109511E-1
2.447516599E1,-4.039037526E-1,5.995407701E-1,5.823067427E-1
2.447751380E1,-3.880212605E-1,5.763279200E-1,5.639808178E-1
2.447986078E1,-3.831343353E-1,5.665541291E-1,5.395462513E-1
2.448220708E1,-3.745822310E-1,5.433412194E-1,5.114464760E-1
2.448455422E1,-3.635866642E-1,5.250152946E-1,4.809032679E-1
2.448690203E1,-3.501476645E-1,5.042458773E-1,4.479165673E-1
2.448924901E1,-3.415955603E-1,4.712592065E-1,4.124864042E-1
2.449159531E1,-3.305999935E-1,4.333855808E-1,3.770562410E-1
2.449394234E1,-3.110523224E-1,3.845164180E-1,3.428478241E-1
2.449629021E1,-2.988350093E-1,3.466427922E-1,3.025307655E-1
2.449863724E1,-2.841742635E-1,2.953301668E-1,2.622136772E-1
2.450098354E1,-2.756221592E-1,2.537913918E-1,2.145662308E-1
2.450333057E1,-2.572962046E-1,1.988135576E-1,1.620318741E-1
2.450567844E1,-2.511875629E-1,1.548312902E-1,1.009453908E-1
2.450802547E1,-2.328616530E-1,1.071838513E-1,3.741546348E-2
2.451037172E1,-2.267529815E-1,8.397098631E-2,-3.955348954E-2
2.451271885E1,-2.133139521E-1,5.831466988E-2,-1.226310953E-1
2.451506667E1,-1.962097436E-1,4.609737918E-2,-2.191477120E-1
2.451741370E1,-1.717751771E-1,3.265835717E-2,-3.193295300E-1
2.451975995E1,-1.510057598E-1,2.777143940E-2,-4.243982732E-1
2.452210708E1,-1.180190593E-1,3.510181233E-2,-5.245801210E-1
2.452445490E1,-8.136717975E-2,3.510181233E-2,-6.162098050E-1
2.452680188E1,-4.715874791E-2,3.876700252E-2,-6.968439817E-1
2.452914818E1,4.886947572E-4,2.166279033E-2,-7.628173232E-1
2.453149531E1,5.180133134E-2,-3.283396363E-4,-8.165734410E-1
2.453384312E1,1.031139717E-1,-2.476292849E-2,-8.593339920E-1
2.453619010E1,1.507614106E-1,-5.286271125E-2,-8.862120509E-1
2.453853641E1,1.923002154E-1,-8.340593427E-2,-9.069814086E-1
2.454088344E1,2.399476618E-1,-1.298316717E-1,-9.179769754E-1
2.454323135E1,2.985906899E-1,-1.958050430E-1,-9.216421843E-1
2.454557833E1,3.437946737E-1,-2.434525192E-1,-9.277508259E-1
2.454792464E1,4.024376869E-1,-3.008738160E-1,-9.314160347E-1
2.455027167E1,4.574155211E-1,-3.472995162E-1,-9.314160347E-1
2.455261953E1,5.319409966E-1,-4.010556042E-1,-9.228639007E-1
2.455496656E1,6.101316810E-1,-4.401509464E-1,-9.130900502E-1
2.455731286E1,7.042048573E-1,-4.890201092E-1,-8.947641253E-1
2.455965990E1,8.129387498E-1,-5.354458690E-1,-8.678860664E-1
2.456200776E1,9.338899851E-1,-5.904237032E-1,-8.348993659E-1
2.456435479E1,1.076832294E0,-6.502884030E-1,-7.982475162E-1
2.456670104E1,1.225883245E0,-7.089314461E-1,-7.591521740E-1
2.456904818E1,1.383486390E0,-7.749048471E-1,-7.200568318E-1
2.457139599E1,1.552085042E0,-8.347695470E-1,-6.870701313E-1
2.457374297E1,1.717018485E0,-8.909690976E-1,-6.553051472E-1
2.457608927E1,1.875843287E0,-9.251775742E-1,-6.320922971E-1
2.457843641E1,2.033446550E0,-9.557207823E-1,-6.137663722E-1
2.458078422E1,2.175167084E0,-9.667163491E-1,-6.088794470E-1
2.458313120E1,2.297340155E0,-9.557207823E-1,-6.186532974E-1
2.458547750E1,2.415847778E0,-9.312862158E-1,-6.333140135E-1
2.458782453E1,2.516029596E0,-8.909690976E-1,-6.589703560E-1
2.459017240E1,2.602772474E0,-8.359913230E-1,-6.919570565E-1
2.459251943E1,2.678519726E0,-7.614657879E-1,-7.310523987E-1
2.459486573E1,2.753045082E0,-6.820533872E-1,-7.750346661E-1
2.459721276E1,2.812909842E0,-5.965323448E-1,-8.202386498E-1
2.459956063E1,2.867887735E0,-5.134547353E-1,-8.678860664E-1
2.460190766E1,2.915535212E0,-4.230467379E-1,-9.155335426E-1
2.460425391E1,2.957073927E0,-3.277518451E-1,-9.668461680E-1
2.460660104E1,2.992504120E0,-2.300134599E-1,-1.015715241E0
2.460894885E1,3.029155970E0,-1.457141340E-1,-1.060919285E0
2.461129588E1,3.051147223E0,-5.652789026E-2,-1.108566761E0
2.461364214E1,3.062142849E0,3.265835717E-2,-1.157435894E0
2.461598927E1,3.076803446E0,1.108490452E-1,-1.203861594E0
2.461833708E1,3.076803446E0,1.902614534E-1,-1.253952503E0
2.462068406E1,3.067029715E0,2.696738541E-1,-1.308930397E0
2.462303036E1,3.052368879E0,3.551948965E-1,-1.370016813E0
2.462537750E1,3.046260357E0,4.162813723E-1,-1.437211990E0
2.462772531E1,3.027934313E0,4.822547734E-1,-1.522732973E0
2.463007229E1,3.019382238E0,5.323456526E-1,-1.618027925E0
2.463241859E1,2.994947672E0,6.093146205E-1,-1.721874952E0
2.463476562E1,2.949743748E0,7.107181549E-1,-1.813504577E0
2.463711354E1,2.888657093E0,8.512170911E-1,-1.885586619E0
2.463946052E1,2.812909842E0,1.012485385E0,-1.939342737E0
2.464180682E1,2.711506367E0,1.204296827E0,-1.971107721E0
2.464415385E1,2.592998743E0,1.429095149E0,-1.969885945E0
2.464650172E1,2.472047329E0,1.647784710E0,-1.929568887E0
2.464884875E1,2.359648228E0,1.829822302E0,-1.855043411E0
2.465119505E1,2.261909962E0,1.975208163E0,-1.742644310E0
2.465354208E1,2.176388979E0,2.080276966E0,-1.592371583E0
2.465588995E1,2.095754862E0,2.154802561E0,-1.416442513E0
2.465823693E1,2.024894476E0,2.198784828E0,-1.228296161E0
2.466058323E1,1.966251254E0,2.206115246E0,-1.038928151E0
2.466293036E1,1.913716912E0,2.192676067E0,-8.556687832E-1
2.466527818E1,1.877065063E0,2.151137352E0,-6.858484149E-1
2.466762516E1,1.852630496E0,2.103489876E0,-5.441277623E-1
2.466997146E1,1.847743511E0,2.068059683E0,-4.427241981E-1
2.467231859E1,1.852630496E0,2.058285952E0,-3.987419307E-1
2.467466641E1,1.885617137E0,2.047290325E0,-3.975202143E-1
2.467701339E1,1.945481896E0,2.019190550E0,-4.097374976E-1
2.467935969E1,2.032224894E0,1.977651596E0,-4.158461690E-1
2.468170672E1,2.137293577E0,1.938556314E0,-4.085157812E-1
2.468405464E1,2.263131618E0,1.901904345E0,-3.804160058E-1
2.468640161E1,2.395078421E0,1.865252495E0,-3.437641263E-1
2.468874792E1,2.529468775E0,1.807831168E0,-3.046687841E-1
2.469109495E1,2.660193682E0,1.749188185E0,-2.606865168E-1
2.469344281E1,2.797027349E0,1.680771351E0,-2.154825330E-1
2.469578984E1,2.924087286E0,1.609911084E0,-1.751654595E-1
2.469813615E1,3.045038462E0,1.532942057E0,-1.446222216E-1
2.470048318E1,3.164767981E0,1.459638357E0,-1.043051556E-1
2.470283104E1,3.271058559E0,1.398551822E0,-6.887499988E-2
2.470517807E1,3.363909960E0,1.303256989E0,-6.520981342E-2
2.470752432E1,3.428661585E0,1.199409962E0,-7.864883542E-2
2.470987146E1,3.466535091E0,1.115110636E0,-1.006399691E-1
2.471221927E1,3.492191553E0,1.035698175E0,-1.128572598E-1
2.471456625E1,3.492191553E0,9.721682668E-1,-1.177441776E-1
2.471691255E1,3.477530718E0,9.220773578E-1,-1.165224537E-1
2.471925969E1,3.448209286E0,8.829820156E-1,-1.116355285E-1
2.472160750E1,3.401783466E0,8.438866735E-1,-1.030834243E-1
2.472395448E1,3.352914333E0,7.889088392E-1,-9.453132004E-2
2.472630078E1,3.307710409E0,7.314875722E-1,-8.720094711E-2
2.472864781E1,3.260062933E0,6.789532304E-1,-8.720094711E-2
2.473099568E1,3.225854397E0,6.227536798E-1,-9.208785743E-2
2.473334271E1,3.198976517E0,5.848800540E-1,-1.006399691E-1
2.473568901E1,3.179428816E0,5.726627707E-1,-1.079703420E-1
2.473803604E1,3.183094025E0,5.628889203E-1,-1.067486182E-1
2.474038391E1,3.197754622E0,5.897669792E-1,-9.941823781E-2
2.474273094E1,3.233184814E0,6.215319037E-1,-8.231402189E-2
2.474507724E1,3.291827917E0,6.606272459E-1,-4.321867973E-2
2.474742427E1,3.381014109E0,7.021660805E-1,8.093957789E-3
2.474977214E1,3.456761360E0,7.876871228E-1,7.040215284E-2
2.475211917E1,3.519069433E0,9.110817909E-1,1.534797698E-1
2.475446542E1,3.577712536E0,1.018594027E0,2.365573645E-1
2.475681255E1,3.637577295E0,1.080902219E0,2.903134525E-1
2.475916036E1,3.677894354E0,1.121219277E0,3.061959445E-1
2.476150734E1,3.705994129E0,1.138323426E0,2.842048109E-1
2.476385365E1,3.742645979E0,1.104115009E0,2.182314247E-1
2.476620078E1,3.773189306E0,1.023480892E0,1.131626889E-1
2.476854859E1,3.808619499E0,8.756516576E-1,-1.145371329E-2
2.477089557E1,3.842827797E0,6.447448134E-1,-1.275179982E-1
2.477324188E1,3.846493006E0,3.857381344E-1,-2.362519205E-1
2.477558891E1,3.817171574E0,1.365053654E-1,-3.425423801E-1
2.477793677E1,3.725541830E0,-6.874518842E-2,-4.427241981E-1
2.478028380E1,3.585042953E0,-2.581132650E-1,-5.184714794E-1
2.478263010E1,3.392009735E0,-4.193815589E-1,-5.722275376E-1
2.478497714E1,3.162324667E0,-5.195633769E-1,-6.052142382E-1
2.478732500E1,2.894765854E0,-5.549935102E-1,-6.198750138E-1
2.478967203E1,2.605216026E0,-5.549935102E-1,-6.272053719E-1
2.479201833E1,2.307113886E0,-5.342241526E-1,-6.308705807E-1
2.479436536E1,2.020007610E0,-4.951287508E-1,-6.308705807E-1
2.479671323E1,1.769552827E0,-4.645855427E-1,-6.259836555E-1
2.479906021E1,1.571632743E0,-4.682507217E-1,-6.210967302E-1
2.480140651E1,1.436020732E0,-5.281154513E-1,-6.149880886E-1
2.480375365E1,1.354164839E0,-6.588405371E-1,-6.113228798E-1
2.480610146E1,1.304073930E0,-8.506520391E-1,-6.088794470E-1
2.480844844E1,1.274752498E0,-1.085224152E0,-6.003273129E-1
2.481079474E1,1.251539588E0,-1.346674204E0,-5.856665969E-1
2.481314188E1,1.218552947E0,-1.614232898E0,-5.697841048E-1
2.481548969E1,1.183122754E0,-1.875683069E0,-5.539016128E-1
2.481783667E1,1.140362263E0,-2.117585421E0,-5.380191207E-1
2.482018297E1,1.086606145E0,-2.331387997E0,-5.245801210E-1
2.482253000E1,1.029184818E0,-2.523199558E0,-5.123628378E-1
2.482487792E1,9.717636108E-1,-2.690576553E0,-5.001454949E-1
2.482722490E1,9.045684934E-1,-2.815192938E0,-4.989237785E-1
2.482957120E1,8.434820175E-1,-2.921483278E0,-4.989237785E-1
2.483191823E1,7.775086164E-1,-2.988678455E0,-5.038107038E-1
2.483426609E1,7.115352154E-1,-3.010669470E0,-5.111410618E-1
2.483661313E1,6.590008736E-1,-3.005782604E0,-5.148062706E-1
2.483895943E1,6.052447557E-1,-2.955691814E0,-5.233584046E-1
2.484130646E1,5.588190556E-1,-2.883609772E0,-5.306887627E-1
2.484365432E1,5.233888626E-1,-2.768767118E0,-5.367974043E-1
2.484600130E1,4.952891171E-1,-2.635598660E0,-5.416843295E-1
2.484834760E1,4.781849086E-1,-2.487769365E0,-5.465712547E-1
2.485069474E1,4.757414460E-1,-2.336274862E0,-5.490146875E-1
2.485304255E1,4.806284010E-1,-2.173784971E0,-5.526798964E-1
2.485538953E1,4.940674007E-1,-2.002742767E0,-5.575668216E-1
2.485773583E1,5.185019374E-1,-1.837809443E0,-5.587885380E-1
2.486008297E1,5.429365635E-1,-1.666767359E0,-5.636754632E-1
2.486243078E1,5.747015476E-1,-1.500612140E0,-5.636754632E-1
2.486477776E1,5.991361141E-1,-1.318574429E0,-5.685623884E-1
2.486712406E1,6.174620390E-1,-1.138980150E0,-5.710058212E-1
2.486947109E1,6.467835903E-1,-9.679380655E-1,-5.722275376E-1
2.487181901E1,6.724398732E-1,-8.042263389E-1,-5.722275376E-1
2.487416599E1,6.932092905E-1,-6.478449702E-1,-5.673406124E-1
2.487651229E1,7.176438570E-1,-5.085678101E-1,-5.612319708E-1
2.487885932E1,7.408567667E-1,-3.863948584E-1,-5.514581800E-1
2.488120719E1,7.628478408E-1,-2.776609361E-1,-5.404626131E-1
2.488355422E1,7.787303329E-1,-1.799225509E-1,-5.282452703E-1
2.488590047E1,7.982780337E-1,-1.005101576E-1,-5.123628378E-1
2.488824760E1,8.117170334E-1,-3.575849533E-2,-4.940368533E-1
2.489059542E1,8.190474510E-1,1.188895479E-2,-4.732674360E-1
2.489294240E1,8.190474510E-1,5.709294602E-2,-4.476111233E-1
2.489528870E1,8.141605258E-1,8.519271761E-2,-4.207330644E-1
2.489763583E1,7.994997501E-1,1.120707765E-1,-3.901898265E-1
2.489998365E1,7.799521089E-1,1.291749775E-1,-3.523162305E-1
2.490233062E1,7.506305575E-1,1.462791860E-1,-3.132208884E-1
2.490467693E1,7.176438570E-1,1.560530365E-1,-2.704603374E-1
2.490702406E1,6.797702909E-1,1.658268571E-1,-2.276998162E-1
2.490937188E1,6.309010983E-1,1.719355285E-1,-1.824958324E-1
2.491171885E1,5.759232640E-1,1.804876328E-1,-1.397352964E-1
2.491406516E1,5.185019374E-1,1.829310954E-1,-9.575305134E-2
2.491641219E1,4.525285959E-1,1.878179908E-1,-5.421424285E-2
2.491876005E1,3.853334785E-1,1.902614534E-1,-1.756235957E-2
2.492110708E1,3.205818236E-1,1.792658865E-1,2.153298259E-2
2.492345339E1,2.509432435E-1,1.670486033E-1,6.062832102E-2
2.492580042E1,1.813046485E-1,1.523878574E-1,1.021671221E-1
2.492814828E1,1.153312549E-1,1.316184402E-1,1.412624717E-1
2.493049531E1,6.035343558E-2,1.047403887E-1,1.779143512E-1
2.493284161E1,-7.330346853E-4,9.374482185E-2,2.072358578E-1
2.493518865E1,-6.181950867E-2,9.618828446E-2,2.365573645E-1
2.493753651E1,-1.204625219E-1,1.035186574E-1,2.585484982E-1
2.493988354E1,-1.839924604E-1,1.181794181E-1,2.780961692E-1
2.494222979E1,-2.536310256E-1,1.426140070E-1,2.890917361E-1
2.494457693E1,-3.293782473E-1,1.633834243E-1,2.976438403E-1
2.494692474E1,-4.087906778E-1,1.731572449E-1,3.025307655E-1
2.494927172E1,-5.004203916E-1,1.792658865E-1,3.000873029E-1
2.495161802E1,-5.908283591E-1,1.597182155E-1,2.964220941E-1
2.495396516E1,-6.922318935E-1,1.267315149E-1,2.878699899E-1
2.495631297E1,-7.924137115E-1,8.030579984E-2,2.756527066E-1
2.495865995E1,-8.999258876E-1,2.166279033E-2,2.536615729E-1
2.496100625E1,-1.012324929E0,-3.453676403E-2,2.182314247E-1
2.496335328E1,-1.119837284E0,-8.462766558E-2,1.705839783E-1
2.496570115E1,-1.217575669E0,-1.383837759E-1,1.217147931E-1
2.496804818E1,-1.320200920E0,-1.750356555E-1,7.040215284E-2
2.497039448E1,-1.393504620E0,-2.263482809E-1,3.130681440E-2
2.497274151E1,-1.442373872E0,-2.752174735E-1,7.635809015E-4
2.497508938E1,-1.469251871E0,-3.094259202E-1,-2.367100865E-2
2.497743641E1,-1.468030095E0,-3.240866661E-1,-4.566213861E-2
2.497978271E1,-1.425269604E0,-3.240866661E-1,-6.276635081E-2
2.498212974E1,-1.361739635E0,-3.045389950E-1,-8.353575319E-2
2.498447760E1,-1.256670952E0,-2.776609361E-1,-9.697478265E-2
2.498682458E1,-1.124724150E0,-2.373438776E-1,-1.116355285E-1
2.498917088E1,-9.658992887E-1,-2.031354308E-1,-1.299614608E-1
2.499151802E1,-7.838615775E-1,-1.567097008E-1,-1.482874155E-1
2.499386583E1,-5.773892999E-1,-1.139491722E-1,-1.666133553E-1
2.499621281E1,-3.709170520E-1,-6.385827065E-2,-1.849392951E-1
2.499855911E1,-1.632230431E-1,-5.215257406E-3,-2.044869661E-1
2.500090615E1,4.447095841E-2,4.487564787E-2,-2.154825330E-1
2.500325406E1,2.313955575E-1,9.863174707E-2,-2.179259807E-1
2.500560104E1,4.061028659E-1,1.242880747E-1,-2.057086974E-1
2.500794734E1,5.612624884E-1,1.377270818E-1,-1.800523698E-1
2.501029438E1,6.871006489E-1,1.206228808E-1,-1.446222216E-1
2.501264224E1,7.836172581E-1,7.297542691E-2,-1.030834243E-1
2.501498927E1,8.654731512E-1,-1.865427941E-2,-6.643154472E-2
2.501733557E1,9.228944182E-1,-1.225012764E-1,-3.588830307E-2
2.501968260E1,9.607680440E-1,-2.349004149E-1,-1.389717311E-2
2.502203047E1,9.839808941E-1,-3.509646952E-1,-1.679877983E-3
2.502437750E1,9.998633862E-1,-4.633638263E-1,9.315687232E-3
2.502672375E1,1.012080669E0,-5.672107935E-1,1.664606296E-2
2.502907089E1,1.009637237E0,-6.441797614E-1,2.031125128E-2
2.503141870E1,9.998633862E-1,-6.942706704E-1,2.031125128E-2
2.503376573E1,9.900895357E-1,-7.187052965E-1,1.664606296E-2
2.503611198E1,9.595463276E-1,-7.064879537E-1,3.207039787E-3
2.503845911E1,9.204509854E-1,-6.844968200E-1,-1.145371329E-2
2.504080693E1,8.764687181E-1,-6.441797614E-1,-2.122754976E-2
2.504315391E1,8.202691674E-1,-5.953105688E-1,-1.878409088E-2
2.504550021E1,7.640696168E-1,-5.415545106E-1,-5.345066078E-3
2.504784724E1,7.152004242E-1,-4.780245721E-1,8.093957789E-3
2.505019516E1,6.748833656E-1,-4.144946337E-1,2.031125128E-2
2.505254214E1,6.455618143E-1,-3.399691582E-1,2.886335924E-2
2.505488844E1,6.418966651E-1,-2.825478613E-1,3.863719478E-2
2.505723547E1,6.577791572E-1,-2.532263398E-1,5.574140325E-2
2.505958333E1,6.932092905E-1,-2.605567276E-1,8.017598838E-2
2.506193036E1,7.457436323E-1,-3.045389950E-1,1.021671221E-1
2.506427667E1,7.921693921E-1,-3.753992915E-1,1.192713305E-1
2.506662370E1,8.153822422E-1,-4.670290053E-1,1.302669048E-1
2.506897156E1,8.129387498E-1,-5.806498528E-1,1.485928446E-1
2.507131859E1,7.921693921E-1,-7.016010284E-1,1.718057096E-1
2.507366484E1,7.494088411E-1,-8.372130394E-1,1.974620223E-1
2.507601198E1,7.029831409E-1,-1.005811691E0,2.243400663E-1
2.507835979E1,6.467835903E-1,-1.187849402E0,2.451094687E-1
2.508070677E1,5.930274725E-1,-1.396765113E0,2.658788860E-1
2.508305307E1,5.392713547E-1,-1.609346032E0,2.707657814E-1
2.508540021E1,4.842935503E-1,-1.820705175E0,2.634354234E-1
2.508774802E1,4.403112829E-1,-2.028399229E0,2.438877523E-1
2.509009500E1,3.987725079E-1,-2.210436821E0,2.060141265E-1
2.509244130E1,3.621205986E-1,-2.360709429E0,1.595884115E-1
2.509478833E1,3.230252564E-1,-2.463334799E0,1.033888534E-1
2.509713625E1,2.912603021E-1,-2.524421215E0,4.596756771E-2
2.509948323E1,2.704909146E-1,-2.540303707E0,-1.267544180E-2
2.510182953E1,2.497214824E-1,-2.495099783E0,-7.498364896E-2
2.510417656E1,2.387259156E-1,-2.403470039E0,-1.385135651E-1
2.510652443E1,2.326172739E-1,-2.256862402E0,-2.093738765E-1
2.510887146E1,2.203999907E-1,-2.061385870E0,-2.790124714E-1
2.511121776E1,2.106261402E-1,-1.829257369E0,-3.437641263E-1
2.511356479E1,1.935219318E-1,-1.561698556E0,-4.048506021E-1
2.511591266E1,1.666439027E-1,-1.277035594E0,-4.659370482E-1
2.511825969E1,1.287702769E-1,-1.002146482E0,-5.270235538E-1
2.512060594E1,8.356630057E-2,-7.284790874E-1,-5.929969549E-1
2.512295307E1,2.736674063E-2,-4.853549600E-1,-6.650789976E-1
2.512530088E1,-3.616318852E-2,-2.910999656E-1,-7.408261895E-1
2.512764786E1,-9.969311953E-2,-1.347185671E-1,-8.214603662E-1
2.512999417E1,-1.607796103E-1,-2.720638737E-2,-9.033162594E-1
2.513234130E1,-2.255312651E-1,4.121046141E-2,-9.827286601E-1
2.513468911E1,-2.866177261E-1,7.297542691E-2,-1.051145434E0
2.513703609E1,-3.538128436E-1,8.397098631E-2,-1.112231851E0
2.513938240E1,-4.222296774E-1,7.664062083E-2,-1.153770685E0
2.514172943E1,-5.028638244E-1,7.541888952E-2,-1.176983595E0
2.514407734E1,-5.932717919E-1,8.763618022E-2,-1.175761819E0
2.514642432E1,-6.849015355E-1,9.130137414E-2,-1.148883820E0
2.514877062E1,-7.924137115E-1,1.108490452E-1,-1.103679776E0
2.515111766E1,-8.864868879E-1,1.084055826E-1,-1.042593360E0
2.515346552E1,-9.781165719E-1,9.130137414E-2,-9.705113769E-1
2.515581255E1,-1.059972525E0,4.243219271E-2,-8.923206925E-1
2.515815885E1,-1.143050075E0,-2.720638737E-2,-8.080213666E-1
2.516050589E1,-1.222462535E0,-1.163926348E-1,-7.237219810E-1
2.516285375E1,-1.296988010E0,-2.263482809E-1,-6.369792223E-1
2.516520078E1,-1.366626620E0,-3.338604867E-1,-5.551233292E-1
2.516754703E1,-1.424047947E0,-4.474813342E-1,-4.708239734E-1
2.516989417E1,-1.470473647E0,-5.452196598E-1,-3.914115727E-1
2.517224198E1,-1.498573422E0,-6.295190454E-1,-3.132208884E-1
2.517458896E1,-1.499795079E0,-7.003793120E-1,-2.289215475E-1
2.517693526E1,-1.485134363E0,-7.309225798E-1,-1.409570277E-1
2.517928240E1,-1.455812812E0,-7.138183713E-1,-5.177078769E-2
2.518163021E1,-1.403278470E0,-6.771664619E-1,4.718929902E-2
2.518397719E1,-1.336083412E0,-6.099713445E-1,1.583666801E-1
2.518632349E1,-1.264001369E0,-5.073460340E-1,2.780961692E-1
2.518867052E1,-1.179702044E0,-3.888383210E-1,4.051560163E-1
2.519101839E1,-1.085628867E0,-2.752174735E-1,5.322158337E-1
2.519336542E1,-9.781165719E-1,-1.787008345E-1,6.507236362E-1
2.519571172E1,-8.657174706E-1,-1.041753367E-1,7.521271706E-1
2.519805875E1,-7.618705034E-1,-3.698022291E-2,8.376482129E-1
2.520040661E1,-6.604669094E-1,-3.283396363E-4,9.085085392E-1
2.520275365E1,-5.749458671E-1,2.777143940E-2,9.610428810E-1
2.520509990E1,-5.175246000E-1,6.564505398E-2,9.830340147E-1
2.520744703E1,-4.894248247E-1,1.181794181E-1,9.964730144E-1
2.520979484E1,-4.833161831E-1,1.511661112E-1,1.020907640E0
2.521214182E1,-4.967551827E-1,1.426140070E-1,1.060003042E0
2.521448813E1,-5.126376748E-1,7.664062083E-2,1.118646026E0
2.521683526E1,-5.321853161E-1,-2.964984626E-2,1.189506412E0
2.521918307E1,-5.663937926E-1,-1.518227756E-1,1.261588454E0
2.522153005E1,-6.103760004E-1,-2.739957571E-1,1.322674870E0
2.522387635E1,-6.604669094E-1,-3.876166046E-1,1.370322347E0
2.522622349E1,-7.227751613E-1,-5.000156760E-1,1.402087331E0
2.522857130E1,-7.899702787E-1,-6.111930609E-1,1.416748047E0
2.523091828E1,-8.681609631E-1,-7.187052965E-1,1.415526271E0
2.523326458E1,-9.512385130E-1,-8.103349805E-1,1.403308988E0
2.523561161E1,-1.034316182E0,-8.873039484E-1,1.381317854E0
2.523795948E1,-1.135719776E0,-9.276210070E-1,1.348331213E0
2.524030651E1,-1.244453669E0,-9.422817826E-1,1.316566229E0
2.524265281E1,-1.354409337E0,-9.618294239E-1,1.290909886E0
2.524499984E1,-1.466808438E0,-9.777119160E-1,1.279914379E0
2.524734771E1,-1.571877122E0,-1.009476900E0,1.284801245E0
2.524969474E1,-1.661063433E0,-1.043685317E0,1.300683737E0
2.525204099E1,-1.741697550E0,-1.069341660E0,1.322674870E0
2.525438813E1,-1.793010235E0,-1.093776226E0,1.344666004E0
2.525673594E1,-1.824775100E0,-1.110880375E0,1.358105063E0
2.525908292E1,-1.839435935E0,-1.099884868E0,1.358105063E0
2.526142922E1,-1.834548950E0,-1.079115510E0,1.353218079E0
2.526377635E1,-1.819888234E0,-1.035133243E0,1.345887780E0
2.526612417E1,-1.791788459E0,-9.764901996E-1,1.337335587E0
2.526847115E1,-1.751471400E0,-9.105167985E-1,1.333670378E0
2.527081745E1,-1.712375998E0,-8.298826218E-1,1.331226945E0
2.527316458E1,-1.639072299E0,-8.005611300E-1,1.343444228E0
2.527551240E1,-1.566990256E0,-7.431398630E-1,1.351996422E0
2.527785938E1,-1.514455914E0,-6.417363286E-1,1.360548496E0
2.528020568E1,-1.465586662E0,-5.085678101E-1,1.354439855E0
2.528255271E1,-1.422826171E0,-3.619602621E-1,1.337335587E0
2.528490057E1,-1.393504620E0,-2.116875350E-1,1.311679363E0
2.528724760E1,-1.364183187E0,-7.729729265E-2,1.287244678E0
2.528959391E1,-1.345857263E0,6.197986379E-2,1.267697096E0
2.529194094E1,-1.345857263E0,2.037004828E-1,1.255479693E0
2.529428880E1,-1.347078919E0,3.270951211E-1,1.248149395E0
2.529663583E1,-1.351965904E0,4.333855808E-1,1.243262410E0
2.529898208E1,-1.367848396E0,5.152414441E-1,1.242040753E0
2.530132922E1,-1.393504620E0,5.885452032E-1,1.235932112E0
2.530367703E1,-1.421604395E0,6.496316791E-1,1.224936485E0
2.530602401E1,-1.450925946E0,6.838401556E-1,1.212719202E0
2.530837031E1,-1.513234138E0,7.510352731E-1,1.187062860E0
2.531071745E1,-1.565768480E0,7.925740480E-1,1.167515278E0
2.531306526E1,-1.623189807E0,8.341128230E-1,1.149189234E0
2.531541224E1,-1.685497999E0,8.683212996E-1,1.134528518E0
2.531775854E1,-1.755136609E0,9.098600745E-1,1.123533010E0
2.532010568E1,-1.816223025E0,9.452902079E-1,1.116202593E0
2.532245349E1,-1.884639859E0,9.892724752E-1,1.110093951E0
2.532480047E1,-1.959165335E0,1.022259235E0,1.101541877E0
2.532714677E1,-2.028803825E0,1.049137235E0,1.091768026E0
2.532949380E1,-2.102107525E0,1.079680443E0,1.080772400E0
2.533184167E1,-2.174189568E0,1.107780218E0,1.072220325E0
2.533418870E1,-2.248715162E0,1.144432187E0,1.061224818E0
2.533653500E1,-2.323240757E0,1.201853395E0,1.051450968E0
2.533888203E1,-2.408761740E0,1.287374496E0,1.039233685E0
2.534122990E1,-2.495504379E0,1.397330165E0,1.024572849E0
2.534357693E1,-2.579803944E0,1.518281341E0,1.009912133E0
2.534592318E1,-2.666546583E0,1.638010859E0,9.952513576E-1
2.534827031E1,-2.739850283E0,1.732084036E0,9.818122983E-1
2.535061812E1,-2.820484638E0,1.810274720E0,9.671515226E-1
2.535296510E1,-2.899896860E0,1.864030719E0,9.488255978E-1
2.535531141E1,-2.978087664E0,1.882356763E0,9.329431057E-1
2.535765854E1,-3.052613020E0,1.881134987E0,9.170606136E-1
2.536000635E1,-3.125916958E0,1.857922077E0,9.023998976E-1
2.536235333E1,-3.195555449E0,1.809052944E0,8.840739131E-1
2.536469964E1,-3.261528969E0,1.735749125E0,8.669697046E-1
2.536704667E1,-3.317728519E0,1.649006367E0,8.498654962E-1
2.536939458E1,-3.369040966E0,1.572037458E0,8.229874969E-1
2.537174156E1,-3.397140741E0,1.495068431E0,7.936659455E-1
2.537408786E1,-3.419131994E0,1.448642731E0,7.606792450E-1
2.537643490E1,-3.433792591E0,1.427873373E0,7.289143205E-1
2.537878276E1,-3.436236143E0,1.460860014E0,7.020362616E-1
2.538112979E1,-3.408136368E0,1.539050698E0,6.776016355E-1
2.538347609E1,-3.351936817E0,1.661223650E0,6.556105614E-1
2.538582312E1,-3.282298326E0,1.794392228E0,6.311759353E-1
2.538817099E1,-3.237094164E0,1.888465405E0,6.055196524E-1
2.539051802E1,-3.229763985E0,1.931225896E0,5.774198771E-1
2.539286427E1,-3.238316059E0,1.936112761E0,5.444331765E-1
2.539521141E1,-3.257863760E0,1.931225896E0,5.138899088E-1
2.539755922E1,-3.277411222E0,1.910456538E0,4.882336259E-1
2.539990620E1,-3.289628744E0,1.870139360E0,4.650207758E-1
2.540225250E1,-3.296958923E0,1.816383362E0,4.454731047E-1
2.540459964E1,-3.301846027E0,1.755296826E0,4.247036874E-1
2.540694745E1,-3.288406849E0,1.673440933E0,4.112646878E-1
2.540929443E1,-3.261528969E0,1.594028592E0,4.002691209E-1
2.541164073E1,-3.232207298E0,1.525611758E0,3.917170167E-1
2.541398776E1,-3.193111897E0,1.462081790E0,3.868300915E-1
2.541633563E1,-3.145464659E0,1.399773598E0,3.856083453E-1
2.541868266E1,-3.103925705E0,1.357013106E0,3.831649125E-1
2.542102896E1,-3.053834915E0,1.304478645E0,3.929387331E-1
2.542337599E1,-3.008630753E0,1.270270228E0,4.124864042E-1
2.542572385E1,-2.957318306E0,1.216514111E0,4.418079257E-1
2.542807088E1,-2.903562069E0,1.128549695E0,4.589121342E-1
2.543041719E1,-2.827814817E0,9.880508184E-1,4.515817463E-1
2.543276422E1,-2.736185312E0,8.182303905E-1,4.283688962E-1
2.543511208E1,-2.642112017E0,6.667358875E-1,3.978256583E-1
2.543745906E1,-2.541930199E0,5.396760702E-1,3.587303162E-1
2.543980536E1,-2.438083172E0,4.309421480E-1,3.184132278E-1
2.544215250E1,-2.339123011E0,3.503080010E-1,2.768744528E-1
2.544450031E1,-2.243828297E0,2.892215252E-1,2.414442897E-1
2.544684729E1,-2.158307076E0,2.391306460E-1,2.121227831E-1
2.544919359E1,-2.077672958E0,1.975918412E-1,1.937968433E-1
2.545154063E1,-2.006812811E0,1.621616781E-1,1.937968433E-1
2.545388854E1,-1.938395977E0,1.084055826E-1,2.011272162E-1
2.545623552E1,-1.872422576E0,4.243219271E-2,1.828012764E-1
2.545858182E1,-1.816223025E0,-2.476292849E-2,1.534797698E-1
2.546092885E1,-1.755136609E0,-9.317976981E-2,1.290451735E-1
2.546327672E1,-1.681832790E0,-1.787008345E-1,1.168278754E-1
2.546562375E1,-1.597533464E0,-2.886565030E-1,1.143844128E-1
2.546797005E1,-1.508347273E0,-4.315988421E-1,1.192713305E-1
2.547031708E1,-1.424047947E0,-5.806498528E-1,1.253799796E-1
2.547266495E1,-1.340970278E0,-7.516919374E-1,1.327103674E-1
2.547501198E1,-1.274996877E0,-9.092950821E-1,1.400407404E-1
2.547735823E1,-1.215132117E0,-1.052237391E0,1.498145759E-1
2.547970536E1,-1.173593402E0,-1.156084418E0,1.559232175E-1
2.548205318E1,-1.155267358E0,-1.213505745E0,1.559232175E-1
2.548440016E1,-1.149158716E0,-1.245270610E0,1.608101428E-1
2.548674646E1,-1.160154343E0,-1.246492386E0,1.730274409E-1
2.548909359E1,-1.169928193E0,-1.240383744E0,1.889099181E-1
2.549144141E1,-1.166262984E0,-1.222057819E0,2.011272162E-1
2.549378839E1,-1.145493627E0,-1.200066686E0,1.962402910E-1
2.549613469E1,-1.134498000E0,-1.159749627E0,1.766926199E-1
2.549848182E1,-1.125945926E0,-1.110880375E0,1.595884115E-1
2.550082964E1,-1.121058941E0,-1.052237391E0,1.620318741E-1
2.550317661E1,-1.116172075E0,-1.005811691E0,1.828012764E-1
2.550552292E1,-1.106398225E0,-9.740467072E-1,2.157879621E-1
2.550786995E1,-1.100289583E0,-9.398382902E-1,2.573267519E-1
2.551021781E1,-1.096624374E0,-9.031864405E-1,3.049742281E-1
2.551256484E1,-1.090515733E0,-8.750866652E-1,3.611737788E-1
2.551491115E1,-1.078298450E0,-8.457651138E-1,4.210385084E-1
2.551725818E1,-1.072189808E0,-8.078915477E-1,4.796815217E-1
2.551960604E1,-1.066081166E0,-7.663527131E-1,5.407679677E-1
2.552195307E1,-1.053863883E0,-7.309225798E-1,6.030761600E-1
2.552429932E1,-1.042868257E0,-6.881620288E-1,6.678278446E-1
2.552664646E1,-1.034316182E0,-6.392928362E-1,7.313577533E-1
2.552899427E1,-1.018433571E0,-5.904237032E-1,7.985528708E-1
2.553134125E1,-1.002551079E0,-5.330023766E-1,8.669697046E-1
2.553368755E1,-9.854469895E-1,-4.621420801E-1,9.402735233E-1
2.553603469E1,-9.597906470E-1,-3.973904252E-1,1.009912133E0
2.553838250E1,-9.365777969E-1,-3.301953077E-1,1.074663758E0
2.554072948E1,-9.096997380E-1,-2.483394146E-1,1.132085085E0
2.554307578E1,-8.742696047E-1,-1.664835513E-1,1.183397770E0
2.554542281E1,-8.412829041E-1,-8.829285949E-2,1.223714828E0
2.554777068E1,-7.985223532E-1,-1.254563406E-2,1.254258037E0
2.555011771E1,-7.618705034E-1,8.030579984E-2,1.272583961E0
2.555246401E1,-7.301055193E-1,1.707137823E-1,1.287244678E0
2.555481104E1,-6.995622516E-1,2.464610040E-1,1.304348946E0
2.555715891E1,-6.629104018E-1,3.002170920E-1,1.326340079E0
2.555950594E1,-6.409192681E-1,3.539731801E-1,1.342222571E0
2.556185224E1,-6.201498508E-1,3.869598806E-1,1.364213705E0
2.556419927E1,-6.018239260E-1,4.089510143E-1,1.387426496E0
2.556654714E1,-5.993804336E-1,4.248334765E-1,1.403308988E0
2.556889411E1,-5.908283591E-1,4.187248349E-1,1.414304614E0
2.557124042E1,-5.883848667E-1,4.187248349E-1,1.417969823E0
2.557358755E1,-6.030456424E-1,4.101727307E-1,1.416748047E0
2.557593536E1,-6.201498508E-1,3.845164180E-1,1.411861062E0
2.557828234E1,-6.396975517E-1,3.527514637E-1,1.392313480E0
2.558062865E1,-6.714624763E-1,3.283168674E-1,1.362991929E0
2.558297568E1,-7.032274604E-1,3.038822711E-1,1.323896646E0
2.558532359E1,-7.423228025E-1,2.818911374E-1,1.270140529E0
2.558767057E1,-7.863050699E-1,2.794476748E-1,1.200501919E0
2.559001688E1,-8.180700541E-1,2.745607793E-1,1.123533010E0
2.559236391E1,-8.669391870E-1,2.879997790E-1,1.031903267E0
2.559471177E1,-9.060345292E-1,2.977736294E-1,9.329431057E-1
2.559705880E1,-9.402429461E-1,3.099909127E-1,8.290961385E-1
2.559940510E1,-9.634558558E-1,3.246516585E-1,7.203621864E-1
2.560175214E1,-9.793383479E-1,3.441993594E-1,6.140717268E-1
2.560410000E1,-9.817817807E-1,3.735208511E-1,5.090029836E-1
2.560644703E1,-9.658992887E-1,3.979554474E-1,4.124864042E-1
2.560879328E1,-9.329125881E-1,4.175031185E-1,3.233001530E-1
2.561114042E1,-8.901520371E-1,4.407159686E-1,2.377790958E-1
2.561348823E1,-8.351742625E-1,4.565984607E-1,1.571449488E-1
2.561583521E1,-7.704225779E-1,4.651505649E-1,8.261945099E-2
2.561818151E1,-7.081143856E-1,4.822547734E-1,1.053741667E-2
2.562052865E1,-6.470279098E-1,4.895851612E-1,-5.299251527E-2
2.562287646E1,-5.896066427E-1,4.908068776E-1,-1.128572598E-1
2.562522344E1,-5.407374501E-1,4.883634448E-1,-1.727219969E-1
2.562756974E1,-4.991986156E-1,4.834765196E-1,-2.276998162E-1
2.562991677E1,-4.735423326E-1,4.761461318E-1,-2.777907252E-1
2.563226469E1,-4.539946616E-1,4.578201771E-1,-3.242164552E-1
2.563461167E1,-4.356687069E-1,4.297204018E-1,-3.669769764E-1
2.563695797E1,-4.246731400E-1,3.930685222E-1,-4.097374976E-1
2.563930500E1,-4.344469905E-1,3.698556721E-1,-4.586066902E-1
2.564165286E1,-4.381121695E-1,3.234299421E-1,-5.062541366E-1
2.564399990E1,-4.466642737E-1,2.770042121E-1,-5.612319708E-1
2.564634620E1,-4.527729154E-1,2.330220044E-1,-6.284270883E-1
2.564869323E1,-4.576598406E-1,1.865962744E-1,-7.029526234E-1
2.565104109E1,-4.625467658E-1,1.499443948E-1,-7.835867405E-1
2.565338813E1,-4.527729154E-1,1.010752097E-1,-8.593339920E-1
2.565573438E1,-4.381121695E-1,5.831466988E-2,-9.338594675E-1
2.565808151E1,-4.161210358E-1,1.188895479E-2,-9.998328090E-1
2.566042932E1,-3.831343353E-1,-4.553233087E-2,-1.052367210E0
2.566277630E1,-3.403738141E-1,-1.066187993E-1,-1.093905926E0
2.566512260E1,-2.890611887E-1,-1.689269841E-1,-1.118340611E0
2.566746974E1,-2.340833694E-1,-2.336786687E-1,-1.131779552E0
2.566981755E1,-1.778838187E-1,-2.776609361E-1,-1.137888193E0
2.567216453E1,-1.119104177E-1,-3.216432035E-1,-1.134222984E0
2.567451083E1,-5.082394183E-2,-3.521864414E-1,-1.128114343E0
2.567685786E1,1.514944993E-2,-3.839513958E-1,-1.118340611E0
2.567920573E1,9.578359127E-2,-4.181598425E-1,-1.106123209E0
2.568155276E1,1.886350363E-1,-4.682507217E-1,-1.085353851E0
2.568389906E1,2.888168395E-1,-5.134547353E-1,-1.060919285E0
2.568624609E1,4.085463285E-1,-5.611021519E-1,-1.032819510E0
2.568859396E1,5.294975638E-1,-6.038627028E-1,-1.002276182E0
2.569094099E1,6.565573812E-1,-6.539536119E-1,-9.631809592E-1
2.569328729E1,7.946128249E-1,-7.101531625E-1,-9.143118262E-1
2.569563432E1,9.277813435E-1,-7.687962055E-1,-8.581122160E-1
2.569798219E1,1.067058444E0,-8.372130394E-1,-7.958040237E-1
2.570032922E1,1.210000753E0,-9.044081569E-1,-7.249437571E-1
2.570267547E1,1.351721406E0,-9.557207823E-1,-6.491965055E-1
2.570502260E1,1.500772357E0,-1.007033348E0,-5.661188960E-1
2.570737042E1,1.642493010E0,-1.036354899E0,-4.830412865E-1
2.570971740E1,1.775661469E0,-1.036354899E0,-4.072940648E-1
2.571206370E1,1.906386614E0,-1.043685317E0,-3.315468132E-1
2.571441083E1,2.024894476E0,-1.049793959E0,-2.631299794E-1
2.571675865E1,2.134850025E0,-1.041241884E0,-2.069304287E-1
2.571910562E1,2.238697052E0,-1.037576675E0,-1.617264301E-1
2.572145193E1,2.327883244E0,-1.036354899E0,-1.311831921E-1
2.572379896E1,2.408517599E0,-1.037576675E0,-1.079703420E-1
2.572614682E1,2.483042955E0,-1.057124376E0,-9.697478265E-2
2.572849385E1,2.552681446E0,-1.077893734E0,-9.453132004E-2
2.573084016E1,2.612546206E0,-1.085224152E0,-9.819650650E-2
2.573318719E1,2.671189308E0,-1.087667584E0,-1.079703420E-1
2.573553505E1,2.722501993E0,-1.080337167E0,-1.214093640E-1
2.573788208E1,2.765262365E0,-1.062011242E0,-1.482874155E-1
2.574022833E1,2.811688185E0,-1.033911467E0,-1.776089072E-1
2.574257547E1,2.852005243E0,-9.899291992E-1,-2.167042494E-1
2.574492328E1,2.887435436E0,-9.239557981E-1,-2.631299794E-1
2.574727026E1,2.924087286E0,-8.335478306E-1,-3.156643510E-1
2.574961656E1,2.954630613E0,-7.248139381E-1,-3.767508268E-1
2.575196370E1,2.992504120E0,-6.148582697E-1,-4.439459443E-1
2.575431151E1,3.035264730E0,-5.134547353E-1,-5.148062706E-1
2.575665849E1,3.067029715E0,-4.034990668E-1,-6.003273129E-1
2.575900479E1,3.103681564E0,-3.082041740E-1,-6.834049225E-1
2.576135182E1,3.142776966E0,-2.092440724E-1,-7.750346661E-1
2.576369974E1,3.180650473E0,-1.053970680E-1,-8.727729917E-1
2.576604672E1,3.216080666E0,2.115119249E-3,-9.753982425E-1
2.576839302E1,3.253954172E0,1.206228808E-1,-1.082910419E0
2.577074005E1,3.286941051E0,2.476827502E-1,-1.194087744E0
2.577308792E1,3.316262484E0,3.820729554E-1,-1.307708621E0
2.577543495E1,3.337031841E0,5.372325778E-1,-1.418885946E0
2.577778125E1,3.351692677E0,6.936139464E-1,-1.523954749E0
2.578012828E1,3.354135990E0,8.670995235E-1,-1.624136567E0
2.578247615E1,3.335810184E0,1.074793577E0,-1.714544535E0
2.578482318E1,3.302823544E0,1.287374496E0,-1.785404801E0
2.578716943E1,3.257619381E0,1.499955416E0,-1.824500203E0
2.578951656E1,3.202641726E0,1.733305693E0,-1.818391562E0
2.579186438E1,3.129337788E0,1.972764730E0,-1.781739593E0
2.579421135E1,3.051147223E0,2.170685053E0,-1.715766311E0
2.579655766E1,2.970513105E0,2.331953287E0,-1.615584493E0
2.579890479E1,2.877661705E0,2.473673820E0,-1.481194258E0
2.580125260E1,2.781144857E0,2.606842279E0,-1.322369337E0
2.580359958E1,2.677298069E0,2.733902216E0,-1.147662044E0
2.580594588E1,2.552681446E0,2.870735884E0,-9.802851677E-1
2.580829292E1,2.428065062E0,3.012456656E0,-8.373428583E-1
2.581064078E1,2.312000751E0,3.139516354E0,-7.139481902E-1
2.581298781E1,2.208153963E0,3.228702784E0,-6.149880886E-1
2.581533411E1,2.131184816E0,3.266576290E0,-5.526798964E-1
2.581768115E1,2.087202549E0,3.254359007E0,-5.221366286E-1
2.582002901E1,2.072541952E0,3.221372366E0,-5.099193454E-1
2.582237604E1,2.084759235E0,3.170059681E0,-5.062541366E-1
2.582472229E1,2.123854637E0,3.099199295E0,-4.915933907E-1
2.582706943E1,2.188606262E0,3.002682686E0,-4.622718692E-1
2.582941724E1,2.270462036E0,2.876844645E0,-4.256199896E-1
2.583176422E1,2.364535332E0,2.707024097E0,-3.767508268E-1
2.583411052E1,2.459830046E0,2.518877983E0,-3.291033804E-1
2.583645766E1,2.556346655E0,2.317292452E0,-2.777907252E-1
2.583880547E1,2.655306816E0,2.098603010E0,-2.228129059E-1
2.584115245E1,2.765262365E0,1.862809062E0,-1.702785343E-1
2.584349875E1,2.865444183E0,1.624571800E0,-1.299614608E-1
2.584584578E1,2.958295822E0,1.380225897E0,-1.067486182E-1
2.584819370E1,3.038929939E0,1.134658337E0,-9.575305134E-2
2.585054068E1,3.096351147E0,8.805385828E-1,-8.842267096E-2
2.585288698E1,3.151329041E0,6.105363369E-1,-6.520981342E-2
2.585523401E1,3.196532965E0,3.429776132E-1,-3.100138530E-2
2.585758188E1,3.216080666E0,1.145142242E-1,4.428769462E-3
2.585992891E1,3.235628366E0,-1.041753367E-1,4.230238125E-2
2.586227521E1,3.242958784E0,-2.947651446E-1,7.284561545E-2
2.586462224E1,3.251510859E0,-4.584769011E-1,9.483674169E-2
2.586697010E1,3.258841276E0,-5.806498528E-1,1.082757637E-1
2.586931714E1,3.269836664E0,-6.490666866E-1,1.192713305E-1
2.587166338E1,3.294271231E0,-6.759447455E-1,1.278234422E-1
2.587401052E1,3.333366632E0,-6.673926115E-1,1.278234422E-1
2.587635833E1,3.392009735E0,-6.331841946E-1,1.302669048E-1
2.587870531E1,3.473865509E0,-5.647673607E-1,1.351538301E-1
2.588105161E1,3.570382118E0,-4.706941843E-1,1.485928446E-1
2.588339875E1,3.679116011E0,-3.301953077E-1,1.620318741E-1
2.588574656E1,3.798845530E0,-1.738139093E-1,1.730274409E-1
2.588809354E1,3.930792332E0,8.933898062E-4,1.974620223E-1
2.589043984E1,4.076178551E0,1.756007075E-1,2.365573645E-1
2.589278688E1,4.228894711E0,3.307603300E-1,2.609919608E-1
2.589513474E1,4.369393349E0,4.798113108E-1,2.365573645E-1
2.589748177E1,4.487901211E0,6.374143958E-1,1.779143512E-1
2.589982807E1,4.579530716E0,8.182303905E-1,1.021671221E-1
2.590217510E1,4.641839027E0,1.005154967E0,-4.123336636E-3
2.590452297E1,4.658943176E0,1.189636111E0,-1.311831921E-1
2.590687000E1,4.638174057E0,1.342352271E0,-2.582430542E-1
2.590921625E1,4.566092014E0,1.465746999E0,-3.816377223E-1
2.591156338E1,4.432923317E0,1.556154966E0,-4.940368533E-1
2.591391120E1,4.224007607E0,1.616019726E0,-5.954403877E-1
2.591625818E1,3.958892107E0,1.624571800E0,-6.797397733E-1
2.591860448E1,3.657124996E0,1.567150474E0,-7.542652488E-1
2.592095161E1,3.354135990E0,1.448642731E0,-8.202386498E-1
2.592329943E1,3.060920954E0,1.297148347E0,-8.715512753E-1
2.592564641E1,2.798249245E0,1.078458786E0,-8.972075582E-1
2.592799271E1,2.568563938E0,8.072348237E-1,-8.996510506E-1
2.593033974E1,2.382861137E0,5.079110861E-1,-8.935424089E-1
2.593268760E1,2.232588530E0,2.159177661E-1,-8.886554837E-1
2.593503464E1,2.104306936E0,-5.408443511E-2,-8.910989165E-1
2.593738094E1,1.988242507E0,-2.910999656E-1,-8.959858418E-1
2.593972797E1,1.897834420E0,-5.366675854E-1,-8.935424089E-1
2.594207583E1,1.806204796E0,-7.639092803E-1,-8.959858418E-1
2.594442286E1,1.725570560E0,-9.960378408E-1,-9.008727670E-1
2.594676917E1,1.649823427E0,-1.226944685E0,-9.094249010E-1
2.594911620E1,1.577741385E0,-1.455408096E0,-9.204204679E-1
2.595146406E1,1.506880999E0,-1.672876000E0,-9.289725423E-1
2.595381109E1,1.438464165E0,-1.870796084E0,-9.363029003E-1
2.595615734E1,1.361495256E0,-2.029620886E0,-9.411898255E-1
2.595850448E1,1.291856647E0,-2.164011002E0,-9.411898255E-1
2.596085229E1,1.220996380E0,-2.260527611E0,-9.363029003E-1
2.596319927E1,1.152579546E0,-2.337496758E0,-9.253073335E-1
2.596554557E1,1.095158219E0,-2.390031099E0,-9.130900502E-1
2.596789271E1,1.043845534E0,-2.414465666E0,-9.020944834E-1
2.597024052E1,9.900895357E-1,-2.396139622E0,-8.959858418E-1
2.597258750E1,9.509941936E-1,-2.358266115E0,-8.923206925E-1
2.597493380E1,9.143423438E-1,-2.277631998E0,-8.959858418E-1
2.597728083E1,8.947946429E-1,-2.181115389E0,-9.008727670E-1
2.597962875E1,8.740252256E-1,-2.051611900E0,-9.094249010E-1
2.598197573E1,8.642514348E-1,-1.907448053E0,-9.179769754E-1
2.598432203E1,8.630296588E-1,-1.742514491E0,-9.240856171E-1
2.598666906E1,8.679165840E-1,-1.583689690E0,-9.228639007E-1
2.598901693E1,8.728035092E-1,-1.427308321E0,-9.191986918E-1
2.599136396E1,8.837990761E-1,-1.279479027E0,-9.082031250E-1
2.599371026E1,8.911294341E-1,-1.135315061E0,-8.996510506E-1
2.599605729E1,8.984598517E-1,-1.002146482E0,-8.886554837E-1
2.599840516E1,9.106771350E-1,-8.738648891E-1,-8.764382005E-1
2.600075214E1,9.216727018E-1,-7.480267882E-1,-8.605557084E-1
2.600309844E1,9.351117015E-1,-6.454014778E-1,-8.373428583E-1
2.600544557E1,9.509941936E-1,-5.513283610E-1,-8.116865158E-1
2.600779339E1,9.595463276E-1,-4.548117220E-1,-7.860302329E-1
2.601014036E1,9.705418944E-1,-3.692906499E-1,-7.603738904E-1
2.601248667E1,9.803156853E-1,-2.898782492E-1,-7.334958315E-1
2.601483380E1,9.864243269E-1,-2.153527141E-1,-7.066177726E-1
2.601718161E1,9.913111925E-1,-1.420489550E-1,-6.748528481E-1
2.601952859E1,9.925329685E-1,-7.363210618E-2,-6.394226551E-1
2.602187490E1,9.839808941E-1,-6.436986849E-3,-6.015490890E-1
2.602422193E1,9.790939689E-1,4.243219271E-2,-5.575668216E-1
2.602656979E1,9.595463276E-1,9.741001576E-2,-5.135845542E-1
2.602891682E1,9.375551939E-1,1.340619028E-1,-4.671587944E-1
2.603126313E1,9.118988514E-1,1.731572449E-1,-4.158461690E-1
2.603361016E1,8.776904345E-1,2.098091245E-1,-3.669769764E-1
2.603595802E1,8.373733759E-1,2.476827502E-1,-3.193295300E-1
2.603830505E1,8.056083918E-1,2.684521079E-1,-2.667951584E-1
2.604065130E1,7.640696168E-1,2.892215252E-1,-2.191477120E-1
2.604299844E1,7.152004242E-1,2.965518832E-1,-1.727219969E-1
2.604534625E1,6.699964404E-1,2.965518832E-1,-1.262962818E-1
2.604769323E1,6.186838150E-1,2.818911374E-1,-7.987056673E-2
2.605003953E1,5.588190556E-1,2.647869587E-1,-3.833176196E-2
2.605238667E1,4.879587591E-1,2.464610040E-1,-2.901607426E-3
2.605473448E1,4.232070744E-1,2.012570202E-1,3.252854571E-2
2.605708146E1,3.450163901E-1,1.658268571E-1,6.062832102E-2
2.605942776E1,2.765995562E-1,1.047403887E-1,8.872809261E-2
2.606177479E1,1.947436780E-1,5.831466988E-2,1.107192263E-1
2.606412266E1,1.165530011E-1,2.115119249E-3,1.314886361E-1
2.606646969E1,4.202749580E-2,-5.041924864E-2,1.510363072E-1
2.606881599E1,-4.105010629E-2,-1.017318889E-1,1.595884115E-1
2.607116302E1,-1.265711635E-1,-1.432706714E-1,1.632536054E-1
2.607351088E1,-2.133139521E-1,-1.799225509E-1,1.754708886E-1
2.607585792E1,-3.122740388E-1,-1.994702220E-1,1.852447242E-1
2.607820422E1,-4.063472152E-1,-2.251265645E-1,1.864664555E-1
2.608055125E1,-5.016421080E-1,-2.275699973E-1,1.742491722E-1
2.608289911E1,-5.773892999E-1,-2.495611608E-1,1.632536054E-1
2.608524609E1,-6.555799842E-1,-2.507828772E-1,1.485928446E-1
2.608759240E1,-7.154447436E-1,-2.605567276E-1,1.400407404E-1
2.608993953E1,-7.630922198E-1,-2.581132650E-1,1.290451735E-1
2.609228734E1,-7.863050699E-1,-2.520046234E-1,1.241582558E-1
2.609463432E1,-7.814181447E-1,-2.397873104E-1,1.204930618E-1
2.609698062E1,-7.508749366E-1,-2.226831019E-1,1.131626889E-1
2.609932776E1,-6.922318935E-1,-1.970267892E-1,1.070540398E-1
2.610167557E1,-6.079325676E-1,-1.603748798E-1,1.058323085E-1
2.610402255E1,-5.053073168E-1,-1.188360974E-1,1.033888534E-1
2.610636885E1,-3.794691563E-1,-8.707112819E-2,1.082757637E-1
2.610871589E1,-2.353050858E-1,-6.752345711E-2,1.094974950E-1
2.611106375E1,-8.869755268E-2,-6.141481549E-2,1.033888534E-1
2.611341078E1,5.302306265E-2,-6.752345711E-2,9.117155522E-2
2.611575708E1,1.923002154E-1,-8.584939688E-2,8.506290615E-2
2.611810411E1,3.156948984E-1,-1.249447390E-1,8.139771968E-2
2.612045198E1,4.170984328E-1,-1.774791181E-1,8.506290615E-2
2.612279901E1,5.099498630E-1,-2.593349814E-1,9.850192815E-2
2.612514526E1,5.771449804E-1,-3.375256956E-1,1.131626889E-1
2.612749240E1,6.162403226E-1,-4.193815589E-1,1.253799796E-1
2.612984021E1,6.467835903E-1,-5.000156760E-1,1.400407404E-1
2.613218719E1,6.614443064E-1,-5.733194947E-1,1.498145759E-1
2.613453349E1,6.614443064E-1,-6.282972693E-1,1.559232175E-1
2.613688062E1,6.602225900E-1,-6.722795367E-1,1.669187844E-1
2.613922844E1,6.565573812E-1,-6.930489540E-1,1.766926199E-1
2.614157542E1,6.541139483E-1,-7.016010284E-1,1.901316494E-1
2.614392172E1,6.590008736E-1,-6.918272376E-1,2.011272162E-1
2.614626875E1,6.932092905E-1,-6.722795367E-1,2.182314247E-1
2.614861661E1,7.469654083E-1,-6.356276870E-1,2.377790958E-1
2.615096365E1,8.092736006E-1,-5.855367780E-1,2.561050355E-1
2.615330995E1,8.972381353E-1,-5.427762270E-1,2.683223188E-1
2.615565698E1,9.864243269E-1,-5.268937349E-1,2.768744528E-1
2.615800484E1,1.070723653E0,-5.537717938E-1,2.780961692E-1
2.616035188E1,1.142805696E0,-6.307407618E-1,2.732092440E-1
2.616269813E1,1.214887738E0,-7.614657879E-1,2.671006024E-1
2.616504526E1,1.275974154E0,-9.251775742E-1,2.585484982E-1
2.616739307E1,1.324843407E0,-1.102328300E0,2.451094687E-1
2.616974005E1,1.368825555E0,-1.267261744E0,2.304487228E-1
2.617208635E1,1.384708047E0,-1.401651978E0,2.047923952E-1
2.617443349E1,1.373712540E0,-1.512829423E0,1.608101428E-1
2.617678130E1,1.339504123E0,-1.583689690E0,1.058323085E-1
2.617912828E1,1.279639363E0,-1.609346032E0,3.985892236E-2
2.618147458E1,1.205113888E0,-1.621563315E0,-3.955348954E-2
2.618382161E1,1.117149353E0,-1.600793958E0,-1.336266547E-1
2.618616953E1,1.026741385E0,-1.554368258E0,-2.386953831E-1
2.618851651E1,9.412203431E-1,-1.487173080E0,-3.498727679E-1
2.619086281E1,8.532558680E-1,-1.377217412E0,-4.659370482E-1
2.619320984E1,7.750651836E-1,-1.222057819E0,-5.771144629E-1
2.619555771E1,7.029831409E-1,-1.020472407E0,-6.931787729E-1
2.619790474E1,6.333445311E-1,-7.859004140E-1,-8.104647994E-1
2.620025104E1,5.685929060E-1,-5.317806602E-1,-9.277508259E-1
2.620259807E1,5.111715794E-1,-2.886565030E-1,-1.040149927E0
2.620494594E1,4.415330291E-1,-6.752345711E-2,-1.150105476E0
2.620729292E1,3.755596280E-1,8.274926990E-2,-1.247843862E0
2.620963922E1,3.010341525E-1,1.389488280E-1,-1.332143188E0
2.621198635E1,2.069609612E-1,1.022969410E-1,-1.395673156E0
2.621433417E1,9.456185997E-2,-1.254563406E-2,-1.451872706E0
2.621668115E1,-2.761108242E-2,-1.689269841E-1,-1.489746332E0
2.621902745E1,-1.583361477E-1,-3.228649199E-1,-1.508072257E0
2.622137458E1,-2.890611887E-1,-4.523682594E-1,-1.501963615E0
2.622372240E1,-4.197862446E-1,-5.220068097E-1,-1.477529049E0
2.622606938E1,-5.505113006E-1,-5.281154513E-1,-1.442098856E0
2.622841568E1,-6.824580431E-1,-4.914636016E-1,-1.403003573E0
2.623076271E1,-8.070744872E-1,-4.352640510E-1,-1.343138814E0
2.623311057E1,-9.243605137E-1,-3.766210377E-1,-1.256395936E0
2.623545760E1,-1.031872749E0,-3.191997409E-1,-1.158657670E0
2.623780391E1,-1.139384985E0,-2.556698024E-1,-1.065806150E0
2.624015094E1,-1.243231893E0,-2.068006098E-1,-9.729548097E-1
2.624249880E1,-1.351965904E0,-1.713704467E-1,-8.764382005E-1
2.624484583E1,-1.470473647E0,-1.615966260E-1,-7.713694572E-1
2.624719208E1,-1.592646599E0,-2.031354308E-1,-6.528617144E-1
2.624953922E1,-1.720928192E0,-2.959868908E-1,-5.184714794E-1
2.625188703E1,-1.824775100E0,-4.572551847E-1,-3.681987226E-1
2.625423401E1,-1.889526844E0,-6.686143875E-1,-2.081521451E-1
2.625658031E1,-1.921291828E0,-8.873039484E-1,-5.177078769E-2
2.625892745E1,-1.900522351E0,-1.110880375E0,1.021671221E-1
2.626127526E1,-1.841879368E0,-1.296583295E0,2.426660061E-1
2.626362224E1,-1.753914833E0,-1.446856022E0,3.636172414E-1
2.626596854E1,-1.642737508E0,-1.555589914E0,4.686859548E-1
2.626831557E1,-1.515677571E0,-1.609346032E0,5.493201017E-1
2.627066349E1,-1.381287336E0,-1.610567808E0,6.177369356E-1
2.627301047E1,-1.248118877E0,-1.561698556E0,6.849320531E-1
2.627535677E1,-1.111285210E0,-1.487173080E0,7.716748118E-1
2.627770380E1,-9.939990640E-1,-1.397986889E0,8.596393466E-1
2.628005167E1,-9.072563052E-1,-1.281922579E0,9.463821650E-1
2.628239870E1,-8.473915458E-1,-1.130428076E0,1.027016401E0
2.628474500E1,-8.205134869E-1,-9.398382902E-1,1.085659385E0
2.628709203E1,-8.180700541E-1,-7.406964302E-1,1.107650518E0
2.628943990E1,-8.412829041E-1,-5.549935102E-1,1.094211459E0
2.629178688E1,-8.938172460E-1,-3.839513958E-1,1.046563983E0
2.629413318E1,-9.756731391E-1,-2.068006098E-1,9.830340147E-1
2.629648031E1,-1.088072300E0,-3.453676403E-2,9.280561805E-1
2.629882812E1,-1.193140984E0,1.047403887E-1,8.975129724E-1
2.630117510E1,-1.294544578E0,2.134743035E-1,8.926260471E-1
2.630352141E1,-1.383730769E0,2.745607793E-1,9.060650468E-1
2.630586844E1,-1.442373872E0,2.513479292E-1,9.329431057E-1
2.630821635E1,-1.491243005E0,1.450574696E-1,9.610428810E-1
2.631056333E1,-1.508347273E0,-5.286271125E-2,1.000138283E0
2.631290964E1,-1.509568930E0,-2.788826823E-1,1.040455341E0
2.631525667E1,-1.509568930E0,-5.000156760E-1,1.084437609E0
2.631760453E1,-1.518121004E0,-6.967141628E-1,1.118646026E0
2.631995156E1,-1.512012362E0,-8.836387396E-1,1.155297995E0
2.632229786E1,-1.499795079E0,-1.057124376E0,1.194393277E0
2.632464490E1,-1.493686438E0,-1.201288342E0,1.234710336E0
2.632699276E1,-1.477803946E0,-1.318574429E0,1.279914379E0
2.632933979E1,-1.450925946E0,-1.423643112E0,1.331226945E0
2.633168604E1,-1.428934813E0,-1.493281722E0,1.381317854E0
2.633403318E1,-1.399613261E0,-1.538485765E0,1.435073972E0
2.633638099E1,-1.365404844E0,-1.548259616E0,1.486386657E0
2.633872797E1,-1.318979144E0,-1.544594407E0,1.526703715E0
2.634107427E1,-1.273775220E0,-1.499390364E0,1.553581715E0
2.634342141E1,-1.212688684E0,-1.443190813E0,1.576794624E0
2.634576922E1,-1.152823925E0,-1.360113263E0,1.592677116E0
2.634811620E1,-1.094180942E0,-1.264818311E0,1.608559608E0
2.635046250E1,-1.033094525E0,-1.152419209E0,1.624442101E0
2.635280953E1,-9.793383479E-1,-1.020472407E0,1.631772399E0
2.635515745E1,-9.280256629E-1,-8.995212317E-1,1.642768025E0
2.635750443E1,-8.803782463E-1,-7.749048471E-1,1.650098324E0
2.635985073E1,-8.425046206E-1,-6.576188207E-1,1.654985309E0
2.636219776E1,-8.144048452E-1,-5.623239279E-1,1.658650517E0
2.636454562E1,-7.899702787E-1,-4.914636016E-1,1.669646025E0
2.636689266E1,-7.801964283E-1,-4.267119467E-1,1.687971950E0
2.636923891E1,-7.911919951E-1,-3.521864414E-1,1.707519650E0
2.637158604E1,-8.095179200E-1,-2.874347866E-1,1.729510784E0
2.637393385E1,-8.363959789E-1,-2.239048183E-1,1.749058485E0
2.637628083E1,-8.767130375E-1,-1.774791181E-1,1.768606067E0
2.637862714E1,-9.219170213E-1,-1.408272386E-1,1.782045126E0
2.638097427E1,-9.756731391E-1,-1.127274409E-1,1.793040752E0
2.638332208E1,-1.036759615E0,-1.017318889E-1,1.805258036E0
2.638566906E1,-1.111285210E0,-8.218421787E-2,1.816253543E0
2.638801536E1,-1.196806192E0,-5.164097995E-2,1.824805617E0
2.639036240E1,-1.298209786E0,-1.132390462E-2,1.829692602E0
2.639271031E1,-1.398391604E0,1.066722535E-2,1.839466453E0
2.639505729E1,-1.508347273E0,2.777143940E-2,1.848018527E0
2.639740359E1,-1.632963657E0,3.876700252E-2,1.844353318E0
2.639975063E1,-1.761245251E0,3.876700252E-2,1.830914259E0
2.640209849E1,-1.867535710E0,1.677587256E-2,1.822362185E0
2.640444552E1,-1.949391603E0,-1.254563406E-2,1.819918752E0
2.640679182E1,-2.017808199E0,-3.942368180E-2,1.806479692E0
2.640913885E1,-2.058125257E0,-8.707112819E-2,1.788153768E0
2.641148672E1,-2.087446928E0,-1.383837759E-1,1.763719201E0
2.641383375E1,-2.132650852E0,-1.396054924E-1,1.731954217E0
2.641618000E1,-2.194959164E0,-6.996691972E-2,1.690415382E0
2.641852714E1,-2.268262863E0,6.075813249E-2,1.650098324E0
2.642087495E1,-2.352562189E0,2.403523624E-1,1.614668250E0
2.642322193E1,-2.445413589E0,4.749243855E-1,1.580459833E0
2.642556823E1,-2.537043333E0,7.339310646E-1,1.545029640E0
2.642791536E1,-2.648220778E0,1.033254743E0,1.498603940E0
2.643026318E1,-2.750845909E0,1.314252496E0,1.457065105E0
2.643261016E1,-2.853471279E0,1.598915458E0,1.416748047E0
2.643495646E1,-2.967092037E0,1.878691554E0,1.384983063E0
2.643730349E1,-3.088043213E0,2.142585278E0,1.359326720E0
2.643965135E1,-3.213881493E0,2.395483255E0,1.347109437E0
2.644199838E1,-3.333610773E0,2.611729383E0,1.343444228E0
2.644434469E1,-3.436236143E0,2.764445543E0,1.333670378E0
2.644669172E1,-3.532752752E0,2.843858004E0,1.323896646E0
2.644903958E1,-3.620717287E0,2.875622988E0,1.312901020E0
2.645138661E1,-3.695242882E0,2.863405466E0,1.298240304E0
2.645373292E1,-3.759994507E0,2.796210527E0,1.284801245E0
2.645607995E1,-3.823524475E0,2.713132858E0,1.264031887E0
2.645842781E1,-3.873615265E0,2.619059801E0,1.235932112E0
2.646077479E1,-3.905380249E0,2.494443178E0,1.201723695E0
2.646312109E1,-3.929814816E0,2.362496614E0,1.157741427E0
2.646546823E1,-3.940810442E0,2.225662708E0,1.106428742E0
2.646781604E1,-3.948140860E0,2.097381115E0,1.051450968E0
2.647016302E1,-3.945697308E0,1.977651596E0,1.000138283E0
2.647250932E1,-3.942032099E0,1.886021852E0,9.549342394E-1
2.647485635E1,-3.937145233E0,1.829822302E0,9.219475389E-1
2.647720427E1,-3.933480024E0,1.826157212E0,8.938477635E-1
2.647955125E1,-3.910267115E0,1.845704794E0,8.791870475E-1
2.648189755E1,-3.887054443E0,1.894574046E0,8.645262718E-1
2.648424458E1,-3.851624250E0,1.961769104E0,8.498654962E-1
2.648659245E1,-3.792981148E0,2.033851385E0,8.352047801E-1
2.648893948E1,-3.713568687E0,2.096159458E0,8.217657208E-1
2.649128578E1,-3.609721661E0,2.116928816E0,8.071050048E-1
2.649363281E1,-3.489992380E0,2.085163832E0,7.826703787E-1
2.649598068E1,-3.356823683E0,1.988647103E0,7.533488870E-1
2.649832766E1,-3.244424582E0,1.893352270E0,7.081449032E-1
2.650067396E1,-3.132025480E0,1.791948676E0,6.592757106E-1
2.650302109E1,-3.013517857E0,1.681993127E0,6.116282940E-1
2.650536891E1,-2.920666456E0,1.597693801E0,5.688677430E-1
2.650771589E1,-2.830258369E0,1.502398849E0,5.444331765E-1
2.651006219E1,-2.745959044E0,1.419321299E0,5.383245349E-1
2.651240932E1,-2.684872627E0,1.363121748E0,5.358810425E-1
2.651475714E1,-2.649442434E0,1.337465405E0,5.236637592E-1
2.651710411E1,-2.617677450E0,1.322804570E0,5.028944016E-1
2.651945042E1,-2.587134123E0,1.299591780E0,4.772380590E-1
2.652179745E1,-2.557812691E0,1.276378870E0,4.528034627E-1
2.652414531E1,-2.527269363E0,1.232396603E0,4.320340753E-1
2.652649234E1,-2.508943558E0,1.179862261E0,4.100429416E-1
2.652883865E1,-2.488174200E0,1.110223651E0,3.892735541E-1
2.653118568E1,-2.468626499E0,1.028367877E0,3.721693456E-1
2.653353354E1,-2.449078798E0,9.318512082E-1,3.526216745E-1
2.653588057E1,-2.438083172E0,8.267824650E-1,3.342957199E-1
2.653822682E1,-2.425865889E0,7.266006470E-1,3.171915114E-1
2.654057396E1,-2.416092157E0,6.300840378E-1,3.037524819E-1
2.654292177E1,-2.408761740E0,5.311239362E-1,3.037524819E-1
2.654526875E1,-2.392879248E0,4.297204018E-1,3.086394072E-1
2.654761505E1,-2.370887995E0,3.258734047E-1,3.000873029E-1
2.654996219E1,-2.337901354E0,2.061439455E-1,2.561050355E-1
2.655231000E1,-2.324462414E0,9.985347837E-2,1.815795451E-1
2.655465698E1,-2.312245131E0,-1.621082425E-2,1.241582558E-1
2.655700328E1,-2.290253878E0,-1.493793130E-1,8.872809261E-2
2.655935031E1,-2.265819311E0,-2.910999656E-1,7.528907061E-2
2.656169823E1,-2.230389118E0,-4.487030506E-1,7.528907061E-2
2.656404521E1,-2.194959164E0,-5.965323448E-1,8.139771968E-2
2.656639151E1,-2.154641867E0,-7.455832958E-1,9.239328653E-2
2.656873854E1,-2.116768360E0,-8.860822320E-1,1.033888534E-1
2.657108641E1,-2.088668585E0,-1.002146482E0,1.082757637E-1
2.657343344E1,-2.058125257E0,-1.113323927E0,1.131626889E-1
2.657577969E1,-2.050795078E0,-1.196401477E0,1.009453908E-1
2.657812682E1,-2.048351526E0,-1.283144236E0,8.750636876E-2
2.658047464E1,-2.055681944E0,-1.360113263E0,6.795869768E-2
2.658282161E1,-2.072786093E0,-1.418756247E0,4.108064994E-2
2.658516792E1,-2.095999002E0,-1.460295081E0,1.298087556E-2
2.658751505E1,-2.130207300E0,-1.488394856E0,-1.023198385E-2
2.658986286E1,-2.159528971E0,-1.501833797E0,-2.977965400E-2
2.659220984E1,-2.183963537E0,-1.492060065E0,-4.444040731E-2
2.659455615E1,-2.201067686E0,-1.474955797E0,-4.810559750E-2
2.659690318E1,-2.221837044E0,-1.426086664E0,-4.566213861E-2
2.659925109E1,-2.231611013E0,-1.367443562E0,-3.222311288E-2
2.660159807E1,-2.229167461E0,-1.305135369E0,-7.788524963E-3
2.660394438E1,-2.215728521E0,-1.233053327E0,2.886335924E-2
2.660629141E1,-2.190072060E0,-1.149975777E0,7.528907061E-2
2.660863927E1,-2.144868135E0,-1.052237391E0,1.253799796E-1
2.661098630E1,-2.075229645E0,-9.532773495E-1,1.840229928E-1
2.661333260E1,-1.998260617E0,-8.347695470E-1,2.426660061E-1
2.661567964E1,-1.909074426E0,-7.016010284E-1,2.988655567E-1
2.661802750E1,-1.802783966E0,-5.635456443E-1,3.501782119E-1
2.662037453E1,-1.683054566E0,-4.193815589E-1,4.014908373E-1
2.662272078E1,-1.551107764E0,-2.666653693E-1,4.528034627E-1
2.662506792E1,-1.406943679E0,-1.249447390E-1,5.090029836E-1
2.662741573E1,-1.257892728E0,1.311068423E-2,5.652025342E-1
2.662976271E1,-1.101511359E0,1.487226486E-1,6.226238608E-1
2.663210901E1,-9.439081550E-1,2.782259583E-1,6.727147698E-1
2.663445615E1,-7.899702787E-1,4.126161933E-1,7.228056788E-1
2.663680396E1,-6.409192681E-1,5.384543538E-1,7.728965878E-1
2.663915094E1,-5.101941824E-1,6.655141711E-1,8.229874969E-1
2.664149724E1,-3.916864395E-1,7.730264068E-1,8.681914806E-1
2.664384427E1,-3.049436510E-1,8.805385828E-1,9.060650468E-1
2.664619214E1,-2.218660861E-1,9.611726999E-1,9.463821650E-1
2.664853917E1,-1.693317145E-1,1.040585160E0,9.805905819E-1
2.665088547E1,-1.473405808E-1,1.106558561E0,1.008690357E0
2.665323250E1,-1.375667304E-1,1.145653844E0,1.028238058E0
2.665558036E1,-1.436753720E-1,1.167644978E0,1.046563983E0
2.665792740E1,-1.595578641E-1,1.145653844E0,1.060003042E0
2.666027365E1,-1.888793856E-1,1.111445427E0,1.069776893E0
2.666262078E1,-2.182008773E-1,1.047915459E0,1.075885534E0
2.666496859E1,-2.524093091E-1,9.685031176E-1,1.077107310E0
2.666731557E1,-2.890611887E-1,8.866472244E-1,1.060003042E0
2.666966188E1,-3.244913220E-1,8.047913313E-1,1.030681491E0
2.667200901E1,-3.562563062E-1,7.192702889E-1,9.879209399E-1
2.667435682E1,-3.880212605E-1,6.459665298E-1,9.402735233E-1
2.667670380E1,-4.112341404E-1,5.751062036E-1,8.877391219E-1
2.667905010E1,-4.271166027E-1,5.091328025E-1,8.327612877E-1
2.668139714E1,-4.405556321E-1,4.590419233E-1,7.790052295E-1
2.668374500E1,-4.393339157E-1,4.089510143E-1,7.215839028E-1
2.668609203E1,-4.307817817E-1,3.698556721E-1,6.666061282E-1
2.668843833E1,-4.039037526E-1,3.344255090E-1,6.079630852E-1
2.669078536E1,-3.770256937E-1,3.002170920E-1,5.432114005E-1
2.669313323E1,-3.403738141E-1,2.684521079E-1,4.723511636E-1
2.669548026E1,-3.012784719E-1,2.403523624E-1,3.978256583E-1
2.669782651E1,-2.670700550E-1,2.208046913E-1,3.159697950E-1
2.670017365E1,-2.230878025E-1,1.951483786E-1,2.353356332E-1
2.670252146E1,-1.815489978E-1,1.694920659E-1,1.559232175E-1
2.670486849E1,-1.436753720E-1,1.377270818E-1,8.017598838E-2
2.670721474E1,-1.009148508E-1,9.007964283E-2,8.093957789E-3
2.670956188E1,-5.448912829E-2,3.143662587E-2,-5.787943304E-2
2.671190969E1,-6.841683760E-3,-2.109774202E-2,-1.226310953E-1
2.671425667E1,4.447095841E-2,-9.073632210E-2,-1.812741011E-1
2.671660297E1,9.822705388E-2,-1.542662382E-1,-2.374736518E-1
2.671895000E1,1.556483358E-1,-2.165744603E-1,-2.863428295E-1
2.672129792E1,2.069609612E-1,-2.764392197E-1,-3.327685595E-1
2.672364490E1,2.619388103E-1,-3.326387703E-1,-3.755290806E-1
2.672599120E1,3.242470026E-1,-4.022773504E-1,-4.097374976E-1
2.672833823E1,3.743379116E-1,-4.535899758E-1,-4.476111233E-1
2.673068609E1,4.244288206E-1,-5.146764517E-1,-4.781543612E-1
2.673303313E1,4.806284010E-1,-5.696542859E-1,-5.062541366E-1
2.673537943E1,5.356062055E-1,-6.270755529E-1,-5.306887627E-1
2.673772646E1,5.856971145E-1,-6.808316708E-1,-5.502364039E-1
2.674007432E1,6.480053067E-1,-7.468050718E-1,-5.612319708E-1
2.674242135E1,7.066482902E-1,-8.066697717E-1,-5.636754632E-1
2.674476760E1,7.665130496E-1,-8.665345311E-1,-5.648971796E-1
2.674711474E1,8.337081671E-1,-9.349513650E-1,-5.539016128E-1
2.674946255E1,9.070119262E-1,-9.984812737E-1,-5.392408371E-1
2.675180953E1,9.827591181E-1,-1.051015735E0,-5.196931958E-1
2.675415583E1,1.070723653E0,-1.097441435E0,-4.952585697E-1
2.675650297E1,1.167240262E0,-1.125541210E0,-4.683805108E-1
2.675885078E1,1.266200304E0,-1.151197553E0,-4.366155565E-1
2.676119776E1,1.366382122E0,-1.173188567E0,-4.048506021E-1
2.676354406E1,1.472672582E0,-1.195179701E0,-3.718639016E-1
2.676589109E1,1.588736892E0,-1.217170835E0,-3.376554847E-1
2.676823896E1,1.708466411E0,-1.236718535E0,-3.071122468E-1
2.677058599E1,1.841634870E0,-1.256266236E0,-2.765690088E-1
2.677293229E1,1.971138239E0,-1.264818311E0,-2.521344125E-1
2.677527932E1,2.094532967E0,-1.259931445E0,-2.362519205E-1
2.677762719E1,2.224036455E0,-1.255044460E0,-2.264780998E-1
2.677997422E1,2.342544079E0,-1.237940311E0,-2.301432788E-1
2.678232047E1,2.461051941E0,-1.224501252E0,-2.399171144E-1
2.678466760E1,2.566120625E0,-1.197623253E0,-2.606865168E-1
2.678701542E1,2.671189308E0,-1.170745134E0,-2.838993669E-1
2.678936240E1,2.750601768E0,-1.126762867E0,-3.168860674E-1
2.679170870E1,2.816575050E0,-1.071785092E0,-3.584248722E-1
2.679405583E1,2.881326675E0,-1.013141990E0,-3.987419307E-1
2.679640365E1,2.924087286E0,-9.459469318E-1,-4.439459443E-1
2.679875062E1,2.968069553E0,-8.811953068E-1,-4.879281819E-1
2.680109693E1,3.003499746E0,-7.968959808E-1,-5.331321955E-1
2.680344396E1,3.037708044E0,-7.125965953E-1,-5.795579553E-1
2.680579188E1,3.063364506E0,-6.173017025E-1,-6.284270883E-1
2.680813885E1,3.085355520E0,-5.146764517E-1,-6.846266389E-1
2.681048516E1,3.103681564E0,-4.169380963E-1,-7.444913983E-1
2.681283219E1,3.114677191E0,-3.204214573E-1,-8.080213666E-1
2.681518005E1,3.118342400E0,-2.177961767E-1,-8.788816333E-1
2.681752708E1,3.115898848E0,-1.225012764E-1,-9.534071684E-1
2.681987338E1,3.098794699E0,-1.743255183E-2,-1.037706375E0
2.682222042E1,3.076803446E0,9.374482185E-2,-1.129336119E0
2.682456828E1,3.048703671E0,2.012570202E-1,-1.227074504E0
2.682691526E1,3.010830164E0,3.160995543E-1,-1.326034546E0
2.682926156E1,2.969291210E0,4.468246102E-1,-1.427438140E0
2.683160870E1,2.927752495E0,5.824365616E-1,-1.528841615E0
2.683395651E1,2.884991884E0,7.192702889E-1,-1.632688642E0
2.683630349E1,2.843453169E0,8.573257327E-1,-1.742644310E0
2.683864979E1,2.810466528E0,9.819421172E-1,-1.855043411E0
2.684099682E1,2.771371126E0,1.095562935E0,-1.974772930E0
2.684334474E1,2.733497620E0,1.201853395E0,-2.083506823E0
2.684569172E1,2.685850143E0,1.331356764E0,-2.187353849E0
2.684803802E1,2.612546206E0,1.482851148E0,-2.275318384E0
2.685038505E1,2.525803566E0,1.639232516E0,-2.341291666E0
2.685273292E1,2.424399853E0,1.782174945E0,-2.382830620E0
2.685507995E1,2.318109512E0,1.905569553E0,-2.403599977E0
2.685742625E1,2.224036455E0,1.978873372E0,-2.399934769E0
2.685977328E1,2.137293577E0,2.015525341E0,-2.370613337E0
2.686212115E1,2.070098400E0,2.016746998E0,-2.310748577E0
2.686446813E1,2.024894476E0,1.994755864E0,-2.204457998E0
2.686681443E1,1.988242507E0,1.993534207E0,-2.046854973E0
2.686916156E1,1.960142612E0,2.031407833E0,-1.846491337E0
2.687150938E1,1.933264613E0,2.097381115E0,-1.618027925E0
2.687385635E1,1.922269106E0,2.169463158E0,-1.388342738E0
2.687620266E1,1.921047330E0,2.241545200E0,-1.165987968E0
2.687854979E1,1.927155972E0,2.319736004E0,-9.570723176E-1
2.688089760E1,1.933264613E0,2.405256987E0,-7.652608156E-1
2.688324458E1,1.946703672E0,2.483447790E0,-6.003273129E-1
2.688559089E1,1.979690313E0,2.533538580E0,-4.696022570E-1
2.688793792E1,2.029781342E0,2.537203789E0,-3.767508268E-1
2.689028578E1,2.115302324E0,2.468786955E0,-3.071122468E-1
2.689263281E1,2.225258112E0,2.352722645E0,-2.484692186E-1
2.689497911E1,2.354761362E0,2.191454411E0,-2.142608017E-1
2.689732615E1,2.478156090E0,2.008194923E0,-2.032652348E-1
2.689967401E1,2.611324549E0,1.820048451E0,-1.886044741E-1
2.690202104E1,2.744493008E0,1.664888859E0,-1.678350866E-1
2.690436729E1,2.888657093E0,1.508507490E0,-1.482874155E-1
2.690671443E1,3.019382238E0,1.370452046E0,-1.348483860E-1
2.690906224E1,3.145220280E0,1.247057438E0,-1.226310953E-1
2.691140922E1,3.255176067E0,1.171310186E0,-1.140789911E-1
2.691375552E1,3.356579542E0,1.109001994E0,-1.091920733E-1
2.691610266E1,3.429883242E0,1.071128368E0,-1.140789911E-1
2.691845047E1,3.473865509E0,1.052802444E0,-1.201876402E-1
2.692079745E1,3.495856762E0,1.029589534E0,-1.214093640E-1
2.692314375E1,3.494634867E0,1.006376743E0,-1.128572598E-1
2.692549078E1,3.486082792E0,9.770551920E-1,-9.819650650E-2
2.692783865E1,3.476309061E0,9.452902079E-1,-7.742711157E-2
2.693018568E1,3.440878868E0,9.171904325E-1,-6.643154472E-2
2.693253198E1,3.405448675E0,8.634343743E-1,-6.398808211E-2
2.693487901E1,3.368796825E0,8.133434653E-1,-6.765326858E-2
2.693722688E1,3.321149349E0,7.925740480E-1,-8.109229803E-2
2.693957391E1,3.272280216E0,7.815784812E-1,-9.086613357E-2
2.694192016E1,3.228297949E0,7.986826897E-1,-9.697478265E-2
2.694426729E1,3.190424442E0,8.524388075E-1,-9.941823781E-2
2.694661510E1,3.156215906E0,9.318512082E-1,-1.030834243E-1
2.694896208E1,3.135446548E0,1.000268102E0,-1.104138047E-1
2.695130838E1,3.136668205E0,1.045472026E0,-1.128572598E-1
2.695365552E1,3.164767981E0,1.072350144E0,-1.189659089E-1
2.695600333E1,3.192867756E0,1.115110636E0,-1.311831921E-1
2.695835031E1,3.231963158E0,1.146875620E0,-1.299614608E-1
2.696069661E1,3.286941051E0,1.152984262E0,-1.018616930E-1
2.696304365E1,3.356579542E0,1.129771352E0,-6.032289192E-2
2.696539151E1,3.424996376E0,1.085789084E0,-3.100138530E-2
2.696773854E1,3.472643852E0,1.022259235E0,-2.489273623E-2
2.697008484E1,3.487304688E0,9.379598498E-1,-3.466657177E-2
2.697243188E1,3.454317808E0,8.548822403E-1,-5.299251527E-2
2.697477974E1,3.398118258E0,7.522569895E-1,-8.720094711E-2
2.697712677E1,3.323592901E0,6.459665298E-1,-1.458439529E-1
2.697947302E1,3.227076292E0,5.433412194E-1,-2.301432788E-1
2.698182016E1,3.113455296E0,4.529332519E-1,-3.364337385E-1
2.698416797E1,2.985173702E0,3.771860301E-1,-4.537197649E-1
2.698651495E1,2.836122751E0,3.185430169E-1,-5.734493136E-1
2.698886125E1,2.658972025E0,2.806694210E-1,-6.760745645E-1
2.699120838E1,2.473269224E0,2.244698703E-1,-7.420479655E-1
2.699355620E1,2.264353514E0,1.743789613E-1,-7.823650241E-1
2.699590318E1,2.061546326E0,1.010752097E-1,-8.043561578E-1
2.699824948E1,1.862404346E0,1.799760386E-2,-8.080213666E-1
2.700059651E1,1.677923203E0,-6.019308418E-2,-8.067995906E-1
2.700294443E1,1.517876625E0,-1.408272386E-1,-8.019126654E-1
2.700529141E1,1.382264614E0,-2.361221313E-1,-7.970257998E-1
2.700763771E1,1.271087289E0,-3.631820083E-1,-7.884736657E-1
2.700998474E1,1.179457545E0,-5.158981681E-1,-7.811433077E-1
2.701233260E1,1.109818935E0,-7.028228045E-1,-7.738128901E-1
2.701467964E1,1.047510743E0,-9.105167985E-1,-7.713694572E-1
2.701702594E1,9.998633862E-1,-1.129206419E0,-7.664825320E-1
2.701937297E1,9.571028352E-1,-1.347895980E0,-7.640390992E-1
2.702172083E1,9.155640602E-1,-1.555589914E0,-7.591521740E-1
2.702406781E1,8.764687181E-1,-1.753510118E0,-7.591521740E-1
2.702641411E1,8.324864507E-1,-1.922108769E0,-7.579304576E-1
2.702876125E1,7.872824669E-1,-2.071159601E0,-7.554869652E-1
2.703110906E1,7.408567667E-1,-2.194554329E0,-7.530435324E-1
2.703345604E1,6.895440817E-1,-2.288627386E0,-7.518217564E-1
2.703580234E1,6.418966651E-1,-2.354600906E0,-7.493783236E-1
2.703814948E1,5.954709649E-1,-2.390031099E0,-7.469348907E-1
2.704049729E1,5.502669215E-1,-2.390031099E0,-7.469348907E-1
2.704284427E1,5.136150718E-1,-2.358266115E0,-7.457131147E-1
2.704519057E1,4.806284010E-1,-2.305731773E0,-7.420479655E-1
2.704753760E1,4.561937749E-1,-2.225097656E0,-7.432696819E-1
2.704988547E1,4.427547455E-1,-2.122472286E0,-7.408261895E-1
2.705223250E1,4.390895665E-1,-2.005186081E0,-7.359393239E-1
2.705457880E1,4.439764917E-1,-1.876904726E0,-7.298306823E-1
2.705692583E1,4.610807002E-1,-1.748623133E0,-7.225002646E-1
2.705927370E1,4.757414460E-1,-1.606902599E0,-7.139481902E-1
2.706162073E1,5.038412213E-1,-1.467625380E0,-7.029526234E-1
2.706396698E1,5.380496383E-1,-1.335678697E0,-6.882918477E-1
2.706631411E1,5.710363388E-1,-1.196401477E0,-6.760745645E-1
2.706866193E1,6.089099646E-1,-1.062011242E0,-6.650789976E-1
2.707100891E1,6.480053067E-1,-9.386165738E-1,-6.565268636E-1
2.707335521E1,6.797702909E-1,-8.103349805E-1,-6.467530727E-1
2.707570234E1,7.090917826E-1,-6.857185960E-1,-6.357575059E-1
2.707805016E1,7.457436323E-1,-5.782063603E-1,-6.162098050E-1
2.708039714E1,7.677347660E-1,-4.670290053E-1,-5.966621637E-1
2.708274344E1,7.933911085E-1,-3.741775751E-1,-5.734493136E-1
2.708509047E1,8.166039586E-1,-2.959868908E-1,-5.465712547E-1
2.708743833E1,8.324864507E-1,-2.202396393E-1,-5.196931958E-1
2.708978536E1,8.434820175E-1,-1.518227756E-1,-4.903716445E-1
2.709213167E1,8.495906591E-1,-9.806669503E-2,-4.622718692E-1
2.709447870E1,8.447037339E-1,-5.286271125E-2,-4.305069149E-1
2.709682656E1,8.422603011E-1,-3.331503272E-2,-3.938550353E-1
2.709917359E1,8.263778090E-1,-1.987601072E-2,-3.559814095E-1
2.710151984E1,8.129387498E-1,-1.987601072E-2,-3.119991422E-1
2.710386698E1,7.848389745E-1,-1.498909295E-2,-2.704603374E-1
2.710621479E1,7.518523335E-1,-2.109774202E-2,-2.264780998E-1
2.710856177E1,7.164221406E-1,-2.598465979E-2,-1.812741011E-1
2.711090807E1,6.773267984E-1,-4.308886826E-2,-1.336266547E-1
2.711325521E1,6.284576058E-1,-5.286271125E-2,-8.720094711E-2
2.711560302E1,5.734798312E-1,-6.385827065E-2,-4.199695215E-2
2.711795000E1,5.185019374E-1,-8.462766558E-2,4.428769462E-3
2.712029630E1,4.598589540E-1,-1.017318889E-1,5.085448548E-2
2.712264333E1,3.951072991E-1,-1.176143661E-1,9.483674169E-2
2.712499120E1,3.230252564E-1,-1.212795600E-1,1.388190091E-1
2.712733823E1,2.497214824E-1,-1.212795600E-1,1.815795451E-1
2.712968453E1,1.813046485E-1,-1.212795600E-1,2.255617976E-1
2.713203156E1,1.067791507E-1,-1.139491722E-1,2.658788860E-1
2.713437943E1,2.981020324E-2,-9.806669503E-2,3.037524819E-1
2.713672646E1,-4.838047922E-2,-7.118865103E-2,3.379608989E-1
2.713907276E1,-1.253494322E-1,-5.408443511E-2,3.709475994E-1
2.714141979E1,-1.998749524E-1,-3.698022291E-2,4.002691209E-1
2.714376766E1,-2.829525471E-1,-1.132390462E-2,4.259254336E-1
2.714611464E1,-3.684735894E-1,9.445495903E-3,4.540252090E-1
2.714846094E1,-4.478860199E-1,1.311068423E-2,4.809032679E-1
2.715080807E1,-5.358505249E-1,8.223766461E-3,4.992292225E-1
2.715315588E1,-6.287019849E-1,-1.132390462E-2,5.138899088E-1
2.715550286E1,-7.264403105E-1,-4.553233087E-2,5.212202668E-1
2.715784917E1,-8.229569197E-1,-9.562323242E-2,5.224420428E-1
2.716019620E1,-9.231387377E-1,-1.567097008E-1,5.212202668E-1
2.716254406E1,-1.024542332E0,-2.165744603E-1,5.138899088E-1
2.716489109E1,-1.118615508E0,-2.776609361E-1,5.028944016E-1
2.716723740E1,-1.211467028E0,-3.191997409E-1,4.845684469E-1
2.716958443E1,-1.292101145E0,-3.411908746E-1,4.576903880E-1
2.717193229E1,-1.355630994E0,-3.375256956E-1,4.259254336E-1
2.717427932E1,-1.402056813E0,-3.057607114E-1,3.941604793E-1
2.717662563E1,-1.419160962E0,-2.581132650E-1,3.636172414E-1
2.717897266E1,-1.414274096E0,-1.787008345E-1,3.294087946E-1
2.718132052E1,-1.377622128E0,-8.584939688E-2,2.890917361E-1
2.718366755E1,-1.312870502E0,1.921933144E-2,2.487746477E-1
2.718601380E1,-1.212688684E0,1.267315149E-1,2.133445144E-1
2.718836094E1,-1.077076674E0,2.146960497E-1,1.828012764E-1
2.719070875E1,-9.194735885E-1,2.770042121E-1,1.559232175E-1
2.719305573E1,-7.349924445E-1,3.136561215E-1,1.253799796E-1
2.719540203E1,-5.272984505E-1,3.185430169E-1,9.239328653E-2
2.719774906E1,-3.244913220E-1,3.136561215E-1,4.963275790E-2
2.720009698E1,-1.058017612E-1,2.733390331E-1,5.650498904E-3
2.720244396E1,1.141095385E-1,2.171395123E-1,-4.444040731E-2
2.720479026E1,3.254687190E-1,1.413922906E-1,-8.842267096E-2
2.720713729E1,5.233888626E-1,5.587121472E-2,-1.189659089E-1
2.720948516E1,6.993179321E-1,-4.553233087E-2,-1.299614608E-1
2.721183219E1,8.471472263E-1,-1.628183424E-1,-1.250745505E-1
2.721417849E1,9.619897604E-1,-2.874347866E-1,-1.006399691E-1
2.721652552E1,1.046289086E0,-4.267119467E-1,-6.887499988E-2
2.721887339E1,1.113484144E0,-5.892019272E-1,-3.222311288E-2
2.722122042E1,1.152579546E0,-7.455832958E-1,1.985310344E-3
2.722356667E1,1.179457545E0,-8.995212317E-1,3.130681440E-2
2.722591380E1,1.195340037E0,-1.031468034E0,4.841103032E-2
2.722826161E1,1.196561813E0,-1.130428076E0,4.963275790E-2
2.723060859E1,1.189231396E0,-1.193958044E0,3.985892236E-2
2.723295490E1,1.174570680E0,-1.203731894E0,1.542433444E-2
2.723530193E1,1.151357770E0,-1.162193060E0,-1.511890069E-2
2.723764984E1,1.107375503E0,-1.076671958E0,-5.177078769E-2
2.723999682E1,1.051175952E0,-9.606077075E-1,-8.109229803E-2
2.724234312E1,9.790939689E-1,-8.311043978E-1,-1.006399691E-1
2.724469016E1,8.984598517E-1,-6.918272376E-1,-1.018616930E-1
2.724703802E1,8.166039586E-1,-5.549935102E-1,-9.330958873E-2
2.724938505E1,7.396349907E-1,-4.096077085E-1,-8.231402189E-2
2.725173135E1,6.822137237E-1,-2.825478613E-1,-7.376191765E-2
2.725407839E1,6.357880235E-1,-1.823660135E-1,-6.398808211E-2
2.725642625E1,6.089099646E-1,-1.530445218E-1,-4.321867973E-2
2.725877328E1,6.076882482E-1,-1.872529387E-1,-1.267544180E-2
2.726111953E1,6.247924566E-1,-2.788826823E-1,2.153298259E-2
2.726346667E1,6.528922319E-1,-4.120511711E-1,5.085448548E-2
2.726581448E1,6.773267984E-1,-5.427762270E-1,7.040215284E-2
2.726816146E1,6.956527233E-1,-6.783881783E-1,9.728020430E-2
2.727050776E1,6.907658577E-1,-7.920090556E-1,1.314886361E-1
2.727285490E1,6.736616492E-1,-8.921908736E-1,1.742491722E-1
2.727520271E1,6.357880235E-1,-9.740467072E-1,2.206748873E-1
2.727754969E1,5.893622637E-1,-1.059567809E0,2.683223188E-1
2.727989599E1,5.294975638E-1,-1.129206419E0,3.184132278E-1
2.728224302E1,4.671893418E-1,-1.201288342E0,3.685041368E-1
2.728459088E1,4.122115076E-1,-1.283144236E0,4.185950458E-1
2.728693792E1,3.596771657E-1,-1.369887114E0,4.589121342E-1
2.728928422E1,3.181383610E-1,-1.471290588E0,4.906770885E-1
2.729163125E1,2.778212726E-1,-1.572694182E0,5.114464760E-1
2.729397911E1,2.546084225E-1,-1.689980149E0,5.248854756E-1
2.729632615E1,2.375041991E-1,-1.798714042E0,5.224420428E-1
2.729867240E1,2.338390201E-1,-1.902561069E0,5.090029836E-1
2.730101953E1,2.326172739E-1,-1.972199678E0,4.833467007E-1
2.730336734E1,2.436128408E-1,-2.022290468E0,4.576903880E-1
2.730571432E1,2.484997660E-1,-2.030842543E0,4.234819710E-1
2.730806063E1,2.533867061E-1,-1.991747260E0,3.819431663E-1
2.731040776E1,2.533867061E-1,-1.912334919E0,3.404043615E-1
2.731275557E1,2.558301687E-1,-1.806044459E0,2.976438403E-1
2.731510255E1,2.704909146E-1,-1.686314940E0,2.548833191E-1
2.731744885E1,2.790430188E-1,-1.547037840E0,2.047923952E-1
2.731979588E1,2.875951231E-1,-1.404095531E0,1.449276507E-1
2.732214375E1,2.924820185E-1,-1.256266236E0,7.651080191E-2
2.732449078E1,2.839299142E-1,-1.110880375E0,-1.679877983E-3
2.732683708E1,2.717126310E-1,-9.789336324E-1,-8.353575319E-2
2.732918411E1,2.472780496E-1,-8.567606807E-1,-1.702785343E-1
2.733153198E1,2.081827074E-1,-7.345877290E-1,-2.606865168E-1
2.733387901E1,1.580917984E-1,-6.063061357E-1,-3.608683348E-1
2.733622526E1,9.211840481E-2,-4.706941843E-1,-4.720457196E-1
2.733857240E1,1.148425974E-2,-3.301953077E-1,-5.868883133E-1
2.734092021E1,-8.258890361E-2,-1.787008345E-1,-7.066177726E-1
2.734326719E1,-1.766620725E-1,-4.553233087E-2,-8.226820827E-1
2.734561349E1,-2.890611887E-1,9.130137414E-2,-9.363029003E-1
2.734796063E1,-4.014602900E-1,2.061439455E-1,-1.038928151E0
2.735030844E1,-4.991986156E-1,2.696738541E-1,-1.115897059E0
2.735265542E1,-5.883848667E-1,2.892215252E-1,-1.172096610E0
2.735500172E1,-6.726842523E-1,2.794476748E-1,-1.207526803E0
2.735734875E1,-7.520966530E-1,2.599000335E-1,-1.222187519E0
2.735969661E1,-8.315090537E-1,2.391306460E-1,-1.212413669E0
2.736204365E1,-9.145866632E-1,2.281350791E-1,-1.179427028E0
2.736438995E1,-9.952208400E-1,2.171395123E-1,-1.129336119E0
2.736673698E1,-1.074633241E0,2.049221992E-1,-1.064584494E0
2.736908484E1,-1.154045701E0,1.975918412E-1,-9.912807345E-1
2.737143188E1,-1.234679818E0,1.804876328E-1,-9.118683338E-1
2.737377818E1,-1.315313935E0,1.401705444E-1,-8.312342167E-1
2.737612521E1,-1.388617754E0,8.030579984E-2,-7.493783236E-1
2.737847307E1,-1.454591155E0,-7.658716291E-3,-6.601920724E-1
2.738082005E1,-1.516899347E0,-1.029536054E-1,-5.734493136E-1
2.738316635E1,-1.562103271E0,-2.287917435E-1,-4.793760777E-1
2.738551349E1,-1.590203047E0,-3.656254709E-1,-3.853029311E-1
2.738786130E1,-1.592646599E0,-5.073460340E-1,-2.924514711E-1
2.739020828E1,-1.575542331E0,-6.258538365E-1,-1.983783096E-1
2.739255458E1,-1.540112138E0,-7.113748789E-1,-1.006399691E-1
2.739490161E1,-1.494908214E0,-7.516919374E-1,5.650498904E-3
2.739724948E1,-1.420382738E0,-7.749048471E-1,1.241582558E-1
2.739959651E1,-1.347078919E0,-7.553571463E-1,2.451094687E-1
2.740194281E1,-1.257892728E0,-7.199270129E-1,3.685041368E-1
2.740428984E1,-1.160154343E0,-6.673926115E-1,4.931205511E-1
2.740663771E1,-1.059972525E0,-5.953105688E-1,6.140717268E-1
2.740898474E1,-9.634558558E-1,-5.134547353E-1,7.264708281E-1
2.741133099E1,-8.583871126E-1,-4.511465132E-1,8.278743625E-1
2.741367812E1,-7.533183694E-1,-4.157163799E-1,9.085085392E-1
2.741602594E1,-6.568017602E-1,-4.096077085E-1,9.622645974E-1
2.741837297E1,-5.737241507E-1,-4.047208130E-1,9.915861487E-1
2.742071922E1,-5.114159584E-1,-3.973904252E-1,1.020907640E0
2.742306635E1,-4.686554074E-1,-4.071642756E-1,1.063668251E0
2.742541417E1,-4.381121695E-1,-4.193815589E-1,1.118646026E0
2.742776115E1,-4.161210358E-1,-4.340423048E-1,1.178510785E0
2.743010745E1,-4.026820064E-1,-4.425944090E-1,1.232266903E0
2.743245448E1,-3.990168273E-1,-4.462596178E-1,1.275027394E0
2.743480234E1,-4.051254690E-1,-4.609203637E-1,1.309235811E0
2.743714938E1,-4.246731400E-1,-4.829114676E-1,1.328783512E0
2.743949568E1,-4.662119448E-1,-5.012373924E-1,1.341000795E0
2.744184271E1,-5.285201669E-1,-5.085678101E-1,1.355661511E0
2.744419057E1,-6.054891348E-1,-5.085678101E-1,1.366657138E0
2.744653760E1,-7.032274604E-1,-4.780245721E-1,1.359326720E0
2.744888385E1,-8.144048452E-1,-4.328205884E-1,1.341000795E0
2.745123099E1,-9.280256629E-1,-4.022773504E-1,1.311679363E0
2.745357880E1,-1.039203167E0,-3.925035000E-1,1.281136036E0
2.745592578E1,-1.151602268E0,-3.876166046E-1,1.251814604E0
2.745827208E1,-1.270110011E0,-3.705123663E-1,1.223714828E0
2.746061922E1,-1.386174321E0,-3.436343372E-1,1.200501919E0
2.746296703E1,-1.494908214E0,-3.094259202E-1,1.185841203E0
2.746531401E1,-1.590203047E0,-2.764392197E-1,1.176067352E0
2.746766031E1,-1.679389358E0,-2.397873104E-1,1.168736935E0
2.747000734E1,-1.746584415E0,-2.275699973E-1,1.163850069E0
2.747235526E1,-1.797897100E0,-2.287917435E-1,1.163850069E0
2.747470224E1,-1.834548950E0,-2.385655940E-1,1.165071726E0
2.747704854E1,-1.858983517E0,-2.507828772E-1,1.169958711E0
2.747939557E1,-1.872422576E0,-2.642219067E-1,1.176067352E0
2.748174344E1,-1.879752994E0,-2.739957571E-1,1.180954218E0
2.748409047E1,-1.884639859E0,-2.788826823E-1,1.182175994E0
2.748643677E1,-1.893192053E0,-2.788826823E-1,1.184619427E0
2.748878380E1,-1.900522351E0,-2.691088319E-1,1.187062860E0
2.749113167E1,-1.911517978E0,-2.471176982E-1,1.183397770E0
2.749347865E1,-1.922513485E0,-2.190178931E-1,1.176067352E0
2.749582495E1,-1.912739635E0,-2.349004149E-1,1.171180367E0
2.749817208E1,-1.880974650E0,-2.996520698E-1,1.167515278E0
2.750051990E1,-1.866313934E0,-3.277518451E-1,1.158963084E0
2.750286688E1,-1.887083411E0,-2.752174735E-1,1.151632786E0
2.750521318E1,-1.931065559E0,-1.652618051E-1,1.150411010E0
2.750756031E1,-1.987265229E0,-1.865427941E-2,1.145524144E0
2.750990813E1,-2.047129869E0,1.389488280E-1,1.138193727E0
2.751225510E1,-2.120433569E0,3.087691963E-1,1.127198219E0
2.751460141E1,-2.196180820E0,4.785895944E-1,1.113759160E0
2.751694844E1,-2.274371386E0,6.484099627E-1,1.092989683E0
2.751929630E1,-2.352562189E0,7.840219736E-1,1.070998549E0
2.752164333E1,-2.428309441E0,8.964210749E-1,1.050229192E0
2.752398964E1,-2.507721901E0,1.000268102E0,1.028238058E0
2.752633667E1,-2.584690809E0,1.084567428E0,1.005025268E0
2.752868453E1,-2.653107643E0,1.165201545E0,9.866992235E-1
2.753103156E1,-2.725189686E0,1.242170453E0,9.744819403E-1
2.753337781E1,-2.808267117E0,1.320361137E0,9.610428810E-1
2.753572495E1,-2.891344786E0,1.404660463E0,9.585994482E-1
2.753807276E1,-2.982974529E0,1.496290207E0,9.647080898E-1
2.754041974E1,-3.078269482E0,1.590363383E0,9.793688655E-1
2.754276604E1,-3.163790464E0,1.670997500E0,9.830340147E-1
2.754511318E1,-3.239537716E0,1.721088409E0,9.805905819E-1
2.754746099E1,-3.321393490E0,1.750409961E0,9.818122983E-1
2.754980797E1,-3.403249502E0,1.765070677E0,9.854775071E-1
2.755215427E1,-3.471666336E0,1.774844527E0,9.903643727E-1
2.755450130E1,-3.526644230E0,1.773622751E0,9.952513576E-1
2.755684917E1,-3.560852528E0,1.746744752E0,1.001360059E0
2.755919620E1,-3.560852528E0,1.681993127E0,1.014798999E0
2.756154250E1,-3.526644230E0,1.629458666E0,1.031903267E0
2.756388953E1,-3.464335918E0,1.628237009E0,1.030681491E0
2.756623740E1,-3.373928070E0,1.685658216E0,1.013577342E0
2.756858443E1,-3.237094164E0,1.795613885E0,9.928078651E-1
2.757093073E1,-3.066052198E0,1.940999746E0,9.720384479E-1
2.757327776E1,-2.875462294E0,2.077833652E0,9.524908066E-1
2.757562562E1,-2.697089911E0,2.162132978E0,9.366083145E-1
2.757797260E1,-2.559034348E0,2.193897724E0,9.170606136E-1
2.758031891E1,-2.452744007E0,2.154802561E0,8.999564052E-1
2.758266604E1,-2.387992382E0,2.092494249E0,8.767435551E-1
2.758501385E1,-2.347675323E0,1.997199178E0,8.547524214E-1
2.758736083E1,-2.325684071E0,1.895795703E0,8.254309297E-1
2.758970714E1,-2.325684071E0,1.800500870E0,7.887790203E-1
2.759205417E1,-2.345231771E0,1.708871126E0,7.521271706E-1
2.759440208E1,-2.380661964E0,1.630680442E0,7.154752612E-1
2.759674906E1,-2.436861515E0,1.561041832E0,6.837103367E-1
2.759909536E1,-2.515052080E0,1.504842281E0,6.580539942E-1
2.760144240E1,-2.587134123E0,1.449864507E0,6.409497857E-1
2.760379026E1,-2.662881374E0,1.415656090E0,6.299542189E-1
2.760613729E1,-2.739850283E0,1.398551822E0,6.201803684E-1
2.760848354E1,-2.800936937E0,1.399773598E0,6.128500104E-1
2.761083068E1,-2.854692936E0,1.418099523E0,6.030761600E-1
2.761317849E1,-2.907227278E0,1.441312432E0,5.920805931E-1
2.761552547E1,-2.940213919E0,1.466968656E0,5.823067427E-1
2.761787177E1,-2.964648485E0,1.491403341E0,5.713111758E-1
2.762021891E1,-2.985418081E0,1.520724773E0,5.615373850E-1
2.762256672E1,-2.996413469E0,1.534163833E0,5.566504598E-1
2.762491370E1,-2.996413469E0,1.536607265E0,5.566504598E-1
2.762726000E1,-2.993970156E0,1.532942057E0,5.615373850E-1
2.762960703E1,-2.985418081E0,1.510950923E0,5.786415935E-1
2.763195490E1,-2.971978903E0,1.474299073E0,6.055196524E-1
2.763430193E1,-2.940213919E0,1.392443180E0,6.262890100E-1
2.763664823E1,-2.898675203E0,1.272713780E0,6.226238608E-1
2.763899526E1,-2.838810444E0,1.124884486E0,6.079630852E-1
2.764134313E1,-2.771615267E0,9.721682668E-1,5.884154439E-1
2.764369016E1,-2.695868015E0,8.157868981E-1,5.676460266E-1
2.764603641E1,-2.606681824E0,6.545186043E-1,5.456548929E-1
2.764838354E1,-2.529712915E0,5.237935781E-1,5.334376097E-1
2.765073135E1,-2.466182947E0,4.199465811E-1,5.248854756E-1
2.765307833E1,-2.391657591E0,3.148778379E-1,5.334376097E-1
2.765542464E1,-2.336679697E0,2.476827502E-1,5.419896841E-1
2.765777177E1,-2.293919086E0,2.024787664E-1,5.358810425E-1
2.766011958E1,-2.254823685E0,1.756007075E-1,5.212202668E-1
2.766246656E1,-2.210841417E0,1.487226486E-1,5.114464760E-1
2.766481286E1,-2.164415836E0,1.022969410E-1,5.126681924E-1
2.766715990E1,-2.115546703E0,4.731911048E-2,5.138899088E-1
2.766950776E1,-2.064234018E0,-1.498909295E-2,5.151116252E-1
2.767185479E1,-2.021473408E0,-8.096248657E-2,5.077812672E-1
2.767420109E1,-1.984821677E0,-1.481575966E-1,4.943422973E-1
2.767654812E1,-1.954278469E0,-2.153527141E-1,4.784598053E-1
2.767889599E1,-1.931065559E0,-2.752174735E-1,4.637990296E-1
2.768124302E1,-1.912739635E0,-3.363039494E-1,4.503600299E-1
2.768358932E1,-1.900522351E0,-3.998338878E-1,4.283688962E-1
2.768593635E1,-1.896857142E0,-4.609203637E-1,4.051560163E-1
2.768828422E1,-1.893192053E0,-5.317806602E-1,3.880518079E-1
2.769063125E1,-1.900522351E0,-6.038627028E-1,3.733910620E-1
2.769297750E1,-1.910296202E0,-6.710578203E-1,3.611737788E-1
2.769532464E1,-1.922513485E0,-7.211487293E-1,3.489564657E-1
2.769767245E1,-1.935952544E0,-7.565788627E-1,3.428478241E-1
2.770001943E1,-1.955500245E0,-7.663527131E-1,3.404043615E-1
2.770236573E1,-1.967717528E0,-7.639092803E-1,3.501782119E-1
2.770471286E1,-1.976269603E0,-7.516919374E-1,3.660606742E-1
2.770706068E1,-1.966495752E0,-7.394746542E-1,3.721693456E-1
2.770940766E1,-1.937174201E0,-7.174835205E-1,3.599520326E-1
2.771175396E1,-1.911517978E0,-6.747230291E-1,3.342957199E-1
2.771410099E1,-1.895635486E0,-6.124148369E-1,3.086394072E-1
2.771644885E1,-1.873644352E0,-5.488848686E-1,2.939786613E-1
2.771879589E1,-1.846766233E0,-4.816897511E-1,2.903134525E-1
2.772114214E1,-1.816223025E0,-4.120511711E-1,2.964220941E-1
2.772348927E1,-1.782014608E0,-3.436343372E-1,3.123045862E-1
2.772583708E1,-1.741697550E0,-2.788826823E-1,3.306305408E-1
2.772818411E1,-1.698937058E0,-2.177961767E-1,3.477347493E-1
2.773053036E1,-1.647624373E0,-1.603748798E-1,3.648389578E-1
2.773287750E1,-1.595090032E0,-1.053970680E-1,3.758345246E-1
2.773522531E1,-1.538890481E0,-5.408443511E-2,3.807214499E-1
2.773757229E1,-1.465586662E0,-1.865427941E-2,3.929387331E-1
2.773991859E1,-1.384952545E0,2.115119249E-3,4.173733294E-1
2.774226573E1,-1.294544578E0,9.445495903E-3,4.528034627E-1
2.774461349E1,-1.188254118E0,-3.283396363E-4,4.931205511E-1
2.774696052E1,-1.091737509E0,-6.436986849E-3,5.273289680E-1
2.774930682E1,-9.927772880E-1,-2.598465979E-2,5.627591014E-1
2.775165385E1,-8.950389624E-1,-5.774962157E-2,5.969675183E-1
2.775400172E1,-8.107396364E-1,-8.096248657E-2,6.287325025E-1
2.775634875E1,-7.386575937E-1,-9.073632210E-2,6.629409194E-1
2.775869505E1,-6.702407598E-1,-1.017318889E-1,7.032579780E-1
2.776104208E1,-6.177064180E-1,-9.073632210E-2,7.423533201E-1
2.776338995E1,-5.822762251E-1,-6.141481549E-2,7.765617371E-1
2.776573698E1,-5.578416586E-1,-2.720638737E-2,8.119919300E-1
2.776808323E1,-5.407374501E-1,7.002037019E-3,8.449785709E-1
2.777043036E1,-5.321853161E-1,4.609737918E-2,8.706349134E-1
2.777277818E1,-5.358505249E-1,8.152753860E-2,8.901826143E-1
2.777512516E1,-5.358505249E-1,1.169576868E-1,8.938477635E-1
2.777747146E1,-5.468460917E-1,1.572747529E-1,8.852956891E-1
2.777981859E1,-5.590633750E-1,1.853745282E-1,8.718566298E-1
2.778216641E1,-5.810545087E-1,2.146960497E-1,8.571959138E-1
2.778451338E1,-6.006022096E-1,2.452392876E-1,8.364264965E-1
2.778685969E1,-6.189281344E-1,2.623434961E-1,8.144353628E-1
2.778920672E1,-6.335889101E-1,2.635652423E-1,7.838921547E-1
2.779155458E1,-6.421409845E-1,2.635652423E-1,7.472402453E-1
2.779390161E1,-6.470279098E-1,2.562348545E-1,7.093666196E-1
2.779624792E1,-6.482496262E-1,2.513479292E-1,6.666061282E-1
2.779859495E1,-6.445844769E-1,2.440175712E-1,6.214020848E-1
2.780094281E1,-6.250367761E-1,2.220264375E-1,5.749763846E-1
2.780328984E1,-5.944935679E-1,1.939266324E-1,5.273289680E-1
2.780563609E1,-5.688372254E-1,1.792658865E-1,4.711294174E-1
2.780798323E1,-5.334070921E-1,1.536095738E-1,4.112646878E-1
2.781033104E1,-5.040855408E-1,1.352836192E-1,3.501782119E-1
2.781267802E1,-4.686554074E-1,1.181794181E-1,2.866482735E-1
2.781502432E1,-4.307817817E-1,9.130137414E-2,2.292269915E-1
2.781737146E1,-3.953516483E-1,6.808850169E-2,1.693622470E-1
2.781971927E1,-3.574780226E-1,3.998873010E-2,1.107192263E-1
2.782206625E1,-3.220478892E-1,1.188895479E-2,4.963275790E-2
2.782441255E1,-2.829525471E-1,-2.109774202E-2,-1.023198385E-2
2.782675958E1,-2.475223988E-1,-5.164097995E-2,-7.376191765E-2
2.782910745E1,-2.096487731E-1,-8.462766558E-2,-1.348483860E-1
2.783145448E1,-1.729968935E-1,-1.115057245E-1,-1.983783096E-1
2.783380078E1,-1.363449991E-1,-1.432706714E-1,-2.606865168E-1
2.783614781E1,-1.119104177E-1,-1.530445218E-1,-3.254381716E-1
2.783849568E1,-7.770198584E-2,-1.615966260E-1,-3.828594685E-1
2.784084271E1,-3.860664368E-2,-1.713704467E-1,-4.329503775E-1
2.784318896E1,-1.954764128E-3,-1.799225509E-1,-4.793760777E-1
2.784553609E1,3.836230934E-2,-1.896964014E-1,-5.184714794E-1
2.784788391E1,8.600975573E-2,-2.006919682E-1,-5.465712547E-1
2.785023089E1,1.397658437E-1,-2.251265645E-1,-5.722275376E-1
2.785257719E1,1.996305734E-1,-2.556698024E-1,-5.954403877E-1
2.785492432E1,2.619388103E-1,-2.801043987E-1,-6.162098050E-1
2.785727214E1,3.340208232E-1,-3.204214573E-1,-6.333140135E-1
2.785961911E1,4.097680449E-1,-3.497429788E-1,-6.516399980E-1
2.786196542E1,4.928456843E-1,-3.876166046E-1,-6.699659228E-1
2.786431245E1,5.820319057E-1,-4.206032753E-1,-6.846266389E-1
2.786666031E1,6.822137237E-1,-4.645855427E-1,-6.931787729E-1
2.786900734E1,7.836172581E-1,-4.939070344E-1,-7.005091310E-1
2.787135365E1,9.033467770E-1,-5.281154513E-1,-6.992874146E-1
2.787370068E1,1.029184818E0,-5.659890771E-1,-6.944004893E-1
2.787604854E1,1.155022979E0,-6.001974940E-1,-6.846266389E-1
2.787839557E1,1.291856647E0,-6.441797614E-1,-6.663007140E-1
2.788074182E1,1.431133866E0,-6.967141628E-1,-6.455312967E-1
2.788308896E1,1.565524101E0,-7.345877290E-1,-6.259836555E-1
2.788543677E1,1.707244635E0,-7.785699964E-1,-6.027708054E-1
2.788778375E1,1.850187063E0,-8.164436221E-1,-5.771144629E-1
2.789013005E1,1.989464164E0,-8.494303226E-1,-5.514581800E-1
2.789247719E1,2.126297951E0,-8.860822320E-1,-5.270235538E-1
2.789482500E1,2.260688305E0,-9.154037237E-1,-5.062541366E-1
2.789717198E1,2.386526346E0,-9.398382902E-1,-4.928151071E-1
2.789951828E1,2.501368999E0,-9.618294239E-1,-4.867064655E-1
2.790186531E1,2.606437683E0,-9.838205576E-1,-4.891499281E-1
2.790421318E1,2.698067427E0,-1.009476900E0,-4.977020621E-1
2.790656021E1,2.771371126E0,-1.024137616E0,-5.184714794E-1
2.790890651E1,2.845896721E0,-1.041241884E0,-5.441277623E-1
2.791125354E1,2.910648346E0,-1.042463541E0,-5.844448209E-1
2.791360141E1,2.964404345E0,-1.032689691E0,-6.308705807E-1
2.791594844E1,3.002278090E0,-9.972594976E-1,-6.882918477E-1
2.791829469E1,3.038929939E0,-9.593859911E-1,-7.506000400E-1
2.792064182E1,3.070694923E0,-9.190688729E-1,-8.153517246E-1
2.792298964E1,3.095129490E0,-8.640910983E-1,-8.825468421E-1
2.792533661E1,3.111011982E0,-7.932307720E-1,-9.509636760E-1
2.792768292E1,3.128116131E0,-7.174835205E-1,-1.019380450E0
2.793003005E1,3.137889862E0,-6.319624782E-1,-1.091462493E0
2.793237786E1,3.134224892E0,-5.293372273E-1,-1.170874953E0
2.793472484E1,3.130559683E0,-4.377074838E-1,-1.249065638E0
2.793707115E1,3.115898848E0,-3.375256956E-1,-1.330921531E0
2.793941818E1,3.090242624E0,-2.190178931E-1,-1.413999081E0
2.794176604E1,3.048703671E0,-9.317976981E-2,-1.495854974E0
2.794411307E1,2.993725777E0,5.342775956E-2,-1.571602225E0
2.794645938E1,2.937526226E0,1.927049160E-1,-1.646127701E0
2.794880641E1,2.859335661E0,3.368689716E-1,-1.723096609E0
2.795115427E1,2.786031961E0,4.761461318E-1,-1.800065637E0
2.795350130E1,2.712728024E0,6.264188290E-1,-1.879477978E0
2.795584755E1,2.630872250E0,7.999044061E-1,-1.961333871E0
2.795819469E1,2.542907715E0,9.880508184E-1,-2.033415794E0
2.796054250E1,2.442725897E0,1.210405469E0,-2.087172031E0
2.796288948E1,2.331548452E0,1.443755865E0,-2.114050150E0
2.796523578E1,2.211818933E0,1.684436560E0,-2.107941389E0
2.796758292E1,2.090867758E0,1.933669329E0,-2.062737465E0
2.796993073E1,1.984577298E0,2.154802561E0,-1.984546781E0
2.797227771E1,1.894169331E0,2.334396839E0,-1.879477978E0
2.797462401E1,1.818422079E0,2.482225895E0,-1.743866086E0
2.797697104E1,1.765887737E0,2.581186056E0,-1.577710867E0
2.797931896E1,1.728014112E0,2.633720398E0,-1.394451380E0
2.798166594E1,1.713353276E0,2.637385607E0,-1.205083370E0
2.798401224E1,1.714575052E0,2.593403339E0,-1.019380450E0
2.798635927E1,1.729235768E0,2.510325670E0,-8.397862911E-1
2.798870714E1,1.762222528E0,2.417474270E0,-6.687442064E-1
2.799105417E1,1.824530721E0,2.329509735E0,-5.148062706E-1
2.799340047E1,1.902721405E0,2.243988752E0,-3.865246475E-1
2.799574750E1,2.002903461E0,2.160911083E0,-2.924514711E-1
2.799809536E1,2.122632742E0,2.099824667E0,-2.386953831E-1
2.800044234E1,2.242362261E0,2.061951160E0,-2.142608017E-1
2.800278865E1,2.358426571E0,2.039959908E0,-2.044869661E-1
2.800513578E1,2.480599642E0,2.026520967E0,-1.996000409E-1
2.800748359E1,2.608881235E0,2.009416580E0,-1.898262054E-1
2.800983057E1,2.740827799E0,1.992312312E0,-1.763871908E-1
2.801217688E1,2.880105019E0,1.956882238E0,-1.543960571E-1
2.801452401E1,3.020603895E0,1.911678195E0,-1.311831921E-1
2.801687177E1,3.146442175E0,1.845704794E0,-1.104138047E-1
2.801921880E1,3.261284590E0,1.743079543E0,-9.208785743E-2
2.802156510E1,3.367575169E0,1.601358891E0,-7.131846249E-2
2.802391214E1,3.456761360E0,1.433982015E0,-4.810559750E-2
2.802626000E1,3.532508612E0,1.265383363E0,-2.855792642E-2
2.802860703E1,3.598481894E0,1.093119502E0,-7.788524963E-3
2.803095333E1,3.658346653E0,9.220773578E-1,1.175914612E-2
2.803330036E1,3.701107264E0,7.595873475E-1,2.275471017E-2
2.803564823E1,3.735315561E0,5.946539044E-1,3.497200459E-2
2.803799526E1,3.758528471E0,4.370507896E-1,4.718929902E-2
2.804034151E1,3.769524097E0,3.063257337E-1,5.940658972E-2
2.804268865E1,3.774410963E0,2.024787664E-1,7.528907061E-2
2.804503646E1,3.763415337E0,1.316184402E-1,8.017598838E-2
2.804738344E1,3.741424322E0,7.419715822E-2,7.162388414E-2
2.804972974E1,3.713324547E0,2.532797679E-2,6.673696637E-2
2.805207688E1,3.687668324E0,-4.553233087E-2,6.673696637E-2
2.805442469E1,3.664455414E0,-1.286099255E-1,6.429351121E-2
2.805677167E1,3.644907713E0,-1.970267892E-1,5.574140325E-2
2.805911797E1,3.647351027E0,-2.080223262E-1,5.329794809E-2
2.806146500E1,3.660790205E0,-1.457141340E-1,7.284561545E-2
2.806381286E1,3.691333294E0,-3.453676403E-2,9.605847299E-2
2.806615990E1,3.730428696E0,1.010752097E-1,1.204930618E-1
2.806850615E1,3.778076172E0,2.342437208E-1,1.437059343E-1
2.807085328E1,3.844049692E0,3.368689716E-1,1.718057096E-1
2.807320109E1,3.923461914E0,4.089510143E-1,2.109010518E-1
2.807554807E1,4.011426449E0,4.236117601E-1,2.524398565E-1
2.807789438E1,4.089617252E0,3.979554474E-1,2.768744528E-1
2.808024151E1,4.159255981E0,3.160995543E-1,2.768744528E-1
2.808258932E1,4.204460144E0,1.988135576E-1,2.377790958E-1
2.808493630E1,4.208125114E0,9.863174707E-2,1.632536054E-1
2.808728260E1,4.200794697E0,7.002037019E-3,7.284561545E-2
2.808962964E1,4.166586399E0,-5.530615896E-2,-3.100138530E-2
2.809197755E1,4.072513103E0,-7.729729265E-2,-1.495091319E-1
2.809432453E1,3.928349018E0,-5.774962157E-2,-2.777907252E-1
2.809667083E1,3.734093904E0,-2.109774202E-2,-4.036288559E-1
2.809901786E1,3.478752375E0,3.510181233E-2,-5.172497034E-1
2.810136573E1,3.191646099E0,9.130137414E-2,-6.052142382E-1
2.810371276E1,2.887435436E0,1.609399617E-1,-6.601920724E-1
2.810605901E1,2.573451042E0,2.232481539E-1,-6.944004893E-1
2.810840615E1,2.257023096E0,2.782259583E-1,-7.151699066E-1
2.811075396E1,1.973581672E0,2.989953458E-1,-7.261654735E-1
2.811310094E1,1.717018485E0,2.977736294E-1,-7.359393239E-1
2.811544724E1,1.511767983E0,2.562348545E-1,-7.420479655E-1
2.811779438E1,1.360273480E0,1.646051407E-1,-7.444913983E-1
2.812014219E1,1.251539588E0,5.780307576E-3,-7.444913983E-1
2.812248917E1,1.178235769E0,-2.165744603E-1,-7.420479655E-1
2.812483547E1,1.136697054E0,-4.877983928E-1,-7.383827567E-1
2.812718250E1,1.107375503E0,-7.859004140E-1,-7.322741151E-1
2.812953042E1,1.076832294E0,-1.098663092E0,-7.237219810E-1
2.813187740E1,1.048732519E0,-1.396765113E0,-7.115046978E-1
2.813422370E1,1.019410968E0,-1.682649851E0,-6.968439817E-1
2.813657073E1,9.876461029E-1,-1.948986769E0,-6.809614897E-1
2.813891859E1,9.497724771E-1,-2.172563076E0,-6.663007140E-1
2.814126563E1,9.180074930E-1,-2.371705055E0,-6.504182220E-1
2.814361193E1,8.801338673E-1,-2.524421215E0,-6.394226551E-1
2.814595896E1,8.422603011E-1,-2.639263868E0,-6.357575059E-1
2.814830682E1,8.043866754E-1,-2.707680702E0,-6.320922971E-1
2.815065385E1,7.640696168E-1,-2.739445686E0,-6.296488643E-1
2.815300010E1,7.249742746E-1,-2.733336926E0,-6.272053719E-1
2.815534724E1,6.919875741E-1,-2.690576553E0,-6.259836555E-1
2.815769505E1,6.651095152E-1,-2.619716167E0,-6.210967302E-1
2.816004203E1,6.418966651E-1,-2.515869141E0,-6.125445962E-1
2.816238833E1,6.296793818E-1,-2.387587547E0,-6.003273129E-1
2.816473547E1,6.296793818E-1,-2.242201805E0,-5.881100297E-1
2.816708328E1,6.345662475E-1,-2.077268362E0,-5.771144629E-1
2.816943026E1,6.455618143E-1,-1.900117636E0,-5.600102544E-1
2.817177656E1,6.712181568E-1,-1.721745133E0,-5.441277623E-1
2.817412359E1,6.968744993E-1,-1.539707422E0,-5.294670463E-1
2.817647146E1,7.298611999E-1,-1.367443562E0,-5.184714794E-1
2.817881849E1,7.640696168E-1,-1.193958044E0,-5.086976290E-1
2.818116479E1,7.946128249E-1,-1.027802825E0,-4.977020621E-1
2.818351182E1,8.312647343E-1,-8.787518144E-1,-4.854847491E-1
2.818585969E1,8.703600764E-1,-7.382529378E-1,-4.720457196E-1
2.818820672E1,8.947946429E-1,-5.916454196E-1,-4.598284066E-1
2.819055297E1,9.216727018E-1,-4.621420801E-1,-4.463894069E-1
2.819290010E1,9.448855519E-1,-3.472995162E-1,-4.292851686E-1
2.819524792E1,9.656549692E-1,-2.422307730E-1,-4.146244228E-1
2.819759490E1,9.766505361E-1,-1.481575966E-1,-4.011853933E-1
2.819994120E1,9.839808941E-1,-7.485383004E-2,-3.840811849E-1
2.820228833E1,9.864243269E-1,-1.132390462E-2,-3.669769764E-1
2.820463615E1,9.913111925E-1,2.532797679E-2,-3.462075889E-1
2.820698312E1,9.803156853E-1,6.320159137E-2,-3.254381716E-1
2.820932943E1,9.644332528E-1,8.763618022E-2,-3.010035753E-1
2.821167646E1,9.473289847E-1,1.035186574E-1,-2.753472626E-1
2.821402432E1,9.204509854E-1,1.145142242E-1,-2.496909350E-1
2.821637135E1,8.813556433E-1,1.279532611E-1,-2.228129059E-1
2.821871766E1,8.361516595E-1,1.450574696E-1,-1.922696680E-1
2.822106469E1,7.921693921E-1,1.499443948E-1,-1.568395197E-1
2.822341255E1,7.408567667E-1,1.487226486E-1,-1.226310953E-1
2.822575953E1,6.895440817E-1,1.426140070E-1,-8.720094711E-2
2.822810583E1,6.309010983E-1,1.303967237E-1,-5.054905638E-2
2.823045297E1,5.649276972E-1,1.169576868E-1,-1.756235957E-2
2.823280078E1,4.965108931E-1,1.022969410E-1,1.786779240E-2
2.823514776E1,4.244288206E-1,8.519271761E-2,5.207621679E-2
2.823749406E1,3.511250615E-1,6.320159137E-2,8.994982392E-2
2.823984120E1,2.668257356E-1,4.243219271E-2,1.278234422E-1
2.824218901E1,1.874132901E-1,8.223766461E-3,1.669187844E-1
2.824453599E1,1.043356955E-1,-2.842811495E-2,2.072358578E-1
2.824688229E1,1.392771862E-2,-6.263654679E-2,2.402225584E-1
2.824922932E1,-6.426296383E-2,-1.163926348E-1,2.732092440E-1
2.825157719E1,-1.497840434E-1,-1.603748798E-1,3.000873029E-1
2.825392422E1,-2.450789362E-1,-1.848094761E-1,3.233001530E-1
2.825627052E1,-3.428172767E-1,-1.860312223E-1,3.416261077E-1
2.825861755E1,-4.429990947E-1,-1.664835513E-1,3.526216745E-1
2.826096542E1,-5.492895246E-1,-1.444924176E-1,3.575085700E-1
2.826331245E1,-6.714624763E-1,-1.225012764E-1,3.575085700E-1
2.826565870E1,-7.960789204E-1,-1.115057245E-1,3.575085700E-1
2.826800583E1,-9.243605137E-1,-1.261664629E-1,3.513999283E-1
2.827035365E1,-1.059972525E0,-1.713704467E-1,3.416261077E-1
2.827270063E1,-1.194362760E0,-2.434525192E-1,3.281870782E-1
2.827504693E1,-1.323866129E0,-3.558516204E-1,3.159697950E-1
2.827739406E1,-1.446039081E0,-4.792462885E-1,3.013090193E-1
2.827974188E1,-1.554772973E0,-6.001974940E-1,2.854265571E-1
2.828208885E1,-1.643959165E0,-7.028228045E-1,2.646571398E-1
2.828443516E1,-1.707489133E0,-7.614657879E-1,2.390008271E-1
2.828678219E1,-1.750249624E0,-7.504702210E-1,2.084575891E-1
2.828913005E1,-1.760023475E0,-6.796099544E-1,1.766926199E-1
2.829147708E1,-1.736810684E0,-5.476631522E-1,1.449276507E-1
2.829382339E1,-1.685497999E0,-3.558516204E-1,1.094974950E-1
2.829617042E1,-1.593868256E0,-1.383837759E-1,8.139771968E-2
2.829851828E1,-1.472917080E0,1.084055826E-1,5.818486586E-2
2.830086531E1,-1.298209786E0,3.209864795E-1,4.841103032E-2
2.830321156E1,-1.097846150E0,5.115762949E-1,3.985892236E-2
2.830555870E1,-8.693826795E-1,6.630707383E-1,3.130681440E-2
2.830790651E1,-6.128194928E-1,7.705829144E-1,1.542433444E-2
2.831025349E1,-3.452607393E-1,8.255607486E-1,-5.345066078E-3
2.831259979E1,-6.914988160E-2,8.328911066E-1,-3.100138530E-2
2.831494693E1,2.069609612E-1,7.962392569E-1,-6.276635081E-2
2.831729474E1,4.574155211E-1,7.278223634E-1,-1.006399691E-1
2.831964172E1,6.871006489E-1,6.227536798E-1,-1.287397295E-1
2.832198802E1,8.911294341E-1,4.932503104E-1,-1.458439529E-1
2.832433505E1,1.054841161E0,3.527514637E-1,-1.482874155E-1
2.832668292E1,1.181900978E0,1.927049160E-1,-1.360701174E-1
2.832902995E1,1.271087289E0,1.921933144E-2,-1.177441776E-1
2.833137625E1,1.339504123E0,-1.799225509E-1,-9.453132004E-2
2.833372328E1,1.373712540E0,-3.778427541E-1,-7.376191765E-2
2.833607115E1,1.387151599E0,-5.733194947E-1,-5.177078769E-2
2.833841818E1,1.383486390E0,-7.516919374E-1,-2.855792642E-2
2.834076443E1,1.368825555E0,-9.092950821E-1,-6.566795520E-3
2.834311156E1,1.335838914E0,-1.031468034E0,6.872228347E-3
2.834545938E1,1.293078423E0,-1.118210793E0,1.786779240E-2
2.834780635E1,1.245430946E0,-1.164636493E0,2.641989663E-2
2.835015266E1,1.192896605E0,-1.171966910E0,3.130681440E-2
2.835249969E1,1.137918711E0,-1.137758493E0,2.519816905E-2
2.835484760E1,1.082940936E0,-1.074228525E0,1.420260500E-2
2.835719458E1,1.016967535E0,-9.874857664E-1,-7.788524963E-3
2.835954088E1,9.424421191E-1,-8.982995152E-1,-3.466657177E-2
2.836188792E1,8.593645096E-1,-8.213305473E-1,-6.520981342E-2
2.836423578E1,7.652913332E-1,-7.492485046E-1,-8.964440227E-2
2.836658281E1,6.687747240E-1,-6.759447455E-1,-9.941823781E-2
2.836892911E1,5.783666968E-1,-5.818715692E-1,-1.055268869E-1
2.837127615E1,5.172802210E-1,-5.012373924E-1,-9.453132004E-2
2.837362401E1,4.732979834E-1,-4.377074838E-1,-8.109229803E-2
2.837597104E1,4.500851333E-1,-4.059425294E-1,-7.009673119E-2
2.837831729E1,4.464199543E-1,-4.108294547E-1,-6.154462323E-2
2.838066443E1,4.537503123E-1,-4.560334384E-1,-4.566213861E-2
2.838301224E1,4.586372375E-1,-5.330023766E-1,-2.489273623E-2
2.838535922E1,4.561937749E-1,-6.258538365E-1,3.207039787E-3
2.838770552E1,4.415330291E-1,-7.382529378E-1,3.985892236E-2
2.839005255E1,4.170984328E-1,-8.592041731E-1,7.773253322E-2
2.839240047E1,3.877769411E-1,-9.740467072E-1,1.168278754E-1
2.839474745E1,3.523467779E-1,-1.080337167E0,1.510363072E-1
2.839709375E1,3.071427941E-1,-1.178075552E0,1.779143512E-1
2.839944078E1,2.643822730E-1,-1.274592161E0,1.950185597E-1
2.840178865E1,2.326172739E-1,-1.384547830E0,2.096793205E-1
2.840413568E1,1.849698275E-1,-1.479842663E0,2.084575891E-1
2.840648198E1,1.544265896E-1,-1.584911466E0,2.035706639E-1
2.840882901E1,1.299920082E-1,-1.691201925E0,1.974620223E-1
2.841117688E1,1.128878072E-1,-1.790161967E0,1.901316494E-1
2.841352391E1,1.031139717E-1,-1.864687443E0,1.803578138E-1
2.841587016E1,1.055574343E-1,-1.913556695E0,1.681405157E-1
2.841821729E1,1.177747175E-1,-1.919665337E0,1.485928446E-1
2.842056510E1,1.336572021E-1,-1.873239636E0,1.156061441E-1
2.842291208E1,1.519831419E-1,-1.781609893E0,7.773253322E-2
2.842525839E1,1.629786938E-1,-1.641111016E0,3.619373217E-2
2.842760552E1,1.666439027E-1,-1.465181947E0,-7.788524963E-3
2.842995333E1,1.642004400E-1,-1.266040087E0,-5.299251527E-2
2.843230031E1,1.556483358E-1,-1.042463541E0,-9.941823781E-2
2.843464661E1,1.336572021E-1,-8.054480553E-1,-1.495091319E-1
2.843699365E1,9.700532258E-2,-5.696542859E-1,-2.032652348E-1
2.843934151E1,5.180133134E-2,-3.460777998E-1,-2.606865168E-1
2.844168854E1,-1.050687023E-2,-1.506010592E-1,-3.205512464E-1
2.844403484E1,-8.747582138E-2,9.445495903E-3,-3.804160058E-1
2.844638188E1,-1.620013267E-1,1.206228808E-1,-4.415024817E-1
2.844872974E1,-2.426354736E-1,1.975918412E-1,-5.099193454E-1
2.845107672E1,-3.196044266E-1,2.476827502E-1,-5.868883133E-1
2.845342302E1,-3.892430067E-1,2.794476748E-1,-6.663007140E-1
2.845577016E1,-4.527729154E-1,2.928867042E-1,-7.530435324E-1
2.845811797E1,-5.138593912E-1,2.941084504E-1,-8.434514999E-1
2.846046495E1,-5.541764498E-1,2.623434961E-1,-9.289725423E-1
2.846281125E1,-5.883848667E-1,2.122525871E-1,-1.003497958E0
2.846515839E1,-6.103760004E-1,1.316184402E-1,-1.056032300E0
2.846750620E1,-6.287019849E-1,3.388008475E-2,-1.080466986E0
2.846985318E1,-6.421409845E-1,-6.019308418E-2,-1.075580001E0
2.847219948E1,-6.629104018E-1,-1.432706714E-1,-1.048702002E0
2.847454651E1,-6.897884607E-1,-2.104657888E-1,-1.004719734E0
2.847689438E1,-7.264403105E-1,-2.593349814E-1,-9.485202432E-1
2.847924141E1,-7.667573690E-1,-3.155345619E-1,-8.764382005E-1
2.848158771E1,-8.082962036E-1,-3.815079331E-1,-7.909170985E-1
2.848393474E1,-8.535001874E-1,-4.474813342E-1,-7.005091310E-1
2.848628260E1,-9.109214544E-1,-5.024591684E-1,-6.125445962E-1
2.848862958E1,-9.573472142E-1,-5.757629275E-1,-5.245801210E-1
2.849097588E1,-1.011103272E0,-6.429580450E-1,-4.451676607E-1
2.849332302E1,-1.068524599E0,-7.113748789E-1,-3.730856180E-1
2.849567083E1,-1.124724150E0,-7.687962055E-1,-3.095556796E-1
2.849801781E1,-1.162597775E0,-8.274391890E-1,-2.435823083E-1
2.850036411E1,-1.199249625E0,-8.567606807E-1,-1.776089072E-1
2.850271115E1,-1.213910460E0,-8.775300980E-1,-1.079703420E-1
2.850505906E1,-1.215132117E0,-8.653128147E-1,-3.588830307E-2
2.850740604E1,-1.201693177E0,-8.103349805E-1,4.718929902E-2
2.850975234E1,-1.169928193E0,-7.223704457E-1,1.314886361E-1
2.851209938E1,-1.129611135E0,-6.001974940E-1,2.182314247E-1
2.851444724E1,-1.070968032E0,-4.621420801E-1,3.086394072E-1
2.851679427E1,-9.939990640E-1,-3.350822330E-1,3.990473747E-1
2.851914057E1,-9.084780216E-1,-2.153527141E-1,4.747945964E-1
2.852148760E1,-8.168482780E-1,-1.151709035E-1,5.346593261E-1
2.852383547E1,-7.386575937E-1,-1.010217518E-2,5.761981010E-1
2.852618250E1,-6.800146103E-1,8.152753860E-2,6.165152192E-1
2.852852875E1,-6.262584925E-1,1.487226486E-1,6.617192030E-1
2.853087588E1,-5.834980011E-1,1.829310954E-1,7.130318284E-1
2.853322370E1,-5.553982258E-1,2.000353038E-1,7.716748118E-1
2.853557068E1,-5.358505249E-1,1.841528118E-1,8.449785709E-1
2.853791698E1,-5.309635997E-1,1.682703197E-1,9.256127477E-1
2.854026411E1,-5.309635997E-1,1.413922906E-1,1.014798999E0
2.854261193E1,-5.468460917E-1,1.047403887E-1,1.105207086E0
2.854495891E1,-5.749458671E-1,7.297542691E-2,1.188284636E0
2.854730521E1,-6.177064180E-1,4.487564787E-2,1.255479693E0
2.854965224E1,-6.775711179E-1,1.066722535E-2,1.306792378E0
2.855200010E1,-7.484314442E-1,-4.308886826E-2,1.345887780E0
2.855434714E1,-8.376176953E-1,-7.485383004E-2,1.365435362E0
2.855669344E1,-9.487950802E-1,-8.218421787E-2,1.365435362E0
2.855904047E1,-1.064859390E0,-9.806669503E-2,1.344666004E0
2.856138833E1,-1.182145476E0,-1.408272386E-1,1.309235811E0
2.856373531E1,-1.300653219E0,-2.031354308E-1,1.271362185E0
2.856608161E1,-1.428934813E0,-2.678871155E-1,1.229823470E0
2.856842875E1,-1.552329540E0,-3.497429788E-1,1.200501919E0
2.857077656E1,-1.665950298E0,-4.413726926E-1,1.190728068E0
2.857312354E1,-1.774684191E0,-5.317806602E-1,1.194393277E0
2.857546984E1,-1.869979143E0,-6.234103441E-1,1.206610560E0
2.857781698E1,-1.946948051E0,-7.077097297E-1,1.224936485E0
2.858016479E1,-2.005590916E0,-7.810134888E-1,1.239597321E0
2.858251177E1,-2.044686317E0,-8.372130394E-1,1.249371052E0
2.858485807E1,-2.056903601E0,-8.726431727E-1,1.253036261E0
2.858720510E1,-2.059347153E0,-8.824170232E-1,1.249371052E0
2.858955297E1,-2.053238392E0,-8.750866652E-1,1.246927619E0
2.859190000E1,-2.028803825E0,-8.518737555E-1,1.249371052E0
2.859424630E1,-1.997038960E0,-8.091132641E-1,1.259144902E0
2.859659333E1,-1.965273976E0,-7.516919374E-1,1.276249170E0
2.859894120E1,-1.932287335E0,-6.820533872E-1,1.289688230E0
2.860128823E1,-1.901744127E0,-6.026409864E-1,1.298240304E0
2.860363448E1,-1.877309561E0,-5.134547353E-1,1.300683737E0
2.860598161E1,-1.849209785E0,-4.340423048E-1,1.299461961E0
2.860832943E1,-1.816223025E0,-3.692906499E-1,1.294575095E0
2.861067641E1,-1.769797325E0,-3.582950830E-1,1.287244678E0
2.861302271E1,-1.736810684E0,-3.106476367E-1,1.281136036E0
2.861536984E1,-1.729480267E0,-1.970267892E-1,1.276249170E0
2.861771766E1,-1.735588908E0,-4.797578603E-2,1.276249170E0
2.862006464E1,-1.749027967E0,1.169576868E-1,1.279914379E0
2.862241094E1,-1.780792832E0,3.038822711E-1,1.279914379E0
2.862475797E1,-1.818666458E0,4.822547734E-1,1.281136036E0
2.862710583E1,-1.876087785E0,6.777314544E-1,1.272583961E0
2.862945286E1,-1.943282962E0,8.634343743E-1,1.255479693E0
2.863179911E1,-2.017808199E0,1.001489758E0,1.237153769E0
2.863414625E1,-2.091112137E0,1.080902219E0,1.221271276E0
2.863649406E1,-2.158307076E0,1.121219277E0,1.207832336E0
2.863884104E1,-2.223058939E0,1.129771352E0,1.196836710E0
2.864118734E1,-2.278036594E0,1.117554069E0,1.194393277E0
2.864353448E1,-2.322018862E0,1.093119502E0,1.201723695E0
2.864588229E1,-2.358670712E0,1.061354518E0,1.216384411E0
2.864822927E1,-2.384327173E0,1.021037459E0,1.242040753E0
2.865057557E1,-2.416092157E0,9.990463257E-1,1.262810111E0
2.865292260E1,-2.439304829E0,9.672813416E-1,1.273805737E0
2.865527052E1,-2.445413589E0,8.988645077E-1,1.289688230E0
2.865761750E1,-2.451522350E0,8.353345990E-1,1.297018528E0
2.865996380E1,-2.450300455E0,7.901306152E-1,1.298240304E0
2.866231083E1,-2.457630873E0,7.925740480E-1,1.286023021E0
2.866465870E1,-2.485730648E0,8.585474491E-1,1.276249170E0
2.866700573E1,-2.515052080E0,9.599509835E-1,1.270140529E0
2.866935203E1,-2.554147482E0,1.113888860E0,1.254258037E0
2.867169906E1,-2.594464540E0,1.282487512E0,1.242040753E0
2.867404693E1,-2.643333673E0,1.453529716E0,1.226158261E0
2.867639396E1,-2.688537836E0,1.612354517E0,1.205388784E0
2.867874021E1,-2.731298208E0,1.756518602E0,1.183397770E0
2.868108734E1,-2.780167341E0,1.882356763E0,1.154076219E0
2.868343516E1,-2.820484638E0,1.984981894E0,1.118646026E0
2.868578214E1,-2.859579802E0,2.053398848E0,1.080772400E0
2.868812844E1,-2.893788338E0,2.090050936E0,1.035568476E0
2.869047547E1,-2.924331427E0,2.093715906E0,9.842557311E-1
2.869282333E1,-2.952431202E0,2.075390100E0,9.292779565E-1
2.869517036E1,-2.974422455E0,2.031407833E0,8.767435551E-1
2.869751667E1,-2.998857021E0,1.973986387E0,8.278743625E-1
2.869986370E1,-3.003743887E0,1.903126121E0,7.851138711E-1
2.870221156E1,-3.011074305E0,1.845704794E0,7.472402453E-1
2.870455859E1,-3.004965782E0,1.787061810E0,7.130318284E-1
2.870690490E1,-2.989083290E0,1.725975394E0,6.837103367E-1
2.870925193E1,-2.969535589E0,1.670997500E0,6.568322778E-1
2.871159979E1,-2.946322680E0,1.619684935E0,6.348411441E-1
2.871394682E1,-2.930440187E0,1.580589533E0,6.165152192E-1
2.871629307E1,-2.920666456E0,1.529276848E0,6.042978764E-1
2.871864021E1,-2.927996635E0,1.480407715E0,5.933023095E-1
2.872098802E1,-2.932883739E0,1.448642731E0,5.859719515E-1
2.872333500E1,-2.945101023E0,1.438868880E0,5.786415935E-1
2.872568130E1,-2.953653097E0,1.437647223E0,5.749763846E-1
2.872802844E1,-2.958539963E0,1.442534089E0,5.688677430E-1
2.873037625E1,-2.964648485E0,1.448642731E0,5.566504598E-1
2.873272323E1,-2.974422455E0,1.457194924E0,5.407679677E-1
2.873506953E1,-2.975644112E0,1.458416581E0,5.261071920E-1
2.873741656E1,-2.968313694E0,1.443755865E0,5.138899088E-1
2.873976443E1,-2.952431202E0,1.400995255E0,5.126681924E-1
2.874211146E1,-2.934105396E0,1.355791330E0,5.224420428E-1
2.874445776E1,-2.923109770E0,1.303256989E0,5.444331765E-1
2.874680479E1,-2.904783964E0,1.227509737E0,5.798633099E-1
2.874915266E1,-2.880349159E0,1.130993128E0,6.226238608E-1
2.875149969E1,-2.843697309E0,1.006376743E0,6.482801437E-1
2.875384594E1,-2.796049833E0,8.634343743E-1,6.519453526E-1
2.875619307E1,-2.732520103E0,6.899487972E-1,6.397280693E-1
2.875854089E1,-2.650664091E0,4.969155192E-1,6.262890100E-1
2.876088786E1,-2.565143108E0,3.075474501E-1,6.079630852E-1
2.876323417E1,-2.469848156E0,1.316184402E-1,5.871936679E-1
2.876558130E1,-2.374553204E0,-2.109774202E-2,5.688677430E-1
2.876792911E1,-2.289032221E0,-1.432706714E-1,5.554287434E-1
2.877027609E1,-2.214506626E0,-2.373438776E-1,5.480983257E-1
2.877262240E1,-2.144868135E0,-3.118693531E-1,5.517635345E-1
2.877496943E1,-2.080116510E0,-3.790645003E-1,5.652025342E-1
2.877731729E1,-2.021473408E0,-4.352640510E-1,5.823067427E-1
2.877966432E1,-1.977491260E0,-4.768028259E-1,5.871936679E-1
2.878201062E1,-1.935952544E0,-5.073460340E-1,5.786415935E-1
2.878435766E1,-1.879752994E0,-5.562152267E-1,5.676460266E-1
2.878670552E1,-1.824775100E0,-6.075279117E-1,5.505418181E-1
2.878905255E1,-1.749027967E0,-6.893837452E-1,5.407679677E-1
2.879139880E1,-1.680611134E0,-7.687962055E-1,5.334376097E-1
2.879374594E1,-1.620746374E0,-8.592041731E-1,5.407679677E-1
2.879609375E1,-1.558438182E0,-9.544990659E-1,5.444331765E-1
2.879844073E1,-1.486356139E0,-1.044906974E0,5.444331765E-1
2.880078703E1,-1.421604395E0,-1.108436942E0,5.114464760E-1
2.880313406E1,-1.380065680E0,-1.136536717E0,4.589121342E-1
2.880548198E1,-1.362961411E0,-1.131649852E0,4.039342999E-1
2.880782896E1,-1.351965904E0,-1.126762867E0,3.648389578E-1
2.881017526E1,-1.361739635E0,-1.096219659E0,3.367391825E-1
2.881252229E1,-1.381287336E0,-1.069341660E0,3.208566904E-1
2.881487016E1,-1.403278470E0,-1.044906974E0,3.184132278E-1
2.881721719E1,-1.411830544E0,-1.029024601E0,3.294087946E-1
2.881956344E1,-1.425269604E0,-1.002146482E0,3.452912867E-1
2.882191057E1,-1.439930320E0,-9.716032743E-1,3.660606742E-1
2.882425838E1,-1.438708663E0,-9.435034990E-1,3.941604793E-1
2.882660542E1,-1.441152096E0,-9.056298733E-1,4.247036874E-1
2.882895167E1,-1.437486887E0,-8.640910983E-1,4.613555968E-1
2.883129880E1,-1.422826171E0,-8.188871145E-1,5.028944016E-1
2.883364661E1,-1.404500246E0,-7.663527131E-1,5.468766093E-1
2.883599359E1,-1.378843904E0,-7.089314461E-1,5.945240855E-1
2.883833990E1,-1.350744128E0,-6.344059110E-1,6.348411441E-1
2.884068693E1,-1.314092278E0,-5.708760023E-1,6.812668443E-1
2.884303484E1,-1.284770727E0,-4.902418256E-1,7.289143205E-1
2.884538182E1,-1.240788460E0,-4.169380963E-1,7.765617371E-1
2.884772813E1,-1.189475894E0,-3.509646952E-1,8.254309297E-1
2.885007516E1,-1.143050075E0,-2.776609361E-1,8.681914806E-1
2.885242302E1,-1.079520226E0,-2.141309977E-1,9.121736884E-1
2.885477005E1,-1.007438064E0,-1.615966260E-1,9.500473142E-1
2.885711635E1,-9.341343045E-1,-1.078405306E-1,9.757036567E-1
2.885946338E1,-8.571653962E-1,-4.675405473E-2,9.952513576E-1
2.886181125E1,-7.801964283E-1,1.799760386E-2,1.012355566E0
2.886415823E1,-7.056708932E-1,7.419715822E-2,1.025794625E0
2.886650453E1,-6.421409845E-1,1.316184402E-1,1.035568476E0
2.886885167E1,-5.822762251E-1,1.768224239E-1,1.044120550E0
2.887119948E1,-5.321853161E-1,2.330220044E-1,1.046563983E0
2.887354646E1,-4.918682575E-1,2.904432416E-1,1.053894401E0
2.887589276E1,-4.601033032E-1,3.527514637E-1,1.050229192E0
2.887823979E1,-4.393339157E-1,4.138379097E-1,1.040455341E0
2.888058766E1,-4.295600653E-1,4.724809229E-1,1.034346700E0
2.888293469E1,-4.320035279E-1,5.274587870E-1,1.023351192E0
2.888528099E1,-4.344469905E-1,5.567802787E-1,1.016020775E0
2.888762802E1,-4.539946616E-1,5.873234868E-1,1.005025268E0
2.888997589E1,-4.772075415E-1,6.093146205E-1,9.879209399E-1
2.889232292E1,-4.918682575E-1,5.995407701E-1,9.634863734E-1
2.889466922E1,-5.138593912E-1,5.848800540E-1,9.292779565E-1
2.889701625E1,-5.297418833E-1,5.677758455E-1,8.889608383E-1
2.889936411E1,-5.456243753E-1,5.323456526E-1,8.449785709E-1
2.890171109E1,-5.737241507E-1,4.993590117E-1,7.973311543E-1
2.890405740E1,-5.859414339E-1,4.614853859E-1,7.447968125E-1
2.890640453E1,-5.993804336E-1,4.309421480E-1,6.885972023E-1
2.890875234E1,-6.128194928E-1,4.003989100E-1,6.311759353E-1
2.891109932E1,-6.335889101E-1,3.918468058E-1,5.615373850E-1
2.891344562E1,-6.372540593E-1,3.722991347E-1,4.955640137E-1
2.891579266E1,-6.311454177E-1,3.527514637E-1,4.308123589E-1
2.891814052E1,-6.250367761E-1,3.356472254E-1,3.721693456E-1
2.892048755E1,-6.189281344E-1,3.283168674E-1,3.147480488E-1
2.892283385E1,-6.006022096E-1,3.136561215E-1,2.646571398E-1
2.892518089E1,-5.810545087E-1,3.014388084E-1,2.121227831E-1
2.892752875E1,-5.602850914E-1,2.892215252E-1,1.656970531E-1
2.892987578E1,-5.382940173E-1,2.770042121E-1,1.204930618E-1
2.893222208E1,-5.114159584E-1,2.501262128E-1,8.750636876E-2
2.893456911E1,-4.882031083E-1,2.208046913E-1,5.574140325E-2
2.893691698E1,-4.723206162E-1,1.902614534E-1,2.275471017E-2
2.893926396E1,-4.539946616E-1,1.511661112E-1,-7.788524963E-3
2.894161026E1,-4.393339157E-1,1.108490452E-1,-4.077522084E-2
2.894395740E1,-4.258948863E-1,6.442332268E-2,-7.742711157E-2
2.894630521E1,-4.100123942E-1,1.188895479E-2,-1.189659089E-1
2.894865219E1,-4.002385736E-1,-3.331503272E-2,-1.690568030E-1
2.895099849E1,-3.892430067E-1,-7.729729265E-2,-2.252563685E-1
2.895334552E1,-3.770256937E-1,-1.102839932E-1,-2.838993669E-1
2.895569339E1,-3.599214852E-1,-1.408272386E-1,-3.449858427E-1
2.895804042E1,-3.354868889E-1,-1.799225509E-1,-4.011853933E-1
2.896038672E1,-3.122740388E-1,-1.896964014E-1,-4.671587944E-1
2.896273375E1,-2.792873383E-1,-2.043571472E-1,-5.258018374E-1
2.896508161E1,-2.414137572E-1,-2.141309977E-1,-5.807796717E-1
2.896742865E1,-1.901011020E-1,-2.214613557E-1,-6.296488643E-1
2.896977490E1,-1.339015365E-1,-2.214613557E-1,-6.724093556E-1
2.897212203E1,-7.403679937E-2,-2.092440724E-1,-7.102829814E-1
2.897446984E1,2.932153642E-3,-2.116875350E-1,-7.359393239E-1
2.897681682E1,7.745765150E-2,-2.043571472E-1,-7.591521740E-1
2.897916313E1,1.532048732E-1,-1.884746552E-1,-7.786998153E-1
2.898151026E1,2.448345870E-1,-1.872529387E-1,-7.909170985E-1
2.898385807E1,3.291339278E-1,-1.848094761E-1,-8.006909490E-1
2.898620505E1,4.232070744E-1,-1.982485056E-1,-8.067995906E-1
2.898855135E1,5.172802210E-1,-2.006919682E-1,-8.116865158E-1
2.899089838E1,6.211272478E-1,-2.092440724E-1,-8.141300082E-1
2.899324625E1,7.237524986E-1,-2.226831019E-1,-8.129082322E-1
2.899559328E1,8.385950923E-1,-2.361221313E-1,-8.080213666E-1
2.899793958E1,9.607680440E-1,-2.593349814E-1,-7.994692326E-1
2.900028661E1,1.075610518E0,-2.825478613E-1,-7.872519493E-1
2.900263448E1,1.195340037E0,-3.179780245E-1,-7.713694572E-1
2.900498151E1,1.318734765E0,-3.534081578E-1,-7.506000400E-1
2.900732776E1,1.443351150E0,-3.998338878E-1,-7.249437571E-1
2.900967490E1,1.556971908E0,-4.352640510E-1,-7.041743398E-1
2.901202271E1,1.670592785E0,-4.719159305E-1,-6.821832061E-1
2.901436969E1,1.785435319E0,-5.061243176E-1,-6.601920724E-1
2.901671599E1,1.886838913E0,-5.293372273E-1,-6.430878639E-1
2.901906313E1,1.980912089E0,-5.488848686E-1,-6.320922971E-1
2.902141094E1,2.059102774E0,-5.623239279E-1,-6.320922971E-1
2.902375792E1,2.128741503E0,-5.843150616E-1,-6.345357299E-1
2.902610422E1,2.194714785E0,-6.075279117E-1,-6.467530727E-1
2.902845125E1,2.246027470E0,-6.258538365E-1,-6.614137888E-1
2.903079911E1,2.287566185E0,-6.368494034E-1,-6.797397733E-1
2.903314615E1,2.331548452E0,-6.527318954E-1,-6.956222057E-1
2.903549245E1,2.384082794E0,-6.735012531E-1,-7.115046978E-1
2.903783948E1,2.415847778E0,-6.661708951E-1,-7.347175479E-1
2.904018734E1,2.450056314E0,-6.637274623E-1,-7.542652488E-1
2.904253438E1,2.496481895E0,-6.698361039E-1,-7.762563825E-1
2.904488062E1,2.528246880E0,-6.576188207E-1,-8.055778742E-1
2.904722776E1,2.571007490E0,-6.441797614E-1,-8.373428583E-1
2.904957557E1,2.612546206E0,-6.185234785E-1,-8.727729917E-1
2.905192255E1,2.651641607E0,-5.782063603E-1,-9.204204679E-1
2.905426885E1,2.693180561E0,-5.415545106E-1,-9.753982425E-1
2.905661599E1,2.726167202E0,-4.755811095E-1,-1.045036793E0
2.905896380E1,2.756710291E0,-3.937252462E-1,-1.122005701E0
2.906131078E1,2.777479887E0,-2.825478613E-1,-1.200196385E0
2.906365708E1,2.792140484E0,-1.506010592E-1,-1.279608846E0
2.906600411E1,2.798249245E0,5.780307576E-3,-1.363908172E0
2.906835203E1,2.805579662E0,1.621616781E-1,-1.444542289E0
2.907069901E1,2.800692558E0,3.234299421E-1,-1.528841615E0
2.907304531E1,2.801914454E0,4.688157439E-1,-1.615584493E0
2.907539234E1,2.799470901E0,6.007625461E-1,-1.705992460E0
2.907774021E1,2.801914454E0,7.046095133E-1,-1.801287293E0
2.908008724E1,2.803136110E0,7.962392569E-1,-1.903912544E0
2.908243349E1,2.804357767E0,8.866472244E-1,-2.000429153E0
2.908478062E1,2.787253618E0,9.904942513E-1,-2.092058897E0
2.908712844E1,2.782366753E0,1.078458786E0,-2.171471357E0
2.908947542E1,2.772592783E0,1.170088410E0,-2.235001326E0
2.909182172E1,2.756710291E0,1.255609512E0,-2.275318384E0
2.909416885E1,2.720058441E0,1.375339031E0,-2.275318384E0
2.909651667E1,2.677298069E0,1.537829041E0,-2.219118834E0
2.909886365E1,2.619876623E0,1.734527469E0,-2.105497837E0
2.910120995E1,2.549016476E0,1.943443179E0,-1.951560020E0
2.910355698E1,2.490373373E0,2.108376741E0,-1.769522309E0
2.910590484E1,2.414626122E0,2.283084154E0,-1.574045658E0
2.910825188E1,2.353539705E0,2.408922195E0,-1.359021306E0
2.911059818E1,2.287566185E0,2.526208162E0,-1.147662044E0
2.911294521E1,2.220371246E0,2.627611876E0,-9.448550344E-1
2.911529307E1,2.161728144E0,2.714354515E0,-7.640390992E-1
2.911764005E1,2.116524220E0,2.783993244E0,-6.113228798E-1
2.911998635E1,2.093311310E0,2.826753616E0,-4.867064655E-1
2.912233349E1,2.089646101E0,2.838970900E0,-3.926332891E-1
2.912468130E1,2.112859011E0,2.829197168E0,-3.315468132E-1
2.912702828E1,2.158062935E0,2.791323423E0,-2.985601425E-1
2.912937458E1,2.222814560E0,2.730237007E0,-2.790124714E-1
2.913172172E1,2.310779095E0,2.642272472E0,-2.619082332E-1
2.913406953E1,2.419512987E0,2.518877983E0,-2.386953831E-1
2.913641651E1,2.552681446E0,2.363718271E0,-2.057086974E-1
2.913876281E1,2.706619501E0,2.189010859E0,-1.653916240E-1
2.914110984E1,2.865444183E0,2.021634102E0,-1.214093640E-1
2.914345771E1,3.020603895E0,1.861587286E0,-7.620538026E-2
2.914580474E1,3.165989637E0,1.688101768E0,-3.100138530E-2
2.914815104E1,3.295493126E0,1.509729266E0,9.315687232E-3
2.915049807E1,3.400561810E0,1.330134988E0,4.230238125E-2
2.915284594E1,3.478752375E0,1.154205918E0,7.040215284E-2
2.915519297E1,3.542282343E0,9.575075507E-1,9.361501783E-2
2.915753922E1,3.567938805E0,7.498134971E-1,1.070540398E-1
2.915988635E1,3.580156088E0,5.286805034E-1,1.204930618E-1
2.916223417E1,3.576490879E0,3.295385838E-1,1.290451735E-1
2.916458115E1,3.550834417E0,1.621616781E-1,1.302669048E-1
2.916692745E1,3.519069433E0,4.121046141E-2,1.253799796E-1
2.916927458E1,3.483639479E0,-4.919751734E-2,1.094974950E-1
2.917162240E1,3.442100525E0,-1.151709035E-1,9.239328653E-2
2.917396938E1,3.393231392E0,-1.628183424E-1,8.017598838E-2
2.917631568E1,3.356579542E0,-2.068006098E-1,6.918042153E-2
2.917866271E1,3.334588289E0,-2.410090566E-1,5.574140325E-2
2.918101057E1,3.332144976E0,-2.764392197E-1,3.619373217E-2
2.918335760E1,3.349249125E0,-2.874347866E-1,2.397644147E-2
2.918570391E1,3.394453049E0,-2.385655940E-1,1.542433444E-2
2.918805094E1,3.457983017E0,-1.518227756E-1,-9.010254405E-3
2.919039880E1,3.526399851E0,-3.331503272E-2,-2.122754976E-2
2.919274583E1,3.610699177E0,9.741001576E-2,-1.878409088E-2
2.919509208E1,3.692555189E0,2.537913918E-1,-1.145371329E-2
2.919743922E1,3.769524097E0,4.272769392E-1,5.650498904E-3
2.919978703E1,3.830610514E0,6.068711877E-1,3.375027701E-2
2.920213401E1,3.873371124E0,7.498134971E-1,5.818486586E-2
2.920448031E1,3.902692556E0,8.561039567E-1,8.506290615E-2
2.920682734E1,3.916131735E0,9.208556414E-1,9.850192815E-2
2.920917526E1,3.902692556E0,9.636161923E-1,8.384118229E-2
2.921152224E1,3.870927572E0,9.904942513E-1,4.474584013E-2
2.921386854E1,3.817171574E0,1.005154967E0,-2.122754976E-2
2.921621557E1,3.738980770E0,1.016150594E0,-1.116355285E-1
2.921856344E1,3.640020847E0,1.023480892E0,-2.167042494E-1
2.922091047E1,3.506852150E0,1.028367877E0,-3.291033804E-1
2.922325677E1,3.343140602E0,1.018594027E0,-4.390590191E-1
2.922560380E1,3.142776966E0,9.929376841E-1,-5.319104791E-1
2.922795167E1,2.914313555E0,9.391815662E-1,-6.003273129E-1
2.923029870E1,2.667524099E0,8.719864488E-1,-6.406444311E-1
2.923264495E1,2.418291330E0,7.852436900E-1,-6.589703560E-1
2.923499208E1,2.181275845E0,6.667358875E-1,-6.650789976E-1
2.923733990E1,1.961364388E0,5.091328025E-1,-6.601920724E-1
2.923968688E1,1.779326677E0,2.892215252E-1,-6.467530727E-1
2.924203318E1,1.636384368E0,2.044105902E-2,-6.284270883E-1
2.924438031E1,1.532537341E0,-2.813261151E-1,-6.113228798E-1
2.924672812E1,1.460455298E0,-6.026409864E-1,-5.954403877E-1
2.924907510E1,1.406699181E0,-9.410600066E-1,-5.807796717E-1
2.925142141E1,1.373712540E0,-1.290474653E0,-5.612319708E-1
2.925376844E1,1.346834540E0,-1.633780599E0,-5.490146875E-1
2.925611630E1,1.313847780E0,-1.953873754E0,-5.392408371E-1
2.925846333E1,1.284526229E0,-2.248310328E0,-5.294670463E-1
2.926080964E1,1.249096155E0,-2.499986649E0,-5.209149122E-1
2.926315667E1,1.206335545E0,-2.705237150E0,-5.135845542E-1
2.926550453E1,1.159909844E0,-2.871392488E0,-5.086976290E-1
2.926785156E1,1.111040711E0,-2.994787216E0,-5.050324202E-1
2.927019781E1,1.054841161E0,-3.076642990E0,-5.025889874E-1
2.927254495E1,1.001085043E0,-3.129177332E0,-4.989237785E-1
2.927489276E1,9.448855519E-1,-3.143838167E0,-4.989237785E-1
2.927723974E1,8.789121509E-1,-3.113294840E0,-5.001454949E-1
2.927958604E1,8.227126002E-1,-3.064425707E0,-5.025889874E-1
2.928193318E1,7.701782584E-1,-2.994787216E0,-5.050324202E-1
2.928428099E1,7.225307822E-1,-2.900713921E0,-5.086976290E-1
2.928662797E1,6.785485148E-1,-2.787093163E0,-5.135845542E-1
2.928897427E1,6.370097399E-1,-2.650259495E0,-5.172497034E-1
2.929132130E1,6.076882482E-1,-2.503651857E0,-5.221366286E-1
2.929366917E1,5.795884728E-1,-2.339940071E0,-5.258018374E-1
2.929601620E1,5.661494136E-1,-2.171341419E0,-5.258018374E-1
2.929836250E1,5.527104139E-1,-1.988082051E0,-5.270235538E-1
2.930070953E1,5.453800559E-1,-1.796270609E0,-5.258018374E-1
2.930305740E1,5.502669215E-1,-1.611789465E0,-5.209149122E-1
2.930540443E1,5.539321303E-1,-1.423643112E0,-5.172497034E-1
2.930775068E1,5.624842644E-1,-1.239161968E0,-5.123628378E-1
2.931009781E1,5.673711300E-1,-1.054680824E0,-5.123628378E-1
2.931244563E1,5.771449804E-1,-8.921908736E-1,-5.062541366E-1
2.931479260E1,5.820319057E-1,-7.345877290E-1,-5.001454949E-1
2.931713891E1,5.881405473E-1,-5.928671360E-1,-4.940368533E-1
2.931948594E1,5.869188309E-1,-4.572551847E-1,-4.879281819E-1
2.932183385E1,5.844753981E-1,-3.399691582E-1,-4.805978239E-1
2.932418083E1,5.783666968E-1,-2.324569523E-1,-4.708239734E-1
2.932652714E1,5.747015476E-1,-1.359403133E-1,-4.598284066E-1
2.932887417E1,5.527104139E-1,-3.209330514E-2,-4.512763023E-1
2.933122203E1,5.331627131E-1,5.587121472E-2,-4.366155565E-1
2.933356906E1,5.099498630E-1,1.340619028E-1,-4.182896018E-1
2.933591536E1,4.830718338E-1,1.975918412E-1,-3.987419307E-1
2.933826240E1,4.610807002E-1,2.440175712E-1,-3.755290806E-1
2.934061026E1,4.342026412E-1,2.794476748E-1,-3.474293053E-1
2.934295729E1,4.024376869E-1,3.099909127E-1,-3.217729926E-1
2.934530354E1,3.694509864E-1,3.332037926E-1,-2.912297547E-1
2.934765068E1,3.303556442E-1,3.466427922E-1,-2.570213377E-1
2.934999849E1,2.827081978E-1,3.527514637E-1,-2.179259807E-1
2.935234547E1,2.387259156E-1,3.356472254E-1,-1.727219969E-1
2.935469177E1,1.935219318E-1,3.051040173E-1,-1.226310953E-1
2.935703880E1,1.434310228E-1,2.647869587E-1,-7.376191765E-2
2.935938672E1,8.845321834E-2,2.269133329E-1,-2.733619511E-2
2.936173370E1,2.981020324E-2,1.865962744E-1,2.031125128E-2
2.936408000E1,-3.005454130E-2,1.389488280E-1,6.795869768E-2
2.936642703E1,-9.480620176E-2,9.618828446E-2,1.131626889E-1
2.936877490E1,-1.668882519E-1,6.564505398E-2,1.485928446E-1
2.937112193E1,-2.475223988E-1,3.021489456E-2,1.803578138E-1
2.937346823E1,-3.354868889E-1,-5.215257406E-3,2.084575891E-1
2.937581526E1,-4.442208111E-1,-2.109774202E-2,2.243400663E-1
2.937816312E1,-5.517330170E-1,-5.774962157E-2,2.353356332E-1
2.938051010E1,-6.751276851E-1,-9.562323242E-2,2.377790958E-1
2.938285641E1,-7.997440696E-1,-1.469358802E-1,2.365573645E-1
2.938520354E1,-9.341343045E-1,-1.958050430E-1,2.194531560E-1
2.938755135E1,-1.075855017E0,-2.483394146E-1,1.864664555E-1
2.938989833E1,-1.210245252E0,-3.143128157E-1,1.485928446E-1
2.939224464E1,-1.337305069E0,-3.888383210E-1,1.156061441E-1
2.939459167E1,-1.448482513E0,-4.755811095E-1,1.033888534E-1
2.939693953E1,-1.531560063E0,-5.281154513E-1,1.082757637E-1
2.939928656E1,-1.575542331E0,-5.415545106E-1,1.180495992E-1
2.940163286E1,-1.593868256E0,-4.890201092E-1,1.204930618E-1
2.940397990E1,-1.571877122E0,-3.900600374E-1,1.168278754E-1
2.940632776E1,-1.515677571E0,-2.410090566E-1,1.009453908E-1
2.940867479E1,-1.427713037E0,-8.340593427E-2,7.651080191E-2
2.941102104E1,-1.312870502E0,8.152753860E-2,5.207621679E-2
2.941336818E1,-1.169928193E0,2.403523624E-1,2.641989663E-2
2.941571599E1,-9.952208400E-1,3.857381344E-1,1.985310344E-3
2.941806297E1,-7.985223532E-1,5.201283693E-1,-1.878409088E-2
2.942040927E1,-5.688372254E-1,6.154232621E-1,-3.222311288E-2
2.942275641E1,-3.281565309E-1,6.765097380E-1,-4.566213861E-2
2.942510422E1,-8.014544845E-2,6.887270212E-1,-5.910116062E-2
2.942745120E1,1.715307981E-1,6.532968879E-1,-7.376191765E-2
2.942979750E1,4.085463285E-1,5.836583376E-1,-8.842267096E-2
2.943214453E1,6.223489642E-1,4.822547734E-1,-9.453132004E-2
2.943449240E1,8.080518842E-1,3.698556721E-1,-9.086613357E-2
2.943683943E1,9.656549692E-1,2.269133329E-1,-7.254018635E-2
2.943918573E1,1.086606145E0,7.664062083E-2,-4.444040731E-2
2.944153276E1,1.183122754E0,-1.017318889E-1,-1.389717311E-2
2.944388063E1,1.251539588E0,-3.045389950E-1,1.664606296E-2
2.944622766E1,1.308960915E0,-5.342241526E-1,4.474584013E-2
2.944857391E1,1.346834540E0,-7.614657879E-1,6.918042153E-2
2.945092104E1,1.362716913E0,-9.777119160E-1,9.483674169E-2
2.945326885E1,1.365160465E0,-1.170745134E0,1.192713305E-1
2.945561583E1,1.350499630E0,-1.323461294E0,1.375972778E-1
2.945796214E1,1.335838914E0,-1.441969156E0,1.522580385E-1
2.946030927E1,1.300408721E0,-1.490838289E0,1.522580385E-1
2.946265708E1,1.267422080E0,-1.499390364E0,1.424842030E-1
2.946500406E1,1.225883245E0,-1.470068932E0,1.217147931E-1
2.946735036E1,1.172127128E0,-1.399208546E0,9.239328653E-2
2.946969740E1,1.111040711E0,-1.310022354E0,6.307177991E-2
2.947204526E1,1.032850027E0,-1.200066686E0,3.985892236E-2
2.947439229E1,9.473289847E-1,-1.084002376E0,2.641989663E-2
2.947673859E1,8.495906591E-1,-9.386165738E-1,1.542433444E-2
2.947908563E1,7.567391992E-1,-7.700179219E-1,6.872228347E-3
2.948143349E1,6.773267984E-1,-5.977540612E-1,8.093957789E-3
2.948378052E1,6.076882482E-1,-4.377074838E-1,1.053741667E-2
2.948612677E1,5.527104139E-1,-3.118693531E-1,2.031125128E-2
2.948847391E1,5.294975638E-1,-2.336786687E-1,3.497200459E-2
2.949082172E1,5.258323550E-1,-1.958050430E-1,5.085448548E-2
2.949316870E1,5.380496383E-1,-2.202396393E-1,6.673696637E-2
2.949551500E1,5.514886975E-1,-3.020955324E-1,8.261945099E-2
2.949786214E1,5.698146224E-1,-4.389292300E-1,1.058323085E-1
2.950020995E1,5.747015476E-1,-6.050844193E-1,1.375972778E-1
2.950255693E1,5.661494136E-1,-7.871221304E-1,1.693622470E-1
2.950490323E1,5.392713547E-1,-9.508338571E-1,1.974620223E-1
2.950725026E1,5.123932958E-1,-1.124319434E0,2.255617976E-1
2.950959812E1,4.769631922E-1,-1.292918086E0,2.536615729E-1
2.951194516E1,4.390895665E-1,-1.456629872E0,2.768744528E-1
2.951429146E1,3.963290453E-1,-1.602015615E0,2.939786613E-1
2.951663849E1,3.523467779E-1,-1.740071058E0,3.000873029E-1
2.951898635E1,3.156948984E-1,-1.865909219E0,2.903134525E-1
2.952133339E1,2.827081978E-1,-1.953873754E0,2.671006024E-1
2.952367964E1,2.631605268E-1,-2.027177334E0,2.390008271E-1
2.952602677E1,2.558301687E-1,-2.079711676E0,2.060141265E-1
2.952837458E1,2.594953477E-1,-2.085820436E0,1.632536054E-1
2.953072156E1,2.717126310E-1,-2.041838169E0,1.119409576E-1
2.953306786E1,2.875951231E-1,-1.947765112E0,5.696313456E-2
2.953541500E1,3.059210479E-1,-1.798714042E0,-2.901607426E-3
2.953776281E1,3.181383610E-1,-1.602015615E0,-6.765326858E-2
2.954010979E1,3.327991068E-1,-1.384547830E0,-1.287397295E-1
2.954245609E1,3.254687190E-1,-1.129206419E0,-1.922696680E-1
2.954480312E1,3.059210479E-1,-8.701997399E-1,-2.619082332E-1
2.954715099E1,2.753778398E-1,-6.197451949E-1,-3.339902759E-1
2.954949802E1,2.203999907E-1,-3.741775751E-1,-4.207330644E-1
2.955184432E1,1.593135148E-1,-1.567097008E-1,-5.123628378E-1
2.955419135E1,8.967494220E-2,2.166279033E-2,-6.088794470E-1
2.955653922E1,2.125809528E-2,1.560530365E-1,-7.127264142E-1
2.955888620E1,-6.426296383E-2,2.696738541E-1,-8.214603662E-1
2.956123250E1,-1.448971033E-1,3.417558968E-1,-9.301942587E-1
2.956357964E1,-2.267529815E-1,3.845164180E-1,-1.031597733E0
2.956592745E1,-3.122740388E-1,3.942902386E-1,-1.119562268E0
2.956827443E1,-4.014602900E-1,3.942902386E-1,-1.187979102E0
2.957062073E1,-4.894248247E-1,3.735208511E-1,-1.228296161E0
2.957296786E1,-5.663937926E-1,3.258734047E-1,-1.244178653E0
2.957531568E1,-6.360323429E-1,2.647869587E-1,-1.245400429E0
2.957766266E1,-6.849015355E-1,1.865962744E-1,-1.234404802E0
2.958000896E1,-7.337706685E-1,1.059621200E-1,-1.211192012E0
2.958235599E1,-7.777529359E-1,2.044105902E-2,-1.173318386E0
2.958470385E1,-8.254004121E-1,-5.164097995E-2,-1.120784044E0
2.958705089E1,-8.779347539E-1,-1.151709035E-1,-1.054810643E0
2.958939719E1,-9.365777969E-1,-1.677052677E-1,-9.741765261E-1
2.959174422E1,-9.988859296E-1,-2.129092515E-1,-8.959858418E-1
2.959409208E1,-1.058750749E0,-2.617784441E-1,-8.190168738E-1
2.959643906E1,-1.116172075E0,-3.179780245E-1,-7.469348907E-1
2.959878536E1,-1.167484760E0,-3.815079331E-1,-6.797397733E-1
2.960113250E1,-1.216353893E0,-4.560334384E-1,-6.137663722E-1
2.960348031E1,-1.268888235E0,-5.403327942E-1,-5.490146875E-1
2.960582729E1,-1.318979144E0,-6.173017025E-1,-4.781543612E-1
2.960817359E1,-1.360517979E0,-7.028228045E-1,-3.865246475E-1
2.961052073E1,-1.389839411E0,-7.736830711E-1,-2.753472626E-1
2.961286854E1,-1.397169828E0,-8.176653385E-1,-1.580612361E-1
2.961521552E1,-1.384952545E0,-8.311043978E-1,-3.955348954E-2
2.961756182E1,-1.354409337E0,-8.115566969E-1,7.773253322E-2
2.961990885E1,-1.304318428E0,-7.639092803E-1,1.974620223E-1
2.962225672E1,-1.246897101E0,-6.820533872E-1,3.098611236E-1
2.962460375E1,-1.182145476E0,-5.769846439E-1,4.185950458E-1
2.962695005E1,-1.103954792E0,-4.609203637E-1,5.273289680E-1
2.962929708E1,-1.024542332E0,-3.216432035E-1,6.323976517E-1
2.963164495E1,-9.512385130E-1,-1.701487303E-1,7.118101120E-1
2.963399198E1,-8.718261123E-1,-3.820195049E-2,7.631227374E-1
2.963633823E1,-7.924137115E-1,5.831466988E-2,7.936659455E-1
2.963868536E1,-7.166664600E-1,1.132925078E-1,8.168787956E-1
2.964103318E1,-6.580234766E-1,1.450574696E-1,8.327612877E-1
2.964338016E1,-6.115977764E-1,1.462791860E-1,8.486437798E-1
2.964572646E1,-5.688372254E-1,1.071838513E-1,8.779652715E-1
2.964807349E1,-5.419591665E-1,4.365392029E-2,9.182823896E-1
2.965042141E1,-5.309635997E-1,-4.797578603E-2,9.744819403E-1
2.965276838E1,-5.260766745E-1,-1.542662382E-1,1.049007416E0
2.965511469E1,-5.346288085E-1,-2.654436529E-1,1.132085085E0
2.965746172E1,-5.529547334E-1,-3.888383210E-1,1.204167128E0
2.965980958E1,-5.688372254E-1,-5.268937349E-1,1.256701469E0
2.966215661E1,-5.883848667E-1,-6.820533872E-1,1.282357812E0
2.966450286E1,-6.250367761E-1,-8.311043978E-1,1.279914379E0
2.966685000E1,-6.665755510E-1,-9.532773495E-1,1.281136036E0
2.966919781E1,-7.142230272E-1,-1.055902600E0,1.275027394E0
2.967154479E1,-7.655356526E-1,-1.147532344E0,1.254258037E0
2.967389109E1,-8.070744872E-1,-1.246492386E0,1.233488679E0
2.967623823E1,-8.583871126E-1,-1.311244011E0,1.211497545E0
2.967858604E1,-9.133649468E-1,-1.341787338E0,1.189506412E0
2.968093302E1,-9.732297063E-1,-1.335678697E0,1.172402143E0
2.968327932E1,-1.037981391E0,-1.291696429E0,1.162628293E0
2.968562635E1,-1.107620001E0,-1.215949178E0,1.163850069E0
2.968797427E1,-1.172371626E0,-1.132871509E0,1.173623919E0
2.969032125E1,-1.232236385E0,-1.047350526E0,1.182175994E0
2.969266755E1,-1.281105518E0,-9.667163491E-1,1.195615053E0
2.969501458E1,-1.325087786E0,-8.848604560E-1,1.209053993E0
2.969736245E1,-1.362961411E0,-7.920090556E-1,1.218827844E0
2.969970948E1,-1.395948172E0,-6.893837452E-1,1.224936485E0
2.970205573E1,-1.426491380E0,-5.843150616E-1,1.231045127E0
2.970440286E1,-1.448482513E0,-4.780245721E-1,1.237153769E0
2.970675068E1,-1.469251871E0,-3.717341125E-1,1.240818977E0
2.970909766E1,-1.497351646E0,-2.617784441E-1,1.243262410E0
2.971144396E1,-1.519342780E0,-1.713704467E-1,1.244484186E0
2.971379109E1,-1.542555690E0,-9.562323242E-2,1.245705962E0
2.971613891E1,-1.570655465E0,-4.431059957E-2,1.244484186E0
2.971848589E1,-1.607307315E0,-1.132390462E-2,1.243262410E0
2.972083219E1,-1.639072299E0,2.115119249E-3,1.246927619E0
2.972317922E1,-1.661063433E0,-3.698022291E-2,1.250592828E0
2.972552708E1,-1.658620000E0,-1.677052677E-1,1.265253544E0
2.972787411E1,-1.673280716E0,-2.544480860E-1,1.276249170E0
2.973022042E1,-1.713597775E0,-2.678871155E-1,1.283579588E0
2.973256745E1,-1.777127743E0,-2.422307730E-1,1.279914379E0
2.973491531E1,-1.829662085E0,-2.214613557E-1,1.275027394E0
2.973726234E1,-1.883418202E0,-1.945833266E-1,1.270140529E0
2.973960859E1,-1.942061186E0,-1.652618051E-1,1.264031887E0
2.974195573E1,-2.005590916E0,-1.298316717E-1,1.257923245E0
2.974430354E1,-2.088668585E0,-6.263654679E-2,1.249371052E0
2.974665052E1,-2.172967911E0,2.532797679E-2,1.239597321E0
2.974899682E1,-2.243828297E0,1.194011495E-1,1.234710336E0
2.975134396E1,-2.313466787E0,2.489044666E-1,1.229823470E0
2.975369177E1,-2.372109890E0,3.881815970E-1,1.228601694E0
2.975603875E1,-2.424644232E0,5.445629954E-1,1.227379918E0
2.975838505E1,-2.478400230E0,7.107181549E-1,1.222493052E0
2.976073208E1,-2.535821676E0,8.890906572E-1,1.211497545E0
2.976307995E1,-2.611568689E0,1.078458786E0,1.184619427E0
2.976542698E1,-2.705641985E0,1.250722647E0,1.119867802E0
2.976777328E1,-2.803380251E0,1.421764731E0,1.045342326E0
2.977012031E1,-2.892566681E0,1.598915458E0,9.903643727E-1
2.977246818E1,-2.970757246E0,1.774844527E0,9.549342394E-1
2.977481521E1,-3.030622005E0,1.922673821E0,9.414952397E-1
2.977716146E1,-3.068495512E0,2.049733877E0,9.414952397E-1
2.977950859E1,-3.070939064E0,2.140141726E0,9.512690902E-1
2.978185641E1,-3.051391363E0,2.195119619E0,9.683732986E-1
2.978420338E1,-3.019626379E0,2.213445425E0,9.818122983E-1
2.978654969E1,-2.975644112E0,2.200006485E0,9.915861487E-1
2.978889682E1,-2.929218531E0,2.158467770E0,9.964730144E-1
2.979124464E1,-2.890123129E0,2.105933428E0,9.976947904E-1
2.979359161E1,-2.846140862E0,2.053398848E0,1.001360059E0
2.979593792E1,-2.796049833E0,2.016746998E0,1.003803492E0
2.979828495E1,-2.736185312E0,1.986203790E0,1.007468700E0
2.980063281E1,-2.681207418E0,1.951995254E0,1.007468700E0
2.980297984E1,-2.638446808E0,1.936112761E0,9.989165664E-1
2.980532615E1,-2.587134123E0,1.899460912E0,9.903643727E-1
2.980767318E1,-2.557812691E0,1.868917704E0,9.744819403E-1
2.981002104E1,-2.537043333E0,1.818826795E0,9.585994482E-1
2.981236807E1,-2.538264990E0,1.766292453E0,9.378300309E-1
2.981471432E1,-2.566364765E0,1.697875619E0,9.182823896E-1
2.981706146E1,-2.622564316E0,1.623350024E0,8.950694799E-1
2.981940927E1,-2.692203045E0,1.552489758E0,8.730784059E-1
2.982175625E1,-2.767950058E0,1.487738132E0,8.535307050E-1
2.982410255E1,-2.858358145E0,1.441312432E0,8.339830041E-1
2.982644969E1,-2.941435814E0,1.420542955E0,8.144353628E-1
2.982879750E1,-3.020848036E0,1.429095149E0,7.936659455E-1
2.983114448E1,-3.091708422E0,1.447421074E0,7.728965878E-1
2.983349078E1,-3.149129629E0,1.485294700E0,7.496836782E-1
2.983583781E1,-3.193111897E0,1.508507490E0,7.301360369E-1
2.983818568E1,-3.237094164E0,1.545159340E0,7.093666196E-1
2.984053271E1,-3.259085417E0,1.569594026E0,6.849320531E-1
2.984287901E1,-3.257863760E0,1.594028592E0,6.629409194E-1
2.984522604E1,-3.239537716E0,1.612354517E0,6.409497857E-1
2.984757391E1,-3.212659597E0,1.625793576E0,6.214020848E-1
2.984992094E1,-3.177229643E0,1.609911084E0,6.018544436E-1
2.985226719E1,-3.127138615E0,1.561041832E0,5.908588767E-1
2.985461432E1,-3.073382616E0,1.497511983E0,5.908588767E-1
2.985696214E1,-3.020848036E0,1.426651597E0,6.055196524E-1
2.985930911E1,-2.964648485E0,1.353347898E0,6.189586520E-1
2.986165542E1,-2.885236263E0,1.223844528E0,6.189586520E-1
2.986400245E1,-2.781389236E0,1.035698175E0,6.006327271E-1
2.986635036E1,-2.678763866E0,8.426649570E-1,5.664243102E-1
2.986869734E1,-2.563921452E0,6.361926794E-1,5.285506845E-1
2.987104365E1,-2.444191933E0,4.199465811E-1,4.967857301E-1
2.987339068E1,-2.336679697E0,2.159177661E-1,4.723511636E-1
2.987573854E1,-2.238941431E0,3.998873010E-2,4.564686716E-1
2.987808557E1,-2.154641867E0,-9.806669503E-2,4.503600299E-1
2.988043188E1,-2.098442316E0,-1.762573719E-1,4.479165673E-1
2.988277891E1,-2.047129869E0,-2.446742356E-1,4.540252090E-1
2.988512677E1,-2.014142990E0,-2.801043987E-1,4.589121342E-1
2.988747380E1,-1.998260617E0,-2.788826823E-1,4.503600299E-1
2.988982005E1,-1.995817304E0,-2.593349814E-1,4.344775379E-1
2.989216719E1,-1.988486886E0,-2.458959818E-1,4.198167920E-1
2.989451500E1,-1.981156468E0,-2.458959818E-1,4.137081206E-1
2.989686198E1,-1.978713155E0,-2.617784441E-1,4.112646878E-1
2.989920828E1,-1.972604394E0,-2.996520698E-1,4.100429416E-1
2.990155531E1,-1.960387111E0,-3.668471873E-1,4.149298668E-1
2.990390323E1,-1.946948051E0,-4.474813342E-1,4.222602546E-1
2.990625021E1,-1.928622127E0,-5.427762270E-1,4.259254336E-1
2.990859651E1,-1.905409336E0,-6.344059110E-1,4.332558215E-1
2.991094354E1,-1.879752994E0,-7.284790874E-1,4.442513585E-1
2.991329141E1,-1.839435935E0,-8.311043978E-1,4.686859548E-1
2.991563844E1,-1.793010235E0,-9.386165738E-1,4.918988049E-1
2.991798474E1,-1.734367132E0,-1.041241884E0,5.053378344E-1
2.992033177E1,-1.667172074E0,-1.123097658E0,4.918988049E-1
2.992267964E1,-1.637850523E0,-1.160971284E0,4.552469254E-1
2.992502667E1,-1.617081165E0,-1.187849402E0,4.271471500E-1
2.992737292E1,-1.613415956E0,-1.191514611E0,4.075994790E-1
2.992972005E1,-1.626855016E0,-1.169523478E0,3.941604793E-1
2.993206786E1,-1.653733015E0,-1.131649852E0,3.904952705E-1
2.993441484E1,-1.684276223E0,-1.080337167E0,3.978256583E-1
2.993676115E1,-1.716041207E0,-1.020472407E0,4.149298668E-1
2.993910818E1,-1.746584415E0,-9.471686482E-1,4.344775379E-1
2.994145609E1,-1.757580042E0,-8.811953068E-1,4.662424922E-1
2.994380307E1,-1.768575549E0,-8.103349805E-1,4.992292225E-1
2.994614938E1,-1.760023475E0,-7.406964302E-1,5.334376097E-1
2.994849641E1,-1.736810684E0,-6.649491787E-1,5.737546682E-1
2.995084427E1,-1.700158715E0,-5.867584944E-1,6.177369356E-1
2.995319130E1,-1.653733015E0,-5.073460340E-1,6.690495610E-1
2.995553755E1,-1.590203047E0,-4.267119467E-1,7.289143205E-1
2.995788469E1,-1.518121004E0,-3.656254709E-1,7.887790203E-1
2.996023250E1,-1.431378245E0,-3.253083825E-1,8.486437798E-1
2.996257948E1,-1.343413711E0,-2.910999656E-1,9.036216140E-1
2.996492578E1,-1.240788460E0,-2.776609361E-1,9.573777318E-1
2.996727292E1,-1.133276343E0,-2.678871155E-1,1.005025268E0
2.996962073E1,-1.015990138E0,-2.715522945E-1,1.044120550E0
2.997196771E1,-8.974824548E-1,-2.788826823E-1,1.072220325E0
2.997431401E1,-7.777529359E-1,-2.959868908E-1,1.095433235E0
2.997666104E1,-6.616886854E-1,-3.216432035E-1,1.113759160E0
2.997900896E1,-5.615068674E-1,-3.375256956E-1,1.124754667E0
2.998135594E1,-4.710988700E-1,-3.460777998E-1,1.134528518E0
2.998370224E1,-3.916864395E-1,-3.301953077E-1,1.140637159E0
2.998604927E1,-3.342651725E-1,-2.862130404E-1,1.136971951E0
2.998839714E1,-2.939481139E-1,-2.129092515E-1,1.123533010E0
2.999074417E1,-2.634048760E-1,-1.212795600E-1,1.099098325E0
2.999309042E1,-2.463006526E-1,-1.498909295E-2,1.070998549E0
2.999543755E1,-2.438572198E-1,8.885791153E-2,1.040455341E0
2.999778536E1,-2.475223988E-1,1.829310954E-1,1.006246924E0
